225 20 3 2 15
3 Clusters:
0 10 2 0
1 0 3 6
1 4 2 6
1 1 3 6
1 2 3 6
2 12 1 12
2 12 8 12
2 11 4 12
2 11 11 12
2 12 10 12
2 8 6 12
2 11 0 12
2 12 11 12
3 3 13 14
3 1 10 14
3 11 12 14
3 0 9 14
3 3 11 14
3 6 13 14
3 2 10 14
270 Arcs:
10 2 0 3 11
10 2 4 2 6
10 2 1 3 10
10 2 2 3 9
10 2 12 1 3
10 2 12 8 8
10 2 11 4 3
10 2 11 11 10
10 2 12 10 10
10 2 8 6 6
10 2 11 0 3
10 2 12 11 11
10 2 3 13 18
10 2 1 10 17
10 2 11 12 11
10 2 0 9 17
10 2 3 11 16
10 2 6 13 15
10 2 2 10 16
0 3 10 2 11
4 2 10 2 6
1 3 10 2 10
2 3 10 2 9
0 3 12 1 14
0 3 12 8 17
0 3 11 4 12
0 3 11 11 19
0 3 12 10 19
0 3 8 6 11
0 3 11 0 14
0 3 12 11 20
4 2 12 1 9
4 2 12 8 14
4 2 11 4 9
4 2 11 11 16
4 2 12 10 16
4 2 8 6 8
4 2 11 0 9
4 2 12 11 17
1 3 12 1 13
1 3 12 8 16
1 3 11 4 11
1 3 11 11 18
1 3 12 10 18
1 3 8 6 10
1 3 11 0 13
1 3 12 11 19
2 3 12 1 12
2 3 12 8 15
2 3 11 4 10
2 3 11 11 17
2 3 12 10 17
2 3 8 6 9
2 3 11 0 12
2 3 12 11 18
0 3 3 13 13
0 3 1 10 8
0 3 11 12 20
0 3 0 9 6
0 3 3 11 11
0 3 6 13 16
0 3 2 10 9
4 2 3 13 12
4 2 1 10 11
4 2 11 12 17
4 2 0 9 11
4 2 3 11 10
4 2 6 13 13
4 2 2 10 10
1 3 3 13 12
1 3 1 10 7
1 3 11 12 19
1 3 0 9 7
1 3 3 11 10
1 3 6 13 15
1 3 2 10 8
2 3 3 13 11
2 3 1 10 8
2 3 11 12 18
2 3 0 9 8
2 3 3 11 9
2 3 6 13 14
2 3 2 10 7
12 1 10 2 3
12 8 10 2 8
11 4 10 2 3
11 11 10 2 10
12 10 10 2 10
8 6 10 2 6
11 0 10 2 3
12 11 10 2 11
12 1 0 3 14
12 1 4 2 9
12 1 1 3 13
12 1 2 3 12
12 8 0 3 17
12 8 4 2 14
12 8 1 3 16
12 8 2 3 15
11 4 0 3 12
11 4 4 2 9
11 4 1 3 11
11 4 2 3 10
11 11 0 3 19
11 11 4 2 16
11 11 1 3 18
11 11 2 3 17
12 10 0 3 19
12 10 4 2 16
12 10 1 3 18
12 10 2 3 17
8 6 0 3 11
8 6 4 2 8
8 6 1 3 10
8 6 2 3 9
11 0 0 3 14
11 0 4 2 9
11 0 1 3 13
11 0 2 3 12
12 11 0 3 20
12 11 4 2 17
12 11 1 3 19
12 11 2 3 18
12 1 3 13 21
12 1 1 10 20
12 1 11 12 12
12 1 0 9 20
12 1 3 11 19
12 1 6 13 18
12 1 2 10 19
12 8 3 13 14
12 8 1 10 13
12 8 11 12 5
12 8 0 9 13
12 8 3 11 12
12 8 6 13 11
12 8 2 10 12
11 4 3 13 17
11 4 1 10 16
11 4 11 12 8
11 4 0 9 16
11 4 3 11 15
11 4 6 13 14
11 4 2 10 15
11 11 3 13 10
11 11 1 10 11
11 11 11 12 1
11 11 0 9 13
11 11 3 11 8
11 11 6 13 7
11 11 2 10 10
12 10 3 13 12
12 10 1 10 11
12 10 11 12 3
12 10 0 9 13
12 10 3 11 10
12 10 6 13 9
12 10 2 10 10
8 6 3 13 12
8 6 1 10 11
8 6 11 12 9
8 6 0 9 11
8 6 3 11 10
8 6 6 13 9
8 6 2 10 10
11 0 3 13 21
11 0 1 10 20
11 0 11 12 12
11 0 0 9 20
11 0 3 11 19
11 0 6 13 18
11 0 2 10 19
12 11 3 13 11
12 11 1 10 12
12 11 11 12 2
12 11 0 9 14
12 11 3 11 9
12 11 6 13 8
12 11 2 10 11
3 13 10 2 18
1 10 10 2 17
11 12 10 2 11
0 9 10 2 17
3 11 10 2 16
6 13 10 2 15
2 10 10 2 16
3 13 0 3 13
3 13 4 2 12
3 13 1 3 12
3 13 2 3 11
1 10 0 3 8
1 10 4 2 11
1 10 1 3 7
1 10 2 3 8
11 12 0 3 20
11 12 4 2 17
11 12 1 3 19
11 12 2 3 18
0 9 0 3 6
0 9 4 2 11
0 9 1 3 7
0 9 2 3 8
3 11 0 3 11
3 11 4 2 10
3 11 1 3 10
3 11 2 3 9
6 13 0 3 16
6 13 4 2 13
6 13 1 3 15
6 13 2 3 14
2 10 0 3 9
2 10 4 2 10
2 10 1 3 8
2 10 2 3 7
3 13 12 1 21
3 13 12 8 14
3 13 11 4 17
3 13 11 11 10
3 13 12 10 12
3 13 8 6 12
3 13 11 0 21
3 13 12 11 11
1 10 12 1 20
1 10 12 8 13
1 10 11 4 16
1 10 11 11 11
1 10 12 10 11
1 10 8 6 11
1 10 11 0 20
1 10 12 11 12
11 12 12 1 12
11 12 12 8 5
11 12 11 4 8
11 12 11 11 1
11 12 12 10 3
11 12 8 6 9
11 12 11 0 12
11 12 12 11 2
0 9 12 1 20
0 9 12 8 13
0 9 11 4 16
0 9 11 11 13
0 9 12 10 13
0 9 8 6 11
0 9 11 0 20
0 9 12 11 14
3 11 12 1 19
3 11 12 8 12
3 11 11 4 15
3 11 11 11 8
3 11 12 10 10
3 11 8 6 10
3 11 11 0 19
3 11 12 11 9
6 13 12 1 18
6 13 12 8 11
6 13 11 4 14
6 13 11 11 7
6 13 12 10 9
6 13 8 6 9
6 13 11 0 18
6 13 12 11 8
2 10 12 1 19
2 10 12 8 12
2 10 11 4 15
2 10 11 11 10
2 10 12 10 10
2 10 8 6 10
2 10 11 0 19
2 10 12 11 11