400 30 4 3 20
4 Clusters:
0 19 13 0
1 1 2 1
1 7 4 1
1 1 8 1
1 7 6 1
1 2 3 1
1 9 8 1
1 3 2 1
1 7 0 1
1 4 4 1
1 6 8 1
2 19 2 8
2 16 1 8
2 14 2 8
2 10 4 8
2 11 3 8
2 19 7 8
2 10 3 8
3 1 19 17
3 9 18 17
3 1 12 17
3 3 11 17
3 4 14 17
3 1 18 17
3 3 13 17
3 9 12 17
3 7 12 17
3 4 11 17
4 11 19 7
4 11 14 7
646 Arcs:
19 13 1 2 29
19 13 7 4 21
19 13 1 8 23
19 13 7 6 19
19 13 2 3 27
19 13 9 8 15
19 13 3 2 27
19 13 7 0 25
19 13 4 4 24
19 13 6 8 18
19 13 19 2 11
19 13 16 1 15
19 13 14 2 16
19 13 10 4 18
19 13 11 3 18
19 13 19 7 6
19 13 10 3 19
19 13 1 19 24
19 13 9 18 15
19 13 1 12 19
19 13 3 11 18
19 13 4 14 16
19 13 1 18 23
19 13 3 13 16
19 13 9 12 11
19 13 7 12 13
19 13 4 11 17
19 13 11 19 14
19 13 11 14 9
1 2 19 13 29
7 4 19 13 21
1 8 19 13 23
7 6 19 13 19
2 3 19 13 27
9 8 19 13 15
3 2 19 13 27
7 0 19 13 25
4 4 19 13 24
6 8 19 13 18
1 2 19 2 18
1 2 16 1 16
1 2 14 2 13
1 2 10 4 11
1 2 11 3 11
1 2 19 7 23
1 2 10 3 10
7 4 19 2 14
7 4 16 1 12
7 4 14 2 9
7 4 10 4 3
7 4 11 3 5
7 4 19 7 15
7 4 10 3 4
1 8 19 2 24
1 8 16 1 22
1 8 14 2 19
1 8 10 4 13
1 8 11 3 15
1 8 19 7 19
1 8 10 3 14
7 6 19 2 16
7 6 16 1 14
7 6 14 2 11
7 6 10 4 5
7 6 11 3 7
7 6 19 7 13
7 6 10 3 6
2 3 19 2 18
2 3 16 1 16
2 3 14 2 13
2 3 10 4 9
2 3 11 3 9
2 3 19 7 21
2 3 10 3 8
9 8 19 2 16
9 8 16 1 14
9 8 14 2 11
9 8 10 4 5
9 8 11 3 7
9 8 19 7 11
9 8 10 3 6
3 2 19 2 16
3 2 16 1 14
3 2 14 2 11
3 2 10 4 9
3 2 11 3 9
3 2 19 7 21
3 2 10 3 8
7 0 19 2 14
7 0 16 1 10
7 0 14 2 9
7 0 10 4 7
7 0 11 3 7
7 0 19 7 19
7 0 10 3 6
4 4 19 2 17
4 4 16 1 15
4 4 14 2 12
4 4 10 4 6
4 4 11 3 8
4 4 19 7 18
4 4 10 3 7
6 8 19 2 19
6 8 16 1 17
6 8 14 2 14
6 8 10 4 8
6 8 11 3 10
6 8 19 7 14
6 8 10 3 9
1 2 1 19 17
1 2 9 18 24
1 2 1 12 10
1 2 3 11 11
1 2 4 14 15
1 2 1 18 16
1 2 3 13 13
1 2 9 12 18
1 2 7 12 16
1 2 4 11 12
7 4 1 19 21
7 4 9 18 16
7 4 1 12 14
7 4 3 11 11
7 4 4 14 13
7 4 1 18 20
7 4 3 13 13
7 4 9 12 10
7 4 7 12 8
7 4 4 11 10
1 8 1 19 11
1 8 9 18 18
1 8 1 12 4
1 8 3 11 5
1 8 4 14 9
1 8 1 18 10
1 8 3 13 7
1 8 9 12 12
1 8 7 12 10
1 8 4 11 6
7 6 1 19 19
7 6 9 18 14
7 6 1 12 12
7 6 3 11 9
7 6 4 14 11
7 6 1 18 18
7 6 3 13 11
7 6 9 12 8
7 6 7 12 6
7 6 4 11 8
2 3 1 19 17
2 3 9 18 22
2 3 1 12 10
2 3 3 11 9
2 3 4 14 13
2 3 1 18 16
2 3 3 13 11
2 3 9 12 16
2 3 7 12 14
2 3 4 11 10
9 8 1 19 19
9 8 9 18 10
9 8 1 12 12
9 8 3 11 9
9 8 4 14 11
9 8 1 18 18
9 8 3 13 11
9 8 9 12 4
9 8 7 12 6
9 8 4 11 8
3 2 1 19 19
3 2 9 18 22
3 2 1 12 12
3 2 3 11 9
3 2 4 14 13
3 2 1 18 18
3 2 3 13 11
3 2 9 12 16
3 2 7 12 14
3 2 4 11 10
7 0 1 19 25
7 0 9 18 20
7 0 1 12 18
7 0 3 11 15
7 0 4 14 17
7 0 1 18 24
7 0 3 13 17
7 0 9 12 14
7 0 7 12 12
7 0 4 11 14
4 4 1 19 18
4 4 9 18 19
4 4 1 12 11
4 4 3 11 8
4 4 4 14 10
4 4 1 18 17
4 4 3 13 10
4 4 9 12 13
4 4 7 12 11
4 4 4 11 7
6 8 1 19 16
6 8 9 18 13
6 8 1 12 9
6 8 3 11 6
6 8 4 14 8
6 8 1 18 15
6 8 3 13 8
6 8 9 12 7
6 8 7 12 5
6 8 4 11 5
1 2 11 19 27
1 2 11 14 22
7 4 11 19 19
7 4 11 14 14
1 8 11 19 21
1 8 11 14 16
7 6 11 19 17
7 6 11 14 12
2 3 11 19 25
2 3 11 14 20
9 8 11 19 13
9 8 11 14 8
3 2 11 19 25
3 2 11 14 20
7 0 11 19 23
7 0 11 14 18
4 4 11 19 22
4 4 11 14 17
6 8 11 19 16
6 8 11 14 11
19 2 19 13 11
16 1 19 13 15
14 2 19 13 16
10 4 19 13 18
11 3 19 13 18
19 7 19 13 6
10 3 19 13 19
19 2 1 2 18
19 2 7 4 14
19 2 1 8 24
19 2 7 6 16
19 2 2 3 18
19 2 9 8 16
19 2 3 2 16
19 2 7 0 14
19 2 4 4 17
19 2 6 8 19
16 1 1 2 16
16 1 7 4 12
16 1 1 8 22
16 1 7 6 14
16 1 2 3 16
16 1 9 8 14
16 1 3 2 14
16 1 7 0 10
16 1 4 4 15
16 1 6 8 17
14 2 1 2 13
14 2 7 4 9
14 2 1 8 19
14 2 7 6 11
14 2 2 3 13
14 2 9 8 11
14 2 3 2 11
14 2 7 0 9
14 2 4 4 12
14 2 6 8 14
10 4 1 2 11
10 4 7 4 3
10 4 1 8 13
10 4 7 6 5
10 4 2 3 9
10 4 9 8 5
10 4 3 2 9
10 4 7 0 7
10 4 4 4 6
10 4 6 8 8
11 3 1 2 11
11 3 7 4 5
11 3 1 8 15
11 3 7 6 7
11 3 2 3 9
11 3 9 8 7
11 3 3 2 9
11 3 7 0 7
11 3 4 4 8
11 3 6 8 10
19 7 1 2 23
19 7 7 4 15
19 7 1 8 19
19 7 7 6 13
19 7 2 3 21
19 7 9 8 11
19 7 3 2 21
19 7 7 0 19
19 7 4 4 18
19 7 6 8 14
10 3 1 2 10
10 3 7 4 4
10 3 1 8 14
10 3 7 6 6
10 3 2 3 8
10 3 9 8 6
10 3 3 2 8
10 3 7 0 6
10 3 4 4 7
10 3 6 8 9
19 2 1 19 35
19 2 9 18 26
19 2 1 12 28
19 2 3 11 25
19 2 4 14 27
19 2 1 18 34
19 2 3 13 27
19 2 9 12 20
19 2 7 12 22
19 2 4 11 24
16 1 1 19 33
16 1 9 18 24
16 1 1 12 26
16 1 3 11 23
16 1 4 14 25
16 1 1 18 32
16 1 3 13 25
16 1 9 12 18
16 1 7 12 20
16 1 4 11 22
14 2 1 19 30
14 2 9 18 21
14 2 1 12 23
14 2 3 11 20
14 2 4 14 22
14 2 1 18 29
14 2 3 13 22
14 2 9 12 15
14 2 7 12 17
14 2 4 11 19
10 4 1 19 24
10 4 9 18 15
10 4 1 12 17
10 4 3 11 14
10 4 4 14 16
10 4 1 18 23
10 4 3 13 16
10 4 9 12 9
10 4 7 12 11
10 4 4 11 13
11 3 1 19 26
11 3 9 18 17
11 3 1 12 19
11 3 3 11 16
11 3 4 14 18
11 3 1 18 25
11 3 3 13 18
11 3 9 12 11
11 3 7 12 13
11 3 4 11 15
19 7 1 19 30
19 7 9 18 21
19 7 1 12 23
19 7 3 11 20
19 7 4 14 22
19 7 1 18 29
19 7 3 13 22
19 7 9 12 15
19 7 7 12 17
19 7 4 11 19
10 3 1 19 25
10 3 9 18 16
10 3 1 12 18
10 3 3 11 15
10 3 4 14 17
10 3 1 18 24
10 3 3 13 17
10 3 9 12 10
10 3 7 12 12
10 3 4 11 14
19 2 11 19 25
19 2 11 14 20
16 1 11 19 23
16 1 11 14 18
14 2 11 19 20
14 2 11 14 15
10 4 11 19 16
10 4 11 14 11
11 3 11 19 16
11 3 11 14 11
19 7 11 19 20
19 7 11 14 15
10 3 11 19 17
10 3 11 14 12
1 19 19 13 24
9 18 19 13 15
1 12 19 13 19
3 11 19 13 18
4 14 19 13 16
1 18 19 13 23
3 13 19 13 16
9 12 19 13 11
7 12 19 13 13
4 11 19 13 17
1 19 1 2 17
1 19 7 4 21
1 19 1 8 11
1 19 7 6 19
1 19 2 3 17
1 19 9 8 19
1 19 3 2 19
1 19 7 0 25
1 19 4 4 18
1 19 6 8 16
9 18 1 2 24
9 18 7 4 16
9 18 1 8 18
9 18 7 6 14
9 18 2 3 22
9 18 9 8 10
9 18 3 2 22
9 18 7 0 20
9 18 4 4 19
9 18 6 8 13
1 12 1 2 10
1 12 7 4 14
1 12 1 8 4
1 12 7 6 12
1 12 2 3 10
1 12 9 8 12
1 12 3 2 12
1 12 7 0 18
1 12 4 4 11
1 12 6 8 9
3 11 1 2 11
3 11 7 4 11
3 11 1 8 5
3 11 7 6 9
3 11 2 3 9
3 11 9 8 9
3 11 3 2 9
3 11 7 0 15
3 11 4 4 8
3 11 6 8 6
4 14 1 2 15
4 14 7 4 13
4 14 1 8 9
4 14 7 6 11
4 14 2 3 13
4 14 9 8 11
4 14 3 2 13
4 14 7 0 17
4 14 4 4 10
4 14 6 8 8
1 18 1 2 16
1 18 7 4 20
1 18 1 8 10
1 18 7 6 18
1 18 2 3 16
1 18 9 8 18
1 18 3 2 18
1 18 7 0 24
1 18 4 4 17
1 18 6 8 15
3 13 1 2 13
3 13 7 4 13
3 13 1 8 7
3 13 7 6 11
3 13 2 3 11
3 13 9 8 11
3 13 3 2 11
3 13 7 0 17
3 13 4 4 10
3 13 6 8 8
9 12 1 2 18
9 12 7 4 10
9 12 1 8 12
9 12 7 6 8
9 12 2 3 16
9 12 9 8 4
9 12 3 2 16
9 12 7 0 14
9 12 4 4 13
9 12 6 8 7
7 12 1 2 16
7 12 7 4 8
7 12 1 8 10
7 12 7 6 6
7 12 2 3 14
7 12 9 8 6
7 12 3 2 14
7 12 7 0 12
7 12 4 4 11
7 12 6 8 5
4 11 1 2 12
4 11 7 4 10
4 11 1 8 6
4 11 7 6 8
4 11 2 3 10
4 11 9 8 8
4 11 3 2 10
4 11 7 0 14
4 11 4 4 7
4 11 6 8 5
1 19 19 2 35
1 19 16 1 33
1 19 14 2 30
1 19 10 4 24
1 19 11 3 26
1 19 19 7 30
1 19 10 3 25
9 18 19 2 26
9 18 16 1 24
9 18 14 2 21
9 18 10 4 15
9 18 11 3 17
9 18 19 7 21
9 18 10 3 16
1 12 19 2 28
1 12 16 1 26
1 12 14 2 23
1 12 10 4 17
1 12 11 3 19
1 12 19 7 23
1 12 10 3 18
3 11 19 2 25
3 11 16 1 23
3 11 14 2 20
3 11 10 4 14
3 11 11 3 16
3 11 19 7 20
3 11 10 3 15
4 14 19 2 27
4 14 16 1 25
4 14 14 2 22
4 14 10 4 16
4 14 11 3 18
4 14 19 7 22
4 14 10 3 17
1 18 19 2 34
1 18 16 1 32
1 18 14 2 29
1 18 10 4 23
1 18 11 3 25
1 18 19 7 29
1 18 10 3 24
3 13 19 2 27
3 13 16 1 25
3 13 14 2 22
3 13 10 4 16
3 13 11 3 18
3 13 19 7 22
3 13 10 3 17
9 12 19 2 20
9 12 16 1 18
9 12 14 2 15
9 12 10 4 9
9 12 11 3 11
9 12 19 7 15
9 12 10 3 10
7 12 19 2 22
7 12 16 1 20
7 12 14 2 17
7 12 10 4 11
7 12 11 3 13
7 12 19 7 17
7 12 10 3 12
4 11 19 2 24
4 11 16 1 22
4 11 14 2 19
4 11 10 4 13
4 11 11 3 15
4 11 19 7 19
4 11 10 3 14
1 19 11 19 10
1 19 11 14 15
9 18 11 19 3
9 18 11 14 6
1 12 11 19 17
1 12 11 14 12
3 11 11 19 16
3 11 11 14 11
4 14 11 19 12
4 14 11 14 7
1 18 11 19 11
1 18 11 14 14
3 13 11 19 14
3 13 11 14 9
9 12 11 19 9
9 12 11 14 4
7 12 11 19 11
7 12 11 14 6
4 11 11 19 15
4 11 11 14 10
11 19 19 13 14
11 14 19 13 9
11 19 1 2 27
11 19 7 4 19
11 19 1 8 21
11 19 7 6 17
11 19 2 3 25
11 19 9 8 13
11 19 3 2 25
11 19 7 0 23
11 19 4 4 22
11 19 6 8 16
11 14 1 2 22
11 14 7 4 14
11 14 1 8 16
11 14 7 6 12
11 14 2 3 20
11 14 9 8 8
11 14 3 2 20
11 14 7 0 18
11 14 4 4 17
11 14 6 8 11
11 19 19 2 25
11 19 16 1 23
11 19 14 2 20
11 19 10 4 16
11 19 11 3 16
11 19 19 7 20
11 19 10 3 17
11 14 19 2 20
11 14 16 1 18
11 14 14 2 15
11 14 10 4 11
11 14 11 3 11
11 14 19 7 15
11 14 10 3 12
11 19 1 19 10
11 19 9 18 3
11 19 1 12 17
11 19 3 11 16
11 19 4 14 12
11 19 1 18 11
11 19 3 13 14
11 19 9 12 9
11 19 7 12 11
11 19 4 11 15
11 14 1 19 15
11 14 9 18 6
11 14 1 12 12
11 14 3 11 11
11 14 4 14 7
11 14 1 18 14
11 14 3 13 9
11 14 9 12 4
11 14 7 12 6
11 14 4 11 10