1225 60 7 4 35
7 Clusters:
0 28 2 0
1 0 1 32
1 2 13 32
1 7 1 32
1 4 8 32
1 7 0 32
1 3 14 32
1 4 6 32
2 32 1 35
2 31 1 35
2 30 3 35
3 2 26 7
3 6 25 7
3 3 21 7
3 2 19 7
3 5 23 7
4 32 34 8
4 32 30 8
4 21 32 8
4 18 34 8
4 21 31 8
4 20 31 8
4 34 23 8
4 34 21 8
5 18 18 19
5 4 20 19
5 17 24 19
5 22 24 19
5 30 19 19
5 16 19 19
5 17 11 19
5 17 31 19
5 15 12 19
5 12 23 19
5 8 24 19
5 10 13 19
5 9 13 19
5 9 24 19
5 16 29 19
5 27 19 19
5 9 19 19
5 5 19 19
5 20 28 19
5 31 16 19
5 6 20 19
5 12 28 19
6 16 5 28
6 17 0 28
6 6 6 28
6 12 4 28
6 7 5 28
6 5 5 28
7 23 7 17
7 27 1 17
7 32 12 17
7 23 3 17
7 22 4 17
7 29 12 17
7 30 7 17
7 31 12 17
2868 Arcs:
28 2 0 1 29
28 2 2 13 37
28 2 7 1 22
28 2 4 8 30
28 2 7 0 23
28 2 3 14 37
28 2 4 6 28
28 2 32 1 5
28 2 31 1 4
28 2 30 3 3
28 2 2 26 50
28 2 6 25 45
28 2 3 21 44
28 2 2 19 43
28 2 5 23 44
28 2 32 34 36
28 2 32 30 32
28 2 21 32 37
28 2 18 34 42
28 2 21 31 36
28 2 20 31 37
28 2 34 23 27
28 2 34 21 25
28 2 18 18 26
28 2 4 20 42
28 2 17 24 33
28 2 22 24 28
28 2 30 19 19
28 2 16 19 29
28 2 17 11 20
28 2 17 31 40
28 2 15 12 23
28 2 12 23 37
28 2 8 24 42
28 2 10 13 29
28 2 9 13 30
28 2 9 24 41
28 2 16 29 39
28 2 27 19 18
28 2 9 19 36
28 2 5 19 40
28 2 20 28 34
28 2 31 16 17
28 2 6 20 40
28 2 12 28 42
28 2 16 5 15
28 2 17 0 13
28 2 6 6 26
28 2 12 4 18
28 2 7 5 24
28 2 5 5 26
28 2 23 7 10
28 2 27 1 2
28 2 32 12 14
28 2 23 3 6
28 2 22 4 8
28 2 29 12 11
28 2 30 7 7
28 2 31 12 13
0 1 28 2 29
2 13 28 2 37
7 1 28 2 22
4 8 28 2 30
7 0 28 2 23
3 14 28 2 37
4 6 28 2 28
0 1 32 1 32
0 1 31 1 31
0 1 30 3 32
2 13 32 1 42
2 13 31 1 41
2 13 30 3 38
7 1 32 1 25
7 1 31 1 24
7 1 30 3 25
4 8 32 1 35
4 8 31 1 34
4 8 30 3 31
7 0 32 1 26
7 0 31 1 25
7 0 30 3 26
3 14 32 1 42
3 14 31 1 41
3 14 30 3 38
4 6 32 1 33
4 6 31 1 32
4 6 30 3 29
0 1 2 26 27
0 1 6 25 30
0 1 3 21 23
0 1 2 19 20
0 1 5 23 27
2 13 2 26 13
2 13 6 25 16
2 13 3 21 9
2 13 2 19 6
2 13 5 23 13
7 1 2 26 30
7 1 6 25 25
7 1 3 21 24
7 1 2 19 23
7 1 5 23 24
4 8 2 26 20
4 8 6 25 19
4 8 3 21 14
4 8 2 19 13
4 8 5 23 16
7 0 2 26 31
7 0 6 25 26
7 0 3 21 25
7 0 2 19 24
7 0 5 23 25
3 14 2 26 13
3 14 6 25 14
3 14 3 21 7
3 14 2 19 6
3 14 5 23 11
4 6 2 26 22
4 6 6 25 21
4 6 3 21 16
4 6 2 19 15
4 6 5 23 18
0 1 32 34 65
0 1 32 30 61
0 1 21 32 52
0 1 18 34 51
0 1 21 31 51
0 1 20 31 50
0 1 34 23 56
0 1 34 21 54
2 13 32 34 51
2 13 32 30 47
2 13 21 32 38
2 13 18 34 37
2 13 21 31 37
2 13 20 31 36
2 13 34 23 42
2 13 34 21 40
7 1 32 34 58
7 1 32 30 54
7 1 21 32 45
7 1 18 34 44
7 1 21 31 44
7 1 20 31 43
7 1 34 23 49
7 1 34 21 47
4 8 32 34 54
4 8 32 30 50
4 8 21 32 41
4 8 18 34 40
4 8 21 31 40
4 8 20 31 39
4 8 34 23 45
4 8 34 21 43
7 0 32 34 59
7 0 32 30 55
7 0 21 32 46
7 0 18 34 45
7 0 21 31 45
7 0 20 31 44
7 0 34 23 50
7 0 34 21 48
3 14 32 34 49
3 14 32 30 45
3 14 21 32 36
3 14 18 34 35
3 14 21 31 35
3 14 20 31 34
3 14 34 23 40
3 14 34 21 38
4 6 32 34 56
4 6 32 30 52
4 6 21 32 43
4 6 18 34 42
4 6 21 31 42
4 6 20 31 41
4 6 34 23 47
4 6 34 21 45
0 1 18 18 35
0 1 4 20 23
0 1 17 24 40
0 1 22 24 45
0 1 30 19 48
0 1 16 19 34
0 1 17 11 27
0 1 17 31 47
0 1 15 12 26
0 1 12 23 34
0 1 8 24 31
0 1 10 13 22
0 1 9 13 21
0 1 9 24 32
0 1 16 29 44
0 1 27 19 45
0 1 9 19 27
0 1 5 19 23
0 1 20 28 47
0 1 31 16 46
0 1 6 20 25
0 1 12 28 39
2 13 18 18 21
2 13 4 20 9
2 13 17 24 26
2 13 22 24 31
2 13 30 19 34
2 13 16 19 20
2 13 17 11 17
2 13 17 31 33
2 13 15 12 14
2 13 12 23 20
2 13 8 24 17
2 13 10 13 8
2 13 9 13 7
2 13 9 24 18
2 13 16 29 30
2 13 27 19 31
2 13 9 19 13
2 13 5 19 9
2 13 20 28 33
2 13 31 16 32
2 13 6 20 11
2 13 12 28 25
7 1 18 18 28
7 1 4 20 22
7 1 17 24 33
7 1 22 24 38
7 1 30 19 41
7 1 16 19 27
7 1 17 11 20
7 1 17 31 40
7 1 15 12 19
7 1 12 23 27
7 1 8 24 24
7 1 10 13 15
7 1 9 13 14
7 1 9 24 25
7 1 16 29 37
7 1 27 19 38
7 1 9 19 20
7 1 5 19 20
7 1 20 28 40
7 1 31 16 39
7 1 6 20 20
7 1 12 28 32
4 8 18 18 24
4 8 4 20 12
4 8 17 24 29
4 8 22 24 34
4 8 30 19 37
4 8 16 19 23
4 8 17 11 16
4 8 17 31 36
4 8 15 12 15
4 8 12 23 23
4 8 8 24 20
4 8 10 13 11
4 8 9 13 10
4 8 9 24 21
4 8 16 29 33
4 8 27 19 34
4 8 9 19 16
4 8 5 19 12
4 8 20 28 36
4 8 31 16 35
4 8 6 20 14
4 8 12 28 28
7 0 18 18 29
7 0 4 20 23
7 0 17 24 34
7 0 22 24 39
7 0 30 19 42
7 0 16 19 28
7 0 17 11 21
7 0 17 31 41
7 0 15 12 20
7 0 12 23 28
7 0 8 24 25
7 0 10 13 16
7 0 9 13 15
7 0 9 24 26
7 0 16 29 38
7 0 27 19 39
7 0 9 19 21
7 0 5 19 21
7 0 20 28 41
7 0 31 16 40
7 0 6 20 21
7 0 12 28 33
3 14 18 18 19
3 14 4 20 7
3 14 17 24 24
3 14 22 24 29
3 14 30 19 32
3 14 16 19 18
3 14 17 11 17
3 14 17 31 31
3 14 15 12 14
3 14 12 23 18
3 14 8 24 15
3 14 10 13 8
3 14 9 13 7
3 14 9 24 16
3 14 16 29 28
3 14 27 19 29
3 14 9 19 11
3 14 5 19 7
3 14 20 28 31
3 14 31 16 30
3 14 6 20 9
3 14 12 28 23
4 6 18 18 26
4 6 4 20 14
4 6 17 24 31
4 6 22 24 36
4 6 30 19 39
4 6 16 19 25
4 6 17 11 18
4 6 17 31 38
4 6 15 12 17
4 6 12 23 25
4 6 8 24 22
4 6 10 13 13
4 6 9 13 12
4 6 9 24 23
4 6 16 29 35
4 6 27 19 36
4 6 9 19 18
4 6 5 19 14
4 6 20 28 38
4 6 31 16 37
4 6 6 20 16
4 6 12 28 30
0 1 16 5 20
0 1 17 0 18
0 1 6 6 11
0 1 12 4 15
0 1 7 5 11
0 1 5 5 9
2 13 16 5 22
2 13 17 0 28
2 13 6 6 11
2 13 12 4 19
2 13 7 5 13
2 13 5 5 11
7 1 16 5 13
7 1 17 0 11
7 1 6 6 6
7 1 12 4 8
7 1 7 5 4
7 1 5 5 6
4 8 16 5 15
4 8 17 0 21
4 8 6 6 4
4 8 12 4 12
4 8 7 5 6
4 8 5 5 4
7 0 16 5 14
7 0 17 0 10
7 0 6 6 7
7 0 12 4 9
7 0 7 5 5
7 0 5 5 7
3 14 16 5 22
3 14 17 0 28
3 14 6 6 11
3 14 12 4 19
3 14 7 5 13
3 14 5 5 11
4 6 16 5 13
4 6 17 0 19
4 6 6 6 2
4 6 12 4 10
4 6 7 5 4
4 6 5 5 2
0 1 23 7 29
0 1 27 1 27
0 1 32 12 43
0 1 23 3 25
0 1 22 4 25
0 1 29 12 40
0 1 30 7 36
0 1 31 12 42
2 13 23 7 27
2 13 27 1 37
2 13 32 12 31
2 13 23 3 31
2 13 22 4 29
2 13 29 12 28
2 13 30 7 34
2 13 31 12 30
7 1 23 7 22
7 1 27 1 20
7 1 32 12 36
7 1 23 3 18
7 1 22 4 18
7 1 29 12 33
7 1 30 7 29
7 1 31 12 35
4 8 23 7 20
4 8 27 1 30
4 8 32 12 32
4 8 23 3 24
4 8 22 4 22
4 8 29 12 29
4 8 30 7 27
4 8 31 12 31
7 0 23 7 23
7 0 27 1 21
7 0 32 12 37
7 0 23 3 19
7 0 22 4 19
7 0 29 12 34
7 0 30 7 30
7 0 31 12 36
3 14 23 7 27
3 14 27 1 37
3 14 32 12 31
3 14 23 3 31
3 14 22 4 29
3 14 29 12 28
3 14 30 7 34
3 14 31 12 30
4 6 23 7 20
4 6 27 1 28
4 6 32 12 34
4 6 23 3 22
4 6 22 4 20
4 6 29 12 31
4 6 30 7 27
4 6 31 12 33
32 1 28 2 5
31 1 28 2 4
30 3 28 2 3
32 1 0 1 32
32 1 2 13 42
32 1 7 1 25
32 1 4 8 35
32 1 7 0 26
32 1 3 14 42
32 1 4 6 33
31 1 0 1 31
31 1 2 13 41
31 1 7 1 24
31 1 4 8 34
31 1 7 0 25
31 1 3 14 41
31 1 4 6 32
30 3 0 1 32
30 3 2 13 38
30 3 7 1 25
30 3 4 8 31
30 3 7 0 26
30 3 3 14 38
30 3 4 6 29
32 1 2 26 55
32 1 6 25 50
32 1 3 21 49
32 1 2 19 48
32 1 5 23 49
31 1 2 26 54
31 1 6 25 49
31 1 3 21 48
31 1 2 19 47
31 1 5 23 48
30 3 2 26 51
30 3 6 25 46
30 3 3 21 45
30 3 2 19 44
30 3 5 23 45
32 1 32 34 33
32 1 32 30 29
32 1 21 32 42
32 1 18 34 47
32 1 21 31 41
32 1 20 31 42
32 1 34 23 24
32 1 34 21 22
31 1 32 34 34
31 1 32 30 30
31 1 21 32 41
31 1 18 34 46
31 1 21 31 40
31 1 20 31 41
31 1 34 23 25
31 1 34 21 23
30 3 32 34 33
30 3 32 30 29
30 3 21 32 38
30 3 18 34 43
30 3 21 31 37
30 3 20 31 38
30 3 34 23 24
30 3 34 21 22
32 1 18 18 31
32 1 4 20 47
32 1 17 24 38
32 1 22 24 33
32 1 30 19 20
32 1 16 19 34
32 1 17 11 25
32 1 17 31 45
32 1 15 12 28
32 1 12 23 42
32 1 8 24 47
32 1 10 13 34
32 1 9 13 35
32 1 9 24 46
32 1 16 29 44
32 1 27 19 23
32 1 9 19 41
32 1 5 19 45
32 1 20 28 39
32 1 31 16 16
32 1 6 20 45
32 1 12 28 47
31 1 18 18 30
31 1 4 20 46
31 1 17 24 37
31 1 22 24 32
31 1 30 19 19
31 1 16 19 33
31 1 17 11 24
31 1 17 31 44
31 1 15 12 27
31 1 12 23 41
31 1 8 24 46
31 1 10 13 33
31 1 9 13 34
31 1 9 24 45
31 1 16 29 43
31 1 27 19 22
31 1 9 19 40
31 1 5 19 44
31 1 20 28 38
31 1 31 16 15
31 1 6 20 44
31 1 12 28 46
30 3 18 18 27
30 3 4 20 43
30 3 17 24 34
30 3 22 24 29
30 3 30 19 16
30 3 16 19 30
30 3 17 11 21
30 3 17 31 41
30 3 15 12 24
30 3 12 23 38
30 3 8 24 43
30 3 10 13 30
30 3 9 13 31
30 3 9 24 42
30 3 16 29 40
30 3 27 19 19
30 3 9 19 37
30 3 5 19 41
30 3 20 28 35
30 3 31 16 14
30 3 6 20 41
30 3 12 28 43
32 1 16 5 20
32 1 17 0 16
32 1 6 6 31
32 1 12 4 23
32 1 7 5 29
32 1 5 5 31
31 1 16 5 19
31 1 17 0 15
31 1 6 6 30
31 1 12 4 22
31 1 7 5 28
31 1 5 5 30
30 3 16 5 16
30 3 17 0 16
30 3 6 6 27
30 3 12 4 19
30 3 7 5 25
30 3 5 5 27
32 1 23 7 15
32 1 27 1 5
32 1 32 12 11
32 1 23 3 11
32 1 22 4 13
32 1 29 12 14
32 1 30 7 8
32 1 31 12 12
31 1 23 7 14
31 1 27 1 4
31 1 32 12 12
31 1 23 3 10
31 1 22 4 12
31 1 29 12 13
31 1 30 7 7
31 1 31 12 11
30 3 23 7 11
30 3 27 1 5
30 3 32 12 11
30 3 23 3 7
30 3 22 4 9
30 3 29 12 10
30 3 30 7 4
30 3 31 12 10
2 26 28 2 50
6 25 28 2 45
3 21 28 2 44
2 19 28 2 43
5 23 28 2 44
2 26 0 1 27
2 26 2 13 13
2 26 7 1 30
2 26 4 8 20
2 26 7 0 31
2 26 3 14 13
2 26 4 6 22
6 25 0 1 30
6 25 2 13 16
6 25 7 1 25
6 25 4 8 19
6 25 7 0 26
6 25 3 14 14
6 25 4 6 21
3 21 0 1 23
3 21 2 13 9
3 21 7 1 24
3 21 4 8 14
3 21 7 0 25
3 21 3 14 7
3 21 4 6 16
2 19 0 1 20
2 19 2 13 6
2 19 7 1 23
2 19 4 8 13
2 19 7 0 24
2 19 3 14 6
2 19 4 6 15
5 23 0 1 27
5 23 2 13 13
5 23 7 1 24
5 23 4 8 16
5 23 7 0 25
5 23 3 14 11
5 23 4 6 18
2 26 32 1 55
2 26 31 1 54
2 26 30 3 51
6 25 32 1 50
6 25 31 1 49
6 25 30 3 46
3 21 32 1 49
3 21 31 1 48
3 21 30 3 45
2 19 32 1 48
2 19 31 1 47
2 19 30 3 44
5 23 32 1 49
5 23 31 1 48
5 23 30 3 45
2 26 32 34 38
2 26 32 30 34
2 26 21 32 25
2 26 18 34 24
2 26 21 31 24
2 26 20 31 23
2 26 34 23 35
2 26 34 21 37
6 25 32 34 35
6 25 32 30 31
6 25 21 32 22
6 25 18 34 21
6 25 21 31 21
6 25 20 31 20
6 25 34 23 30
6 25 34 21 32
3 21 32 34 42
3 21 32 30 38
3 21 21 32 29
3 21 18 34 28
3 21 21 31 28
3 21 20 31 27
3 21 34 23 33
3 21 34 21 31
2 19 32 34 45
2 19 32 30 41
2 19 21 32 32
2 19 18 34 31
2 19 21 31 31
2 19 20 31 30
2 19 34 23 36
2 19 34 21 34
5 23 32 34 38
5 23 32 30 34
5 23 21 32 25
5 23 18 34 24
5 23 21 31 24
5 23 20 31 23
5 23 34 23 29
5 23 34 21 31
2 26 18 18 24
2 26 4 20 8
2 26 17 24 17
2 26 22 24 22
2 26 30 19 35
2 26 16 19 21
2 26 17 11 30
2 26 17 31 20
2 26 15 12 27
2 26 12 23 13
2 26 8 24 8
2 26 10 13 21
2 26 9 13 20
2 26 9 24 9
2 26 16 29 17
2 26 27 19 32
2 26 9 19 14
2 26 5 19 10
2 26 20 28 20
2 26 31 16 39
2 26 6 20 10
2 26 12 28 12
6 25 18 18 19
6 25 4 20 7
6 25 17 24 12
6 25 22 24 17
6 25 30 19 30
6 25 16 19 16
6 25 17 11 25
6 25 17 31 17
6 25 15 12 22
6 25 12 23 8
6 25 8 24 3
6 25 10 13 16
6 25 9 13 15
6 25 9 24 4
6 25 16 29 14
6 25 27 19 27
6 25 9 19 9
6 25 5 19 7
6 25 20 28 17
6 25 31 16 34
6 25 6 20 5
6 25 12 28 9
3 21 18 18 18
3 21 4 20 2
3 21 17 24 17
3 21 22 24 22
3 21 30 19 29
3 21 16 19 15
3 21 17 11 24
3 21 17 31 24
3 21 15 12 21
3 21 12 23 11
3 21 8 24 8
3 21 10 13 15
3 21 9 13 14
3 21 9 24 9
3 21 16 29 21
3 21 27 19 26
3 21 9 19 8
3 21 5 19 4
3 21 20 28 24
3 21 31 16 33
3 21 6 20 4
3 21 12 28 16
2 19 18 18 17
2 19 4 20 3
2 19 17 24 20
2 19 22 24 25
2 19 30 19 28
2 19 16 19 14
2 19 17 11 23
2 19 17 31 27
2 19 15 12 20
2 19 12 23 14
2 19 8 24 11
2 19 10 13 14
2 19 9 13 13
2 19 9 24 12
2 19 16 29 24
2 19 27 19 25
2 19 9 19 7
2 19 5 19 3
2 19 20 28 27
2 19 31 16 32
2 19 6 20 5
2 19 12 28 19
5 23 18 18 18
5 23 4 20 4
5 23 17 24 13
5 23 22 24 18
5 23 30 19 29
5 23 16 19 15
5 23 17 11 24
5 23 17 31 20
5 23 15 12 21
5 23 12 23 7
5 23 8 24 4
5 23 10 13 15
5 23 9 13 14
5 23 9 24 5
5 23 16 29 17
5 23 27 19 26
5 23 9 19 8
5 23 5 19 4
5 23 20 28 20
5 23 31 16 33
5 23 6 20 4
5 23 12 28 12
2 26 16 5 35
2 26 17 0 41
2 26 6 6 24
2 26 12 4 32
2 26 7 5 26
2 26 5 5 24
6 25 16 5 30
6 25 17 0 36
6 25 6 6 19
6 25 12 4 27
6 25 7 5 21
6 25 5 5 21
3 21 16 5 29
3 21 17 0 35
3 21 6 6 18
3 21 12 4 26
3 21 7 5 20
3 21 5 5 18
2 19 16 5 28
2 19 17 0 34
2 19 6 6 17
2 19 12 4 25
2 19 7 5 19
2 19 5 5 17
5 23 16 5 29
5 23 17 0 35
5 23 6 6 18
5 23 12 4 26
5 23 7 5 20
5 23 5 5 18
2 26 23 7 40
2 26 27 1 50
2 26 32 12 44
2 26 23 3 44
2 26 22 4 42
2 26 29 12 41
2 26 30 7 47
2 26 31 12 43
6 25 23 7 35
6 25 27 1 45
6 25 32 12 39
6 25 23 3 39
6 25 22 4 37
6 25 29 12 36
6 25 30 7 42
6 25 31 12 38
3 21 23 7 34
3 21 27 1 44
3 21 32 12 38
3 21 23 3 38
3 21 22 4 36
3 21 29 12 35
3 21 30 7 41
3 21 31 12 37
2 19 23 7 33
2 19 27 1 43
2 19 32 12 37
2 19 23 3 37
2 19 22 4 35
2 19 29 12 34
2 19 30 7 40
2 19 31 12 36
5 23 23 7 34
5 23 27 1 44
5 23 32 12 38
5 23 23 3 38
5 23 22 4 36
5 23 29 12 35
5 23 30 7 41
5 23 31 12 37
32 34 28 2 36
32 30 28 2 32
21 32 28 2 37
18 34 28 2 42
21 31 28 2 36
20 31 28 2 37
34 23 28 2 27
34 21 28 2 25
32 34 0 1 65
32 34 2 13 51
32 34 7 1 58
32 34 4 8 54
32 34 7 0 59
32 34 3 14 49
32 34 4 6 56
32 30 0 1 61
32 30 2 13 47
32 30 7 1 54
32 30 4 8 50
32 30 7 0 55
32 30 3 14 45
32 30 4 6 52
21 32 0 1 52
21 32 2 13 38
21 32 7 1 45
21 32 4 8 41
21 32 7 0 46
21 32 3 14 36
21 32 4 6 43
18 34 0 1 51
18 34 2 13 37
18 34 7 1 44
18 34 4 8 40
18 34 7 0 45
18 34 3 14 35
18 34 4 6 42
21 31 0 1 51
21 31 2 13 37
21 31 7 1 44
21 31 4 8 40
21 31 7 0 45
21 31 3 14 35
21 31 4 6 42
20 31 0 1 50
20 31 2 13 36
20 31 7 1 43
20 31 4 8 39
20 31 7 0 44
20 31 3 14 34
20 31 4 6 41
34 23 0 1 56
34 23 2 13 42
34 23 7 1 49
34 23 4 8 45
34 23 7 0 50
34 23 3 14 40
34 23 4 6 47
34 21 0 1 54
34 21 2 13 40
34 21 7 1 47
34 21 4 8 43
34 21 7 0 48
34 21 3 14 38
34 21 4 6 45
32 34 32 1 33
32 34 31 1 34
32 34 30 3 33
32 30 32 1 29
32 30 31 1 30
32 30 30 3 29
21 32 32 1 42
21 32 31 1 41
21 32 30 3 38
18 34 32 1 47
18 34 31 1 46
18 34 30 3 43
21 31 32 1 41
21 31 31 1 40
21 31 30 3 37
20 31 32 1 42
20 31 31 1 41
20 31 30 3 38
34 23 32 1 24
34 23 31 1 25
34 23 30 3 24
34 21 32 1 22
34 21 31 1 23
34 21 30 3 22
32 34 2 26 38
32 34 6 25 35
32 34 3 21 42
32 34 2 19 45
32 34 5 23 38
32 30 2 26 34
32 30 6 25 31
32 30 3 21 38
32 30 2 19 41
32 30 5 23 34
21 32 2 26 25
21 32 6 25 22
21 32 3 21 29
21 32 2 19 32
21 32 5 23 25
18 34 2 26 24
18 34 6 25 21
18 34 3 21 28
18 34 2 19 31
18 34 5 23 24
21 31 2 26 24
21 31 6 25 21
21 31 3 21 28
21 31 2 19 31
21 31 5 23 24
20 31 2 26 23
20 31 6 25 20
20 31 3 21 27
20 31 2 19 30
20 31 5 23 23
34 23 2 26 35
34 23 6 25 30
34 23 3 21 33
34 23 2 19 36
34 23 5 23 29
34 21 2 26 37
34 21 6 25 32
34 21 3 21 31
34 21 2 19 34
34 21 5 23 31
32 34 18 18 30
32 34 4 20 42
32 34 17 24 25
32 34 22 24 20
32 34 30 19 17
32 34 16 19 31
32 34 17 11 38
32 34 17 31 18
32 34 15 12 39
32 34 12 23 31
32 34 8 24 34
32 34 10 13 43
32 34 9 13 44
32 34 9 24 33
32 34 16 29 21
32 34 27 19 20
32 34 9 19 38
32 34 5 19 42
32 34 20 28 18
32 34 31 16 19
32 34 6 20 40
32 34 12 28 26
32 30 18 18 26
32 30 4 20 38
32 30 17 24 21
32 30 22 24 16
32 30 30 19 13
32 30 16 19 27
32 30 17 11 34
32 30 17 31 16
32 30 15 12 35
32 30 12 23 27
32 30 8 24 30
32 30 10 13 39
32 30 9 13 40
32 30 9 24 29
32 30 16 29 17
32 30 27 19 16
32 30 9 19 34
32 30 5 19 38
32 30 20 28 14
32 30 31 16 15
32 30 6 20 36
32 30 12 28 22
21 32 18 18 17
21 32 4 20 29
21 32 17 24 12
21 32 22 24 9
21 32 30 19 22
21 32 16 19 18
21 32 17 11 25
21 32 17 31 5
21 32 15 12 26
21 32 12 23 18
21 32 8 24 21
21 32 10 13 30
21 32 9 13 31
21 32 9 24 20
21 32 16 29 8
21 32 27 19 19
21 32 9 19 25
21 32 5 19 29
21 32 20 28 5
21 32 31 16 26
21 32 6 20 27
21 32 12 28 13
18 34 18 18 16
18 34 4 20 28
18 34 17 24 11
18 34 22 24 14
18 34 30 19 27
18 34 16 19 17
18 34 17 11 24
18 34 17 31 4
18 34 15 12 25
18 34 12 23 17
18 34 8 24 20
18 34 10 13 29
18 34 9 13 30
18 34 9 24 19
18 34 16 29 7
18 34 27 19 24
18 34 9 19 24
18 34 5 19 28
18 34 20 28 8
18 34 31 16 31
18 34 6 20 26
18 34 12 28 12
21 31 18 18 16
21 31 4 20 28
21 31 17 24 11
21 31 22 24 8
21 31 30 19 21
21 31 16 19 17
21 31 17 11 24
21 31 17 31 4
21 31 15 12 25
21 31 12 23 17
21 31 8 24 20
21 31 10 13 29
21 31 9 13 30
21 31 9 24 19
21 31 16 29 7
21 31 27 19 18
21 31 9 19 24
21 31 5 19 28
21 31 20 28 4
21 31 31 16 25
21 31 6 20 26
21 31 12 28 12
20 31 18 18 15
20 31 4 20 27
20 31 17 24 10
20 31 22 24 9
20 31 30 19 22
20 31 16 19 16
20 31 17 11 23
20 31 17 31 3
20 31 15 12 24
20 31 12 23 16
20 31 8 24 19
20 31 10 13 28
20 31 9 13 29
20 31 9 24 18
20 31 16 29 6
20 31 27 19 19
20 31 9 19 23
20 31 5 19 27
20 31 20 28 3
20 31 31 16 26
20 31 6 20 25
20 31 12 28 11
34 23 18 18 21
34 23 4 20 33
34 23 17 24 18
34 23 22 24 13
34 23 30 19 8
34 23 16 19 22
34 23 17 11 29
34 23 17 31 25
34 23 15 12 30
34 23 12 23 22
34 23 8 24 27
34 23 10 13 34
34 23 9 13 35
34 23 9 24 26
34 23 16 29 24
34 23 27 19 11
34 23 9 19 29
34 23 5 19 33
34 23 20 28 19
34 23 31 16 10
34 23 6 20 31
34 23 12 28 27
34 21 18 18 19
34 21 4 20 31
34 21 17 24 20
34 21 22 24 15
34 21 30 19 6
34 21 16 19 20
34 21 17 11 27
34 21 17 31 27
34 21 15 12 28
34 21 12 23 24
34 21 8 24 29
34 21 10 13 32
34 21 9 13 33
34 21 9 24 28
34 21 16 29 26
34 21 27 19 9
34 21 9 19 27
34 21 5 19 31
34 21 20 28 21
34 21 31 16 8
34 21 6 20 29
34 21 12 28 29
32 34 16 5 45
32 34 17 0 49
32 34 6 6 54
32 34 12 4 50
32 34 7 5 54
32 34 5 5 56
32 30 16 5 41
32 30 17 0 45
32 30 6 6 50
32 30 12 4 46
32 30 7 5 50
32 30 5 5 52
21 32 16 5 32
21 32 17 0 36
21 32 6 6 41
21 32 12 4 37
21 32 7 5 41
21 32 5 5 43
18 34 16 5 31
18 34 17 0 35
18 34 6 6 40
18 34 12 4 36
18 34 7 5 40
18 34 5 5 42
21 31 16 5 31
21 31 17 0 35
21 31 6 6 40
21 31 12 4 36
21 31 7 5 40
21 31 5 5 42
20 31 16 5 30
20 31 17 0 34
20 31 6 6 39
20 31 12 4 35
20 31 7 5 39
20 31 5 5 41
34 23 16 5 36
34 23 17 0 40
34 23 6 6 45
34 23 12 4 41
34 23 7 5 45
34 23 5 5 47
34 21 16 5 34
34 21 17 0 38
34 21 6 6 43
34 21 12 4 39
34 21 7 5 43
34 21 5 5 45
32 34 23 7 36
32 34 27 1 38
32 34 32 12 22
32 34 23 3 40
32 34 22 4 40
32 34 29 12 25
32 34 30 7 29
32 34 31 12 23
32 30 23 7 32
32 30 27 1 34
32 30 32 12 18
32 30 23 3 36
32 30 22 4 36
32 30 29 12 21
32 30 30 7 25
32 30 31 12 19
21 32 23 7 27
21 32 27 1 37
21 32 32 12 31
21 32 23 3 31
21 32 22 4 29
21 32 29 12 28
21 32 30 7 34
21 32 31 12 30
18 34 23 7 32
18 34 27 1 42
18 34 32 12 36
18 34 23 3 36
18 34 22 4 34
18 34 29 12 33
18 34 30 7 39
18 34 31 12 35
21 31 23 7 26
21 31 27 1 36
21 31 32 12 30
21 31 23 3 30
21 31 22 4 28
21 31 29 12 27
21 31 30 7 33
21 31 31 12 29
20 31 23 7 27
20 31 27 1 37
20 31 32 12 31
20 31 23 3 31
20 31 22 4 29
20 31 29 12 28
20 31 30 7 34
20 31 31 12 30
34 23 23 7 27
34 23 27 1 29
34 23 32 12 13
34 23 23 3 31
34 23 22 4 31
34 23 29 12 16
34 23 30 7 20
34 23 31 12 14
34 21 23 7 25
34 21 27 1 27
34 21 32 12 11
34 21 23 3 29
34 21 22 4 29
34 21 29 12 14
34 21 30 7 18
34 21 31 12 12
18 18 28 2 26
4 20 28 2 42
17 24 28 2 33
22 24 28 2 28
30 19 28 2 19
16 19 28 2 29
17 11 28 2 20
17 31 28 2 40
15 12 28 2 23
12 23 28 2 37
8 24 28 2 42
10 13 28 2 29
9 13 28 2 30
9 24 28 2 41
16 29 28 2 39
27 19 28 2 18
9 19 28 2 36
5 19 28 2 40
20 28 28 2 34
31 16 28 2 17
6 20 28 2 40
12 28 28 2 42
18 18 0 1 35
18 18 2 13 21
18 18 7 1 28
18 18 4 8 24
18 18 7 0 29
18 18 3 14 19
18 18 4 6 26
4 20 0 1 23
4 20 2 13 9
4 20 7 1 22
4 20 4 8 12
4 20 7 0 23
4 20 3 14 7
4 20 4 6 14
17 24 0 1 40
17 24 2 13 26
17 24 7 1 33
17 24 4 8 29
17 24 7 0 34
17 24 3 14 24
17 24 4 6 31
22 24 0 1 45
22 24 2 13 31
22 24 7 1 38
22 24 4 8 34
22 24 7 0 39
22 24 3 14 29
22 24 4 6 36
30 19 0 1 48
30 19 2 13 34
30 19 7 1 41
30 19 4 8 37
30 19 7 0 42
30 19 3 14 32
30 19 4 6 39
16 19 0 1 34
16 19 2 13 20
16 19 7 1 27
16 19 4 8 23
16 19 7 0 28
16 19 3 14 18
16 19 4 6 25
17 11 0 1 27
17 11 2 13 17
17 11 7 1 20
17 11 4 8 16
17 11 7 0 21
17 11 3 14 17
17 11 4 6 18
17 31 0 1 47
17 31 2 13 33
17 31 7 1 40
17 31 4 8 36
17 31 7 0 41
17 31 3 14 31
17 31 4 6 38
15 12 0 1 26
15 12 2 13 14
15 12 7 1 19
15 12 4 8 15
15 12 7 0 20
15 12 3 14 14
15 12 4 6 17
12 23 0 1 34
12 23 2 13 20
12 23 7 1 27
12 23 4 8 23
12 23 7 0 28
12 23 3 14 18
12 23 4 6 25
8 24 0 1 31
8 24 2 13 17
8 24 7 1 24
8 24 4 8 20
8 24 7 0 25
8 24 3 14 15
8 24 4 6 22
10 13 0 1 22
10 13 2 13 8
10 13 7 1 15
10 13 4 8 11
10 13 7 0 16
10 13 3 14 8
10 13 4 6 13
9 13 0 1 21
9 13 2 13 7
9 13 7 1 14
9 13 4 8 10
9 13 7 0 15
9 13 3 14 7
9 13 4 6 12
9 24 0 1 32
9 24 2 13 18
9 24 7 1 25
9 24 4 8 21
9 24 7 0 26
9 24 3 14 16
9 24 4 6 23
16 29 0 1 44
16 29 2 13 30
16 29 7 1 37
16 29 4 8 33
16 29 7 0 38
16 29 3 14 28
16 29 4 6 35
27 19 0 1 45
27 19 2 13 31
27 19 7 1 38
27 19 4 8 34
27 19 7 0 39
27 19 3 14 29
27 19 4 6 36
9 19 0 1 27
9 19 2 13 13
9 19 7 1 20
9 19 4 8 16
9 19 7 0 21
9 19 3 14 11
9 19 4 6 18
5 19 0 1 23
5 19 2 13 9
5 19 7 1 20
5 19 4 8 12
5 19 7 0 21
5 19 3 14 7
5 19 4 6 14
20 28 0 1 47
20 28 2 13 33
20 28 7 1 40
20 28 4 8 36
20 28 7 0 41
20 28 3 14 31
20 28 4 6 38
31 16 0 1 46
31 16 2 13 32
31 16 7 1 39
31 16 4 8 35
31 16 7 0 40
31 16 3 14 30
31 16 4 6 37
6 20 0 1 25
6 20 2 13 11
6 20 7 1 20
6 20 4 8 14
6 20 7 0 21
6 20 3 14 9
6 20 4 6 16
12 28 0 1 39
12 28 2 13 25
12 28 7 1 32
12 28 4 8 28
12 28 7 0 33
12 28 3 14 23
12 28 4 6 30
18 18 32 1 31
18 18 31 1 30
18 18 30 3 27
4 20 32 1 47
4 20 31 1 46
4 20 30 3 43
17 24 32 1 38
17 24 31 1 37
17 24 30 3 34
22 24 32 1 33
22 24 31 1 32
22 24 30 3 29
30 19 32 1 20
30 19 31 1 19
30 19 30 3 16
16 19 32 1 34
16 19 31 1 33
16 19 30 3 30
17 11 32 1 25
17 11 31 1 24
17 11 30 3 21
17 31 32 1 45
17 31 31 1 44
17 31 30 3 41
15 12 32 1 28
15 12 31 1 27
15 12 30 3 24
12 23 32 1 42
12 23 31 1 41
12 23 30 3 38
8 24 32 1 47
8 24 31 1 46
8 24 30 3 43
10 13 32 1 34
10 13 31 1 33
10 13 30 3 30
9 13 32 1 35
9 13 31 1 34
9 13 30 3 31
9 24 32 1 46
9 24 31 1 45
9 24 30 3 42
16 29 32 1 44
16 29 31 1 43
16 29 30 3 40
27 19 32 1 23
27 19 31 1 22
27 19 30 3 19
9 19 32 1 41
9 19 31 1 40
9 19 30 3 37
5 19 32 1 45
5 19 31 1 44
5 19 30 3 41
20 28 32 1 39
20 28 31 1 38
20 28 30 3 35
31 16 32 1 16
31 16 31 1 15
31 16 30 3 14
6 20 32 1 45
6 20 31 1 44
6 20 30 3 41
12 28 32 1 47
12 28 31 1 46
12 28 30 3 43
18 18 2 26 24
18 18 6 25 19
18 18 3 21 18
18 18 2 19 17
18 18 5 23 18
4 20 2 26 8
4 20 6 25 7
4 20 3 21 2
4 20 2 19 3
4 20 5 23 4
17 24 2 26 17
17 24 6 25 12
17 24 3 21 17
17 24 2 19 20
17 24 5 23 13
22 24 2 26 22
22 24 6 25 17
22 24 3 21 22
22 24 2 19 25
22 24 5 23 18
30 19 2 26 35
30 19 6 25 30
30 19 3 21 29
30 19 2 19 28
30 19 5 23 29
16 19 2 26 21
16 19 6 25 16
16 19 3 21 15
16 19 2 19 14
16 19 5 23 15
17 11 2 26 30
17 11 6 25 25
17 11 3 21 24
17 11 2 19 23
17 11 5 23 24
17 31 2 26 20
17 31 6 25 17
17 31 3 21 24
17 31 2 19 27
17 31 5 23 20
15 12 2 26 27
15 12 6 25 22
15 12 3 21 21
15 12 2 19 20
15 12 5 23 21
12 23 2 26 13
12 23 6 25 8
12 23 3 21 11
12 23 2 19 14
12 23 5 23 7
8 24 2 26 8
8 24 6 25 3
8 24 3 21 8
8 24 2 19 11
8 24 5 23 4
10 13 2 26 21
10 13 6 25 16
10 13 3 21 15
10 13 2 19 14
10 13 5 23 15
9 13 2 26 20
9 13 6 25 15
9 13 3 21 14
9 13 2 19 13
9 13 5 23 14
9 24 2 26 9
9 24 6 25 4
9 24 3 21 9
9 24 2 19 12
9 24 5 23 5
16 29 2 26 17
16 29 6 25 14
16 29 3 21 21
16 29 2 19 24
16 29 5 23 17
27 19 2 26 32
27 19 6 25 27
27 19 3 21 26
27 19 2 19 25
27 19 5 23 26
9 19 2 26 14
9 19 6 25 9
9 19 3 21 8
9 19 2 19 7
9 19 5 23 8
5 19 2 26 10
5 19 6 25 7
5 19 3 21 4
5 19 2 19 3
5 19 5 23 4
20 28 2 26 20
20 28 6 25 17
20 28 3 21 24
20 28 2 19 27
20 28 5 23 20
31 16 2 26 39
31 16 6 25 34
31 16 3 21 33
31 16 2 19 32
31 16 5 23 33
6 20 2 26 10
6 20 6 25 5
6 20 3 21 4
6 20 2 19 5
6 20 5 23 4
12 28 2 26 12
12 28 6 25 9
12 28 3 21 16
12 28 2 19 19
12 28 5 23 12
18 18 32 34 30
18 18 32 30 26
18 18 21 32 17
18 18 18 34 16
18 18 21 31 16
18 18 20 31 15
18 18 34 23 21
18 18 34 21 19
4 20 32 34 42
4 20 32 30 38
4 20 21 32 29
4 20 18 34 28
4 20 21 31 28
4 20 20 31 27
4 20 34 23 33
4 20 34 21 31
17 24 32 34 25
17 24 32 30 21
17 24 21 32 12
17 24 18 34 11
17 24 21 31 11
17 24 20 31 10
17 24 34 23 18
17 24 34 21 20
22 24 32 34 20
22 24 32 30 16
22 24 21 32 9
22 24 18 34 14
22 24 21 31 8
22 24 20 31 9
22 24 34 23 13
22 24 34 21 15
30 19 32 34 17
30 19 32 30 13
30 19 21 32 22
30 19 18 34 27
30 19 21 31 21
30 19 20 31 22
30 19 34 23 8
30 19 34 21 6
16 19 32 34 31
16 19 32 30 27
16 19 21 32 18
16 19 18 34 17
16 19 21 31 17
16 19 20 31 16
16 19 34 23 22
16 19 34 21 20
17 11 32 34 38
17 11 32 30 34
17 11 21 32 25
17 11 18 34 24
17 11 21 31 24
17 11 20 31 23
17 11 34 23 29
17 11 34 21 27
17 31 32 34 18
17 31 32 30 16
17 31 21 32 5
17 31 18 34 4
17 31 21 31 4
17 31 20 31 3
17 31 34 23 25
17 31 34 21 27
15 12 32 34 39
15 12 32 30 35
15 12 21 32 26
15 12 18 34 25
15 12 21 31 25
15 12 20 31 24
15 12 34 23 30
15 12 34 21 28
12 23 32 34 31
12 23 32 30 27
12 23 21 32 18
12 23 18 34 17
12 23 21 31 17
12 23 20 31 16
12 23 34 23 22
12 23 34 21 24
8 24 32 34 34
8 24 32 30 30
8 24 21 32 21
8 24 18 34 20
8 24 21 31 20
8 24 20 31 19
8 24 34 23 27
8 24 34 21 29
10 13 32 34 43
10 13 32 30 39
10 13 21 32 30
10 13 18 34 29
10 13 21 31 29
10 13 20 31 28
10 13 34 23 34
10 13 34 21 32
9 13 32 34 44
9 13 32 30 40
9 13 21 32 31
9 13 18 34 30
9 13 21 31 30
9 13 20 31 29
9 13 34 23 35
9 13 34 21 33
9 24 32 34 33
9 24 32 30 29
9 24 21 32 20
9 24 18 34 19
9 24 21 31 19
9 24 20 31 18
9 24 34 23 26
9 24 34 21 28
16 29 32 34 21
16 29 32 30 17
16 29 21 32 8
16 29 18 34 7
16 29 21 31 7
16 29 20 31 6
16 29 34 23 24
16 29 34 21 26
27 19 32 34 20
27 19 32 30 16
27 19 21 32 19
27 19 18 34 24
27 19 21 31 18
27 19 20 31 19
27 19 34 23 11
27 19 34 21 9
9 19 32 34 38
9 19 32 30 34
9 19 21 32 25
9 19 18 34 24
9 19 21 31 24
9 19 20 31 23
9 19 34 23 29
9 19 34 21 27
5 19 32 34 42
5 19 32 30 38
5 19 21 32 29
5 19 18 34 28
5 19 21 31 28
5 19 20 31 27
5 19 34 23 33
5 19 34 21 31
20 28 32 34 18
20 28 32 30 14
20 28 21 32 5
20 28 18 34 8
20 28 21 31 4
20 28 20 31 3
20 28 34 23 19
20 28 34 21 21
31 16 32 34 19
31 16 32 30 15
31 16 21 32 26
31 16 18 34 31
31 16 21 31 25
31 16 20 31 26
31 16 34 23 10
31 16 34 21 8
6 20 32 34 40
6 20 32 30 36
6 20 21 32 27
6 20 18 34 26
6 20 21 31 26
6 20 20 31 25
6 20 34 23 31
6 20 34 21 29
12 28 32 34 26
12 28 32 30 22
12 28 21 32 13
12 28 18 34 12
12 28 21 31 12
12 28 20 31 11
12 28 34 23 27
12 28 34 21 29
18 18 16 5 15
18 18 17 0 19
18 18 6 6 24
18 18 12 4 20
18 18 7 5 24
18 18 5 5 26
4 20 16 5 27
4 20 17 0 33
4 20 6 6 16
4 20 12 4 24
4 20 7 5 18
4 20 5 5 16
17 24 16 5 20
17 24 17 0 24
17 24 6 6 29
17 24 12 4 25
17 24 7 5 29
17 24 5 5 31
22 24 16 5 25
22 24 17 0 29
22 24 6 6 34
22 24 12 4 30
22 24 7 5 34
22 24 5 5 36
30 19 16 5 28
30 19 17 0 32
30 19 6 6 37
30 19 12 4 33
30 19 7 5 37
30 19 5 5 39
16 19 16 5 14
16 19 17 0 20
16 19 6 6 23
16 19 12 4 19
16 19 7 5 23
16 19 5 5 25
17 11 16 5 7
17 11 17 0 11
17 11 6 6 16
17 11 12 4 12
17 11 7 5 16
17 11 5 5 18
17 31 16 5 27
17 31 17 0 31
17 31 6 6 36
17 31 12 4 32
17 31 7 5 36
17 31 5 5 38
15 12 16 5 8
15 12 17 0 14
15 12 6 6 15
15 12 12 4 11
15 12 7 5 15
15 12 5 5 17
12 23 16 5 22
12 23 17 0 28
12 23 6 6 23
12 23 12 4 19
12 23 7 5 23
12 23 5 5 25
8 24 16 5 27
8 24 17 0 33
8 24 6 6 20
8 24 12 4 24
8 24 7 5 20
8 24 5 5 22
10 13 16 5 14
10 13 17 0 20
10 13 6 6 11
10 13 12 4 11
10 13 7 5 11
10 13 5 5 13
9 13 16 5 15
9 13 17 0 21
9 13 6 6 10
9 13 12 4 12
9 13 7 5 10
9 13 5 5 12
9 24 16 5 26
9 24 17 0 32
9 24 6 6 21
9 24 12 4 23
9 24 7 5 21
9 24 5 5 23
16 29 16 5 24
16 29 17 0 30
16 29 6 6 33
16 29 12 4 29
16 29 7 5 33
16 29 5 5 35
27 19 16 5 25
27 19 17 0 29
27 19 6 6 34
27 19 12 4 30
27 19 7 5 34
27 19 5 5 36
9 19 16 5 21
9 19 17 0 27
9 19 6 6 16
9 19 12 4 18
9 19 7 5 16
9 19 5 5 18
5 19 16 5 25
5 19 17 0 31
5 19 6 6 14
5 19 12 4 22
5 19 7 5 16
5 19 5 5 14
20 28 16 5 27
20 28 17 0 31
20 28 6 6 36
20 28 12 4 32
20 28 7 5 36
20 28 5 5 38
31 16 16 5 26
31 16 17 0 30
31 16 6 6 35
31 16 12 4 31
31 16 7 5 35
31 16 5 5 37
6 20 16 5 25
6 20 17 0 31
6 20 6 6 14
6 20 12 4 22
6 20 7 5 16
6 20 5 5 16
12 28 16 5 27
12 28 17 0 33
12 28 6 6 28
12 28 12 4 24
12 28 7 5 28
12 28 5 5 30
18 18 23 7 16
18 18 27 1 26
18 18 32 12 20
18 18 23 3 20
18 18 22 4 18
18 18 29 12 17
18 18 30 7 23
18 18 31 12 19
4 20 23 7 32
4 20 27 1 42
4 20 32 12 36
4 20 23 3 36
4 20 22 4 34
4 20 29 12 33
4 20 30 7 39
4 20 31 12 35
17 24 23 7 23
17 24 27 1 33
17 24 32 12 27
17 24 23 3 27
17 24 22 4 25
17 24 29 12 24
17 24 30 7 30
17 24 31 12 26
22 24 23 7 18
22 24 27 1 28
22 24 32 12 22
22 24 23 3 22
22 24 22 4 20
22 24 29 12 19
22 24 30 7 25
22 24 31 12 21
30 19 23 7 19
30 19 27 1 21
30 19 32 12 9
30 19 23 3 23
30 19 22 4 23
30 19 29 12 8
30 19 30 7 12
30 19 31 12 8
16 19 23 7 19
16 19 27 1 29
16 19 32 12 23
16 19 23 3 23
16 19 22 4 21
16 19 29 12 20
16 19 30 7 26
16 19 31 12 22
17 11 23 7 10
17 11 27 1 20
17 11 32 12 16
17 11 23 3 14
17 11 22 4 12
17 11 29 12 13
17 11 30 7 17
17 11 31 12 15
17 31 23 7 30
17 31 27 1 40
17 31 32 12 34
17 31 23 3 34
17 31 22 4 32
17 31 29 12 31
17 31 30 7 37
17 31 31 12 33
15 12 23 7 13
15 12 27 1 23
15 12 32 12 17
15 12 23 3 17
15 12 22 4 15
15 12 29 12 14
15 12 30 7 20
15 12 31 12 16
12 23 23 7 27
12 23 27 1 37
12 23 32 12 31
12 23 23 3 31
12 23 22 4 29
12 23 29 12 28
12 23 30 7 34
12 23 31 12 30
8 24 23 7 32
8 24 27 1 42
8 24 32 12 36
8 24 23 3 36
8 24 22 4 34
8 24 29 12 33
8 24 30 7 39
8 24 31 12 35
10 13 23 7 19
10 13 27 1 29
10 13 32 12 23
10 13 23 3 23
10 13 22 4 21
10 13 29 12 20
10 13 30 7 26
10 13 31 12 22
9 13 23 7 20
9 13 27 1 30
9 13 32 12 24
9 13 23 3 24
9 13 22 4 22
9 13 29 12 21
9 13 30 7 27
9 13 31 12 23
9 24 23 7 31
9 24 27 1 41
9 24 32 12 35
9 24 23 3 35
9 24 22 4 33
9 24 29 12 32
9 24 30 7 38
9 24 31 12 34
16 29 23 7 29
16 29 27 1 39
16 29 32 12 33
16 29 23 3 33
16 29 22 4 31
16 29 29 12 30
16 29 30 7 36
16 29 31 12 32
27 19 23 7 16
27 19 27 1 18
27 19 32 12 12
27 19 23 3 20
27 19 22 4 20
27 19 29 12 9
27 19 30 7 15
27 19 31 12 11
9 19 23 7 26
9 19 27 1 36
9 19 32 12 30
9 19 23 3 30
9 19 22 4 28
9 19 29 12 27
9 19 30 7 33
9 19 31 12 29
5 19 23 7 30
5 19 27 1 40
5 19 32 12 34
5 19 23 3 34
5 19 22 4 32
5 19 29 12 31
5 19 30 7 37
5 19 31 12 33
20 28 23 7 24
20 28 27 1 34
20 28 32 12 28
20 28 23 3 28
20 28 22 4 26
20 28 29 12 25
20 28 30 7 31
20 28 31 12 27
31 16 23 7 17
31 16 27 1 19
31 16 32 12 5
31 16 23 3 21
31 16 22 4 21
31 16 29 12 6
31 16 30 7 10
31 16 31 12 4
6 20 23 7 30
6 20 27 1 40
6 20 32 12 34
6 20 23 3 34
6 20 22 4 32
6 20 29 12 31
6 20 30 7 37
6 20 31 12 33
12 28 23 7 32
12 28 27 1 42
12 28 32 12 36
12 28 23 3 36
12 28 22 4 34
12 28 29 12 33
12 28 30 7 39
12 28 31 12 35
16 5 28 2 15
17 0 28 2 13
6 6 28 2 26
12 4 28 2 18
7 5 28 2 24
5 5 28 2 26
16 5 0 1 20
16 5 2 13 22
16 5 7 1 13
16 5 4 8 15
16 5 7 0 14
16 5 3 14 22
16 5 4 6 13
17 0 0 1 18
17 0 2 13 28
17 0 7 1 11
17 0 4 8 21
17 0 7 0 10
17 0 3 14 28
17 0 4 6 19
6 6 0 1 11
6 6 2 13 11
6 6 7 1 6
6 6 4 8 4
6 6 7 0 7
6 6 3 14 11
6 6 4 6 2
12 4 0 1 15
12 4 2 13 19
12 4 7 1 8
12 4 4 8 12
12 4 7 0 9
12 4 3 14 19
12 4 4 6 10
7 5 0 1 11
7 5 2 13 13
7 5 7 1 4
7 5 4 8 6
7 5 7 0 5
7 5 3 14 13
7 5 4 6 4
5 5 0 1 9
5 5 2 13 11
5 5 7 1 6
5 5 4 8 4
5 5 7 0 7
5 5 3 14 11
5 5 4 6 2
16 5 32 1 20
16 5 31 1 19
16 5 30 3 16
17 0 32 1 16
17 0 31 1 15
17 0 30 3 16
6 6 32 1 31
6 6 31 1 30
6 6 30 3 27
12 4 32 1 23
12 4 31 1 22
12 4 30 3 19
7 5 32 1 29
7 5 31 1 28
7 5 30 3 25
5 5 32 1 31
5 5 31 1 30
5 5 30 3 27
16 5 2 26 35
16 5 6 25 30
16 5 3 21 29
16 5 2 19 28
16 5 5 23 29
17 0 2 26 41
17 0 6 25 36
17 0 3 21 35
17 0 2 19 34
17 0 5 23 35
6 6 2 26 24
6 6 6 25 19
6 6 3 21 18
6 6 2 19 17
6 6 5 23 18
12 4 2 26 32
12 4 6 25 27
12 4 3 21 26
12 4 2 19 25
12 4 5 23 26
7 5 2 26 26
7 5 6 25 21
7 5 3 21 20
7 5 2 19 19
7 5 5 23 20
5 5 2 26 24
5 5 6 25 21
5 5 3 21 18
5 5 2 19 17
5 5 5 23 18
16 5 32 34 45
16 5 32 30 41
16 5 21 32 32
16 5 18 34 31
16 5 21 31 31
16 5 20 31 30
16 5 34 23 36
16 5 34 21 34
17 0 32 34 49
17 0 32 30 45
17 0 21 32 36
17 0 18 34 35
17 0 21 31 35
17 0 20 31 34
17 0 34 23 40
17 0 34 21 38
6 6 32 34 54
6 6 32 30 50
6 6 21 32 41
6 6 18 34 40
6 6 21 31 40
6 6 20 31 39
6 6 34 23 45
6 6 34 21 43
12 4 32 34 50
12 4 32 30 46
12 4 21 32 37
12 4 18 34 36
12 4 21 31 36
12 4 20 31 35
12 4 34 23 41
12 4 34 21 39
7 5 32 34 54
7 5 32 30 50
7 5 21 32 41
7 5 18 34 40
7 5 21 31 40
7 5 20 31 39
7 5 34 23 45
7 5 34 21 43
5 5 32 34 56
5 5 32 30 52
5 5 21 32 43
5 5 18 34 42
5 5 21 31 42
5 5 20 31 41
5 5 34 23 47
5 5 34 21 45
16 5 18 18 15
16 5 4 20 27
16 5 17 24 20
16 5 22 24 25
16 5 30 19 28
16 5 16 19 14
16 5 17 11 7
16 5 17 31 27
16 5 15 12 8
16 5 12 23 22
16 5 8 24 27
16 5 10 13 14
16 5 9 13 15
16 5 9 24 26
16 5 16 29 24
16 5 27 19 25
16 5 9 19 21
16 5 5 19 25
16 5 20 28 27
16 5 31 16 26
16 5 6 20 25
16 5 12 28 27
17 0 18 18 19
17 0 4 20 33
17 0 17 24 24
17 0 22 24 29
17 0 30 19 32
17 0 16 19 20
17 0 17 11 11
17 0 17 31 31
17 0 15 12 14
17 0 12 23 28
17 0 8 24 33
17 0 10 13 20
17 0 9 13 21
17 0 9 24 32
17 0 16 29 30
17 0 27 19 29
17 0 9 19 27
17 0 5 19 31
17 0 20 28 31
17 0 31 16 30
17 0 6 20 31
17 0 12 28 33
6 6 18 18 24
6 6 4 20 16
6 6 17 24 29
6 6 22 24 34
6 6 30 19 37
6 6 16 19 23
6 6 17 11 16
6 6 17 31 36
6 6 15 12 15
6 6 12 23 23
6 6 8 24 20
6 6 10 13 11
6 6 9 13 10
6 6 9 24 21
6 6 16 29 33
6 6 27 19 34
6 6 9 19 16
6 6 5 19 14
6 6 20 28 36
6 6 31 16 35
6 6 6 20 14
6 6 12 28 28
12 4 18 18 20
12 4 4 20 24
12 4 17 24 25
12 4 22 24 30
12 4 30 19 33
12 4 16 19 19
12 4 17 11 12
12 4 17 31 32
12 4 15 12 11
12 4 12 23 19
12 4 8 24 24
12 4 10 13 11
12 4 9 13 12
12 4 9 24 23
12 4 16 29 29
12 4 27 19 30
12 4 9 19 18
12 4 5 19 22
12 4 20 28 32
12 4 31 16 31
12 4 6 20 22
12 4 12 28 24
7 5 18 18 24
7 5 4 20 18
7 5 17 24 29
7 5 22 24 34
7 5 30 19 37
7 5 16 19 23
7 5 17 11 16
7 5 17 31 36
7 5 15 12 15
7 5 12 23 23
7 5 8 24 20
7 5 10 13 11
7 5 9 13 10
7 5 9 24 21
7 5 16 29 33
7 5 27 19 34
7 5 9 19 16
7 5 5 19 16
7 5 20 28 36
7 5 31 16 35
7 5 6 20 16
7 5 12 28 28
5 5 18 18 26
5 5 4 20 16
5 5 17 24 31
5 5 22 24 36
5 5 30 19 39
5 5 16 19 25
5 5 17 11 18
5 5 17 31 38
5 5 15 12 17
5 5 12 23 25
5 5 8 24 22
5 5 10 13 13
5 5 9 13 12
5 5 9 24 23
5 5 16 29 35
5 5 27 19 36
5 5 9 19 18
5 5 5 19 14
5 5 20 28 38
5 5 31 16 37
5 5 6 20 16
5 5 12 28 30
16 5 23 7 9
16 5 27 1 15
16 5 32 12 23
16 5 23 3 9
16 5 22 4 7
16 5 29 12 20
16 5 30 7 16
16 5 31 12 22
17 0 23 7 13
17 0 27 1 11
17 0 32 12 27
17 0 23 3 9
17 0 22 4 9
17 0 29 12 24
17 0 30 7 20
17 0 31 12 26
6 6 23 7 18
6 6 27 1 26
6 6 32 12 32
6 6 23 3 20
6 6 22 4 18
6 6 29 12 29
6 6 30 7 25
6 6 31 12 31
12 4 23 7 14
12 4 27 1 18
12 4 32 12 28
12 4 23 3 12
12 4 22 4 10
12 4 29 12 25
12 4 30 7 21
12 4 31 12 27
7 5 23 7 18
7 5 27 1 24
7 5 32 12 32
7 5 23 3 18
7 5 22 4 16
7 5 29 12 29
7 5 30 7 25
7 5 31 12 31
5 5 23 7 20
5 5 27 1 26
5 5 32 12 34
5 5 23 3 20
5 5 22 4 18
5 5 29 12 31
5 5 30 7 27
5 5 31 12 33
23 7 28 2 10
27 1 28 2 2
32 12 28 2 14
23 3 28 2 6
22 4 28 2 8
29 12 28 2 11
30 7 28 2 7
31 12 28 2 13
23 7 0 1 29
23 7 2 13 27
23 7 7 1 22
23 7 4 8 20
23 7 7 0 23
23 7 3 14 27
23 7 4 6 20
27 1 0 1 27
27 1 2 13 37
27 1 7 1 20
27 1 4 8 30
27 1 7 0 21
27 1 3 14 37
27 1 4 6 28
32 12 0 1 43
32 12 2 13 31
32 12 7 1 36
32 12 4 8 32
32 12 7 0 37
32 12 3 14 31
32 12 4 6 34
23 3 0 1 25
23 3 2 13 31
23 3 7 1 18
23 3 4 8 24
23 3 7 0 19
23 3 3 14 31
23 3 4 6 22
22 4 0 1 25
22 4 2 13 29
22 4 7 1 18
22 4 4 8 22
22 4 7 0 19
22 4 3 14 29
22 4 4 6 20
29 12 0 1 40
29 12 2 13 28
29 12 7 1 33
29 12 4 8 29
29 12 7 0 34
29 12 3 14 28
29 12 4 6 31
30 7 0 1 36
30 7 2 13 34
30 7 7 1 29
30 7 4 8 27
30 7 7 0 30
30 7 3 14 34
30 7 4 6 27
31 12 0 1 42
31 12 2 13 30
31 12 7 1 35
31 12 4 8 31
31 12 7 0 36
31 12 3 14 30
31 12 4 6 33
23 7 32 1 15
23 7 31 1 14
23 7 30 3 11
27 1 32 1 5
27 1 31 1 4
27 1 30 3 5
32 12 32 1 11
32 12 31 1 12
32 12 30 3 11
23 3 32 1 11
23 3 31 1 10
23 3 30 3 7
22 4 32 1 13
22 4 31 1 12
22 4 30 3 9
29 12 32 1 14
29 12 31 1 13
29 12 30 3 10
30 7 32 1 8
30 7 31 1 7
30 7 30 3 4
31 12 32 1 12
31 12 31 1 11
31 12 30 3 10
23 7 2 26 40
23 7 6 25 35
23 7 3 21 34
23 7 2 19 33
23 7 5 23 34
27 1 2 26 50
27 1 6 25 45
27 1 3 21 44
27 1 2 19 43
27 1 5 23 44
32 12 2 26 44
32 12 6 25 39
32 12 3 21 38
32 12 2 19 37
32 12 5 23 38
23 3 2 26 44
23 3 6 25 39
23 3 3 21 38
23 3 2 19 37
23 3 5 23 38
22 4 2 26 42
22 4 6 25 37
22 4 3 21 36
22 4 2 19 35
22 4 5 23 36
29 12 2 26 41
29 12 6 25 36
29 12 3 21 35
29 12 2 19 34
29 12 5 23 35
30 7 2 26 47
30 7 6 25 42
30 7 3 21 41
30 7 2 19 40
30 7 5 23 41
31 12 2 26 43
31 12 6 25 38
31 12 3 21 37
31 12 2 19 36
31 12 5 23 37
23 7 32 34 36
23 7 32 30 32
23 7 21 32 27
23 7 18 34 32
23 7 21 31 26
23 7 20 31 27
23 7 34 23 27
23 7 34 21 25
27 1 32 34 38
27 1 32 30 34
27 1 21 32 37
27 1 18 34 42
27 1 21 31 36
27 1 20 31 37
27 1 34 23 29
27 1 34 21 27
32 12 32 34 22
32 12 32 30 18
32 12 21 32 31
32 12 18 34 36
32 12 21 31 30
32 12 20 31 31
32 12 34 23 13
32 12 34 21 11
23 3 32 34 40
23 3 32 30 36
23 3 21 32 31
23 3 18 34 36
23 3 21 31 30
23 3 20 31 31
23 3 34 23 31
23 3 34 21 29
22 4 32 34 40
22 4 32 30 36
22 4 21 32 29
22 4 18 34 34
22 4 21 31 28
22 4 20 31 29
22 4 34 23 31
22 4 34 21 29
29 12 32 34 25
29 12 32 30 21
29 12 21 32 28
29 12 18 34 33
29 12 21 31 27
29 12 20 31 28
29 12 34 23 16
29 12 34 21 14
30 7 32 34 29
30 7 32 30 25
30 7 21 32 34
30 7 18 34 39
30 7 21 31 33
30 7 20 31 34
30 7 34 23 20
30 7 34 21 18
31 12 32 34 23
31 12 32 30 19
31 12 21 32 30
31 12 18 34 35
31 12 21 31 29
31 12 20 31 30
31 12 34 23 14
31 12 34 21 12
23 7 18 18 16
23 7 4 20 32
23 7 17 24 23
23 7 22 24 18
23 7 30 19 19
23 7 16 19 19
23 7 17 11 10
23 7 17 31 30
23 7 15 12 13
23 7 12 23 27
23 7 8 24 32
23 7 10 13 19
23 7 9 13 20
23 7 9 24 31
23 7 16 29 29
23 7 27 19 16
23 7 9 19 26
23 7 5 19 30
23 7 20 28 24
23 7 31 16 17
23 7 6 20 30
23 7 12 28 32
27 1 18 18 26
27 1 4 20 42
27 1 17 24 33
27 1 22 24 28
27 1 30 19 21
27 1 16 19 29
27 1 17 11 20
27 1 17 31 40
27 1 15 12 23
27 1 12 23 37
27 1 8 24 42
27 1 10 13 29
27 1 9 13 30
27 1 9 24 41
27 1 16 29 39
27 1 27 19 18
27 1 9 19 36
27 1 5 19 40
27 1 20 28 34
27 1 31 16 19
27 1 6 20 40
27 1 12 28 42
32 12 18 18 20
32 12 4 20 36
32 12 17 24 27
32 12 22 24 22
32 12 30 19 9
32 12 16 19 23
32 12 17 11 16
32 12 17 31 34
32 12 15 12 17
32 12 12 23 31
32 12 8 24 36
32 12 10 13 23
32 12 9 13 24
32 12 9 24 35
32 12 16 29 33
32 12 27 19 12
32 12 9 19 30
32 12 5 19 34
32 12 20 28 28
32 12 31 16 5
32 12 6 20 34
32 12 12 28 36
23 3 18 18 20
23 3 4 20 36
23 3 17 24 27
23 3 22 24 22
23 3 30 19 23
23 3 16 19 23
23 3 17 11 14
23 3 17 31 34
23 3 15 12 17
23 3 12 23 31
23 3 8 24 36
23 3 10 13 23
23 3 9 13 24
23 3 9 24 35
23 3 16 29 33
23 3 27 19 20
23 3 9 19 30
23 3 5 19 34
23 3 20 28 28
23 3 31 16 21
23 3 6 20 34
23 3 12 28 36
22 4 18 18 18
22 4 4 20 34
22 4 17 24 25
22 4 22 24 20
22 4 30 19 23
22 4 16 19 21
22 4 17 11 12
22 4 17 31 32
22 4 15 12 15
22 4 12 23 29
22 4 8 24 34
22 4 10 13 21
22 4 9 13 22
22 4 9 24 33
22 4 16 29 31
22 4 27 19 20
22 4 9 19 28
22 4 5 19 32
22 4 20 28 26
22 4 31 16 21
22 4 6 20 32
22 4 12 28 34
29 12 18 18 17
29 12 4 20 33
29 12 17 24 24
29 12 22 24 19
29 12 30 19 8
29 12 16 19 20
29 12 17 11 13
29 12 17 31 31
29 12 15 12 14
29 12 12 23 28
29 12 8 24 33
29 12 10 13 20
29 12 9 13 21
29 12 9 24 32
29 12 16 29 30
29 12 27 19 9
29 12 9 19 27
29 12 5 19 31
29 12 20 28 25
29 12 31 16 6
29 12 6 20 31
29 12 12 28 33
30 7 18 18 23
30 7 4 20 39
30 7 17 24 30
30 7 22 24 25
30 7 30 19 12
30 7 16 19 26
30 7 17 11 17
30 7 17 31 37
30 7 15 12 20
30 7 12 23 34
30 7 8 24 39
30 7 10 13 26
30 7 9 13 27
30 7 9 24 38
30 7 16 29 36
30 7 27 19 15
30 7 9 19 33
30 7 5 19 37
30 7 20 28 31
30 7 31 16 10
30 7 6 20 37
30 7 12 28 39
31 12 18 18 19
31 12 4 20 35
31 12 17 24 26
31 12 22 24 21
31 12 30 19 8
31 12 16 19 22
31 12 17 11 15
31 12 17 31 33
31 12 15 12 16
31 12 12 23 30
31 12 8 24 35
31 12 10 13 22
31 12 9 13 23
31 12 9 24 34
31 12 16 29 32
31 12 27 19 11
31 12 9 19 29
31 12 5 19 33
31 12 20 28 27
31 12 31 16 4
31 12 6 20 33
31 12 12 28 35
23 7 16 5 9
23 7 17 0 13
23 7 6 6 18
23 7 12 4 14
23 7 7 5 18
23 7 5 5 20
27 1 16 5 15
27 1 17 0 11
27 1 6 6 26
27 1 12 4 18
27 1 7 5 24
27 1 5 5 26
32 12 16 5 23
32 12 17 0 27
32 12 6 6 32
32 12 12 4 28
32 12 7 5 32
32 12 5 5 34
23 3 16 5 9
23 3 17 0 9
23 3 6 6 20
23 3 12 4 12
23 3 7 5 18
23 3 5 5 20
22 4 16 5 7
22 4 17 0 9
22 4 6 6 18
22 4 12 4 10
22 4 7 5 16
22 4 5 5 18
29 12 16 5 20
29 12 17 0 24
29 12 6 6 29
29 12 12 4 25
29 12 7 5 29
29 12 5 5 31
30 7 16 5 16
30 7 17 0 20
30 7 6 6 25
30 7 12 4 21
30 7 7 5 25
30 7 5 5 27
31 12 16 5 22
31 12 17 0 26
31 12 6 6 31
31 12 12 4 27
31 12 7 5 31
31 12 5 5 33