900 50 6 4 30
6 Clusters:
0 19 28 0
1 1 2 22
1 5 9 22
1 2 4 22
1 5 7 22
1 5 3 22
1 0 10 22
1 0 7 22
1 5 1 22
1 2 6 22
2 26 1 9
2 26 2 9
2 26 10 9
2 26 4 9
2 24 5 9
2 20 3 9
2 21 6 9
2 28 12 9
2 29 4 9
2 21 4 9
2 18 0 9
3 5 28 11
3 7 28 11
4 29 22 18
5 14 16 2
5 28 15 2
5 16 17 2
5 15 23 2
5 21 19 2
5 18 16 2
5 19 20 2
5 19 13 2
5 22 9 2
5 19 6 2
5 17 19 2
5 25 12 2
5 25 13 2
5 16 26 2
5 10 18 2
6 3 25 8
6 9 20 8
6 11 24 8
6 4 20 8
6 9 22 8
6 12 27 8
6 6 17 8
6 3 20 8
6 11 26 8
6 7 20 8
6 1 17 8
1946 Arcs:
19 28 1 2 44
19 28 5 9 33
19 28 2 4 41
19 28 5 7 35
19 28 5 3 39
19 28 0 10 37
19 28 0 7 40
19 28 5 1 41
19 28 2 6 39
19 28 26 1 34
19 28 26 2 33
19 28 26 10 25
19 28 26 4 31
19 28 24 5 28
19 28 20 3 26
19 28 21 6 24
19 28 28 12 25
19 28 29 4 34
19 28 21 4 26
19 28 18 0 29
19 28 5 28 14
19 28 7 28 12
19 28 29 22 16
19 28 14 16 17
19 28 28 15 22
19 28 16 17 14
19 28 15 23 9
19 28 21 19 11
19 28 18 16 13
19 28 19 20 8
19 28 19 13 15
19 28 22 9 22
19 28 19 6 22
19 28 17 19 11
19 28 25 12 22
19 28 25 13 21
19 28 16 26 5
19 28 10 18 19
19 28 3 25 19
19 28 9 20 18
19 28 11 24 12
19 28 4 20 23
19 28 9 22 16
19 28 12 27 8
19 28 6 17 24
19 28 3 20 24
19 28 11 26 10
19 28 7 20 20
19 28 1 17 29
1 2 19 28 44
5 9 19 28 33
2 4 19 28 41
5 7 19 28 35
5 3 19 28 39
0 10 19 28 37
0 7 19 28 40
5 1 19 28 41
2 6 19 28 39
1 2 26 1 26
1 2 26 2 25
1 2 26 10 33
1 2 26 4 27
1 2 24 5 26
1 2 20 3 20
1 2 21 6 24
1 2 28 12 37
1 2 29 4 30
1 2 21 4 22
1 2 18 0 19
5 9 26 1 29
5 9 26 2 28
5 9 26 10 22
5 9 26 4 26
5 9 24 5 23
5 9 20 3 21
5 9 21 6 19
5 9 28 12 26
5 9 29 4 29
5 9 21 4 21
5 9 18 0 22
2 4 26 1 27
2 4 26 2 26
2 4 26 10 30
2 4 26 4 24
2 4 24 5 23
2 4 20 3 19
2 4 21 6 21
2 4 28 12 34
2 4 29 4 27
2 4 21 4 19
2 4 18 0 20
5 7 26 1 27
5 7 26 2 26
5 7 26 10 24
5 7 26 4 24
5 7 24 5 21
5 7 20 3 19
5 7 21 6 17
5 7 28 12 28
5 7 29 4 27
5 7 21 4 19
5 7 18 0 20
5 3 26 1 23
5 3 26 2 22
5 3 26 10 28
5 3 26 4 22
5 3 24 5 21
5 3 20 3 15
5 3 21 6 19
5 3 28 12 32
5 3 29 4 25
5 3 21 4 17
5 3 18 0 16
0 10 26 1 35
0 10 26 2 34
0 10 26 10 26
0 10 26 4 32
0 10 24 5 29
0 10 20 3 27
0 10 21 6 25
0 10 28 12 30
0 10 29 4 35
0 10 21 4 27
0 10 18 0 28
0 7 26 1 32
0 7 26 2 31
0 7 26 10 29
0 7 26 4 29
0 7 24 5 26
0 7 20 3 24
0 7 21 6 22
0 7 28 12 33
0 7 29 4 32
0 7 21 4 24
0 7 18 0 25
5 1 26 1 21
5 1 26 2 22
5 1 26 10 30
5 1 26 4 24
5 1 24 5 23
5 1 20 3 17
5 1 21 6 21
5 1 28 12 34
5 1 29 4 27
5 1 21 4 19
5 1 18 0 14
2 6 26 1 29
2 6 26 2 28
2 6 26 10 28
2 6 26 4 26
2 6 24 5 23
2 6 20 3 21
2 6 21 6 19
2 6 28 12 32
2 6 29 4 29
2 6 21 4 21
2 6 18 0 22
1 2 5 28 30
1 2 7 28 32
5 9 5 28 19
5 9 7 28 21
2 4 5 28 27
2 4 7 28 29
5 7 5 28 21
5 7 7 28 23
5 3 5 28 25
5 3 7 28 27
0 10 5 28 23
0 10 7 28 25
0 7 5 28 26
0 7 7 28 28
5 1 5 28 27
5 1 7 28 29
2 6 5 28 25
2 6 7 28 27
1 2 29 22 48
5 9 29 22 37
2 4 29 22 45
5 7 29 22 39
5 3 29 22 43
0 10 29 22 41
0 7 29 22 44
5 1 29 22 45
2 6 29 22 43
1 2 14 16 27
1 2 28 15 40
1 2 16 17 30
1 2 15 23 35
1 2 21 19 37
1 2 18 16 31
1 2 19 20 36
1 2 19 13 29
1 2 22 9 28
1 2 19 6 22
1 2 17 19 33
1 2 25 12 34
1 2 25 13 35
1 2 16 26 39
1 2 10 18 25
5 9 14 16 16
5 9 28 15 29
5 9 16 17 19
5 9 15 23 24
5 9 21 19 26
5 9 18 16 20
5 9 19 20 25
5 9 19 13 18
5 9 22 9 17
5 9 19 6 17
5 9 17 19 22
5 9 25 12 23
5 9 25 13 24
5 9 16 26 28
5 9 10 18 14
2 4 14 16 24
2 4 28 15 37
2 4 16 17 27
2 4 15 23 32
2 4 21 19 34
2 4 18 16 28
2 4 19 20 33
2 4 19 13 26
2 4 22 9 25
2 4 19 6 19
2 4 17 19 30
2 4 25 12 31
2 4 25 13 32
2 4 16 26 36
2 4 10 18 22
5 7 14 16 18
5 7 28 15 31
5 7 16 17 21
5 7 15 23 26
5 7 21 19 28
5 7 18 16 22
5 7 19 20 27
5 7 19 13 20
5 7 22 9 19
5 7 19 6 15
5 7 17 19 24
5 7 25 12 25
5 7 25 13 26
5 7 16 26 30
5 7 10 18 16
5 3 14 16 22
5 3 28 15 35
5 3 16 17 25
5 3 15 23 30
5 3 21 19 32
5 3 18 16 26
5 3 19 20 31
5 3 19 13 24
5 3 22 9 23
5 3 19 6 17
5 3 17 19 28
5 3 25 12 29
5 3 25 13 30
5 3 16 26 34
5 3 10 18 20
0 10 14 16 20
0 10 28 15 33
0 10 16 17 23
0 10 15 23 28
0 10 21 19 30
0 10 18 16 24
0 10 19 20 29
0 10 19 13 22
0 10 22 9 23
0 10 19 6 23
0 10 17 19 26
0 10 25 12 27
0 10 25 13 28
0 10 16 26 32
0 10 10 18 18
0 7 14 16 23
0 7 28 15 36
0 7 16 17 26
0 7 15 23 31
0 7 21 19 33
0 7 18 16 27
0 7 19 20 32
0 7 19 13 25
0 7 22 9 24
0 7 19 6 20
0 7 17 19 29
0 7 25 12 30
0 7 25 13 31
0 7 16 26 35
0 7 10 18 21
5 1 14 16 24
5 1 28 15 37
5 1 16 17 27
5 1 15 23 32
5 1 21 19 34
5 1 18 16 28
5 1 19 20 33
5 1 19 13 26
5 1 22 9 25
5 1 19 6 19
5 1 17 19 30
5 1 25 12 31
5 1 25 13 32
5 1 16 26 36
5 1 10 18 22
2 6 14 16 22
2 6 28 15 35
2 6 16 17 25
2 6 15 23 30
2 6 21 19 32
2 6 18 16 26
2 6 19 20 31
2 6 19 13 24
2 6 22 9 23
2 6 19 6 17
2 6 17 19 28
2 6 25 12 29
2 6 25 13 30
2 6 16 26 34
2 6 10 18 20
1 2 3 25 25
1 2 9 20 26
1 2 11 24 32
1 2 4 20 21
1 2 9 22 28
1 2 12 27 36
1 2 6 17 20
1 2 3 20 20
1 2 11 26 34
1 2 7 20 24
1 2 1 17 15
5 9 3 25 18
5 9 9 20 15
5 9 11 24 21
5 9 4 20 12
5 9 9 22 17
5 9 12 27 25
5 9 6 17 9
5 9 3 20 13
5 9 11 26 23
5 9 7 20 13
5 9 1 17 12
2 4 3 25 22
2 4 9 20 23
2 4 11 24 29
2 4 4 20 18
2 4 9 22 25
2 4 12 27 33
2 4 6 17 17
2 4 3 20 17
2 4 11 26 31
2 4 7 20 21
2 4 1 17 14
5 7 3 25 20
5 7 9 20 17
5 7 11 24 23
5 7 4 20 14
5 7 9 22 19
5 7 12 27 27
5 7 6 17 11
5 7 3 20 15
5 7 11 26 25
5 7 7 20 15
5 7 1 17 14
5 3 3 25 24
5 3 9 20 21
5 3 11 24 27
5 3 4 20 18
5 3 9 22 23
5 3 12 27 31
5 3 6 17 15
5 3 3 20 19
5 3 11 26 29
5 3 7 20 19
5 3 1 17 18
0 10 3 25 18
0 10 9 20 19
0 10 11 24 25
0 10 4 20 14
0 10 9 22 21
0 10 12 27 29
0 10 6 17 13
0 10 3 20 13
0 10 11 26 27
0 10 7 20 17
0 10 1 17 8
0 7 3 25 21
0 7 9 20 22
0 7 11 24 28
0 7 4 20 17
0 7 9 22 24
0 7 12 27 32
0 7 6 17 16
0 7 3 20 16
0 7 11 26 30
0 7 7 20 20
0 7 1 17 11
5 1 3 25 26
5 1 9 20 23
5 1 11 24 29
5 1 4 20 20
5 1 9 22 25
5 1 12 27 33
5 1 6 17 17
5 1 3 20 21
5 1 11 26 31
5 1 7 20 21
5 1 1 17 20
2 6 3 25 20
2 6 9 20 21
2 6 11 24 27
2 6 4 20 16
2 6 9 22 23
2 6 12 27 31
2 6 6 17 15
2 6 3 20 15
2 6 11 26 29
2 6 7 20 19
2 6 1 17 12
26 1 19 28 34
26 2 19 28 33
26 10 19 28 25
26 4 19 28 31
24 5 19 28 28
20 3 19 28 26
21 6 19 28 24
28 12 19 28 25
29 4 19 28 34
21 4 19 28 26
18 0 19 28 29
26 1 1 2 26
26 1 5 9 29
26 1 2 4 27
26 1 5 7 27
26 1 5 3 23
26 1 0 10 35
26 1 0 7 32
26 1 5 1 21
26 1 2 6 29
26 2 1 2 25
26 2 5 9 28
26 2 2 4 26
26 2 5 7 26
26 2 5 3 22
26 2 0 10 34
26 2 0 7 31
26 2 5 1 22
26 2 2 6 28
26 10 1 2 33
26 10 5 9 22
26 10 2 4 30
26 10 5 7 24
26 10 5 3 28
26 10 0 10 26
26 10 0 7 29
26 10 5 1 30
26 10 2 6 28
26 4 1 2 27
26 4 5 9 26
26 4 2 4 24
26 4 5 7 24
26 4 5 3 22
26 4 0 10 32
26 4 0 7 29
26 4 5 1 24
26 4 2 6 26
24 5 1 2 26
24 5 5 9 23
24 5 2 4 23
24 5 5 7 21
24 5 5 3 21
24 5 0 10 29
24 5 0 7 26
24 5 5 1 23
24 5 2 6 23
20 3 1 2 20
20 3 5 9 21
20 3 2 4 19
20 3 5 7 19
20 3 5 3 15
20 3 0 10 27
20 3 0 7 24
20 3 5 1 17
20 3 2 6 21
21 6 1 2 24
21 6 5 9 19
21 6 2 4 21
21 6 5 7 17
21 6 5 3 19
21 6 0 10 25
21 6 0 7 22
21 6 5 1 21
21 6 2 6 19
28 12 1 2 37
28 12 5 9 26
28 12 2 4 34
28 12 5 7 28
28 12 5 3 32
28 12 0 10 30
28 12 0 7 33
28 12 5 1 34
28 12 2 6 32
29 4 1 2 30
29 4 5 9 29
29 4 2 4 27
29 4 5 7 27
29 4 5 3 25
29 4 0 10 35
29 4 0 7 32
29 4 5 1 27
29 4 2 6 29
21 4 1 2 22
21 4 5 9 21
21 4 2 4 19
21 4 5 7 19
21 4 5 3 17
21 4 0 10 27
21 4 0 7 24
21 4 5 1 19
21 4 2 6 21
18 0 1 2 19
18 0 5 9 22
18 0 2 4 20
18 0 5 7 20
18 0 5 3 16
18 0 0 10 28
18 0 0 7 25
18 0 5 1 14
18 0 2 6 22
26 1 5 28 48
26 1 7 28 46
26 2 5 28 47
26 2 7 28 45
26 10 5 28 39
26 10 7 28 37
26 4 5 28 45
26 4 7 28 43
24 5 5 28 42
24 5 7 28 40
20 3 5 28 40
20 3 7 28 38
21 6 5 28 38
21 6 7 28 36
28 12 5 28 39
28 12 7 28 37
29 4 5 28 48
29 4 7 28 46
21 4 5 28 40
21 4 7 28 38
18 0 5 28 41
18 0 7 28 39
26 1 29 22 24
26 2 29 22 23
26 10 29 22 15
26 4 29 22 21
24 5 29 22 22
20 3 29 22 28
21 6 29 22 24
28 12 29 22 11
29 4 29 22 18
21 4 29 22 26
18 0 29 22 33
26 1 14 16 27
26 1 28 15 16
26 1 16 17 26
26 1 15 23 33
26 1 21 19 23
26 1 18 16 23
26 1 19 20 26
26 1 19 13 19
26 1 22 9 12
26 1 19 6 12
26 1 17 19 27
26 1 25 12 12
26 1 25 13 13
26 1 16 26 35
26 1 10 18 33
26 2 14 16 26
26 2 28 15 15
26 2 16 17 25
26 2 15 23 32
26 2 21 19 22
26 2 18 16 22
26 2 19 20 25
26 2 19 13 18
26 2 22 9 11
26 2 19 6 11
26 2 17 19 26
26 2 25 12 11
26 2 25 13 12
26 2 16 26 34
26 2 10 18 32
26 10 14 16 18
26 10 28 15 7
26 10 16 17 17
26 10 15 23 24
26 10 21 19 14
26 10 18 16 14
26 10 19 20 17
26 10 19 13 10
26 10 22 9 5
26 10 19 6 11
26 10 17 19 18
26 10 25 12 3
26 10 25 13 4
26 10 16 26 26
26 10 10 18 24
26 4 14 16 24
26 4 28 15 13
26 4 16 17 23
26 4 15 23 30
26 4 21 19 20
26 4 18 16 20
26 4 19 20 23
26 4 19 13 16
26 4 22 9 9
26 4 19 6 9
26 4 17 19 24
26 4 25 12 9
26 4 25 13 10
26 4 16 26 32
26 4 10 18 30
24 5 14 16 21
24 5 28 15 14
24 5 16 17 20
24 5 15 23 27
24 5 21 19 17
24 5 18 16 17
24 5 19 20 20
24 5 19 13 13
24 5 22 9 6
24 5 19 6 6
24 5 17 19 21
24 5 25 12 8
24 5 25 13 9
24 5 16 26 29
24 5 10 18 27
20 3 14 16 19
20 3 28 15 20
20 3 16 17 18
20 3 15 23 25
20 3 21 19 17
20 3 18 16 15
20 3 19 20 18
20 3 19 13 11
20 3 22 9 8
20 3 19 6 4
20 3 17 19 19
20 3 25 12 14
20 3 25 13 15
20 3 16 26 27
20 3 10 18 25
21 6 14 16 17
21 6 28 15 16
21 6 16 17 16
21 6 15 23 23
21 6 21 19 13
21 6 18 16 13
21 6 19 20 16
21 6 19 13 9
21 6 22 9 4
21 6 19 6 2
21 6 17 19 17
21 6 25 12 10
21 6 25 13 11
21 6 16 26 25
21 6 10 18 23
28 12 14 16 18
28 12 28 15 3
28 12 16 17 17
28 12 15 23 24
28 12 21 19 14
28 12 18 16 14
28 12 19 20 17
28 12 19 13 10
28 12 22 9 9
28 12 19 6 15
28 12 17 19 18
28 12 25 12 3
28 12 25 13 4
28 12 16 26 26
28 12 10 18 24
29 4 14 16 27
29 4 28 15 12
29 4 16 17 26
29 4 15 23 33
29 4 21 19 23
29 4 18 16 23
29 4 19 20 26
29 4 19 13 19
29 4 22 9 12
29 4 19 6 12
29 4 17 19 27
29 4 25 12 12
29 4 25 13 13
29 4 16 26 35
29 4 10 18 33
21 4 14 16 19
21 4 28 15 18
21 4 16 17 18
21 4 15 23 25
21 4 21 19 15
21 4 18 16 15
21 4 19 20 18
21 4 19 13 11
21 4 22 9 6
21 4 19 6 4
21 4 17 19 19
21 4 25 12 12
21 4 25 13 13
21 4 16 26 27
21 4 10 18 25
18 0 14 16 20
18 0 28 15 25
18 0 16 17 19
18 0 15 23 26
18 0 21 19 22
18 0 18 16 16
18 0 19 20 21
18 0 19 13 14
18 0 22 9 13
18 0 19 6 7
18 0 17 19 20
18 0 25 12 19
18 0 25 13 20
18 0 16 26 28
18 0 10 18 26
26 1 3 25 47
26 1 9 20 36
26 1 11 24 38
26 1 4 20 41
26 1 9 22 38
26 1 12 27 40
26 1 6 17 36
26 1 3 20 42
26 1 11 26 40
26 1 7 20 38
26 1 1 17 41
26 2 3 25 46
26 2 9 20 35
26 2 11 24 37
26 2 4 20 40
26 2 9 22 37
26 2 12 27 39
26 2 6 17 35
26 2 3 20 41
26 2 11 26 39
26 2 7 20 37
26 2 1 17 40
26 10 3 25 38
26 10 9 20 27
26 10 11 24 29
26 10 4 20 32
26 10 9 22 29
26 10 12 27 31
26 10 6 17 27
26 10 3 20 33
26 10 11 26 31
26 10 7 20 29
26 10 1 17 32
26 4 3 25 44
26 4 9 20 33
26 4 11 24 35
26 4 4 20 38
26 4 9 22 35
26 4 12 27 37
26 4 6 17 33
26 4 3 20 39
26 4 11 26 37
26 4 7 20 35
26 4 1 17 38
24 5 3 25 41
24 5 9 20 30
24 5 11 24 32
24 5 4 20 35
24 5 9 22 32
24 5 12 27 34
24 5 6 17 30
24 5 3 20 36
24 5 11 26 34
24 5 7 20 32
24 5 1 17 35
20 3 3 25 39
20 3 9 20 28
20 3 11 24 30
20 3 4 20 33
20 3 9 22 30
20 3 12 27 32
20 3 6 17 28
20 3 3 20 34
20 3 11 26 32
20 3 7 20 30
20 3 1 17 33
21 6 3 25 37
21 6 9 20 26
21 6 11 24 28
21 6 4 20 31
21 6 9 22 28
21 6 12 27 30
21 6 6 17 26
21 6 3 20 32
21 6 11 26 30
21 6 7 20 28
21 6 1 17 31
28 12 3 25 38
28 12 9 20 27
28 12 11 24 29
28 12 4 20 32
28 12 9 22 29
28 12 12 27 31
28 12 6 17 27
28 12 3 20 33
28 12 11 26 31
28 12 7 20 29
28 12 1 17 32
29 4 3 25 47
29 4 9 20 36
29 4 11 24 38
29 4 4 20 41
29 4 9 22 38
29 4 12 27 40
29 4 6 17 36
29 4 3 20 42
29 4 11 26 40
29 4 7 20 38
29 4 1 17 41
21 4 3 25 39
21 4 9 20 28
21 4 11 24 30
21 4 4 20 33
21 4 9 22 30
21 4 12 27 32
21 4 6 17 28
21 4 3 20 34
21 4 11 26 32
21 4 7 20 30
21 4 1 17 33
18 0 3 25 40
18 0 9 20 29
18 0 11 24 31
18 0 4 20 34
18 0 9 22 31
18 0 12 27 33
18 0 6 17 29
18 0 3 20 35
18 0 11 26 33
18 0 7 20 31
18 0 1 17 34
5 28 19 28 14
7 28 19 28 12
5 28 1 2 30
5 28 5 9 19
5 28 2 4 27
5 28 5 7 21
5 28 5 3 25
5 28 0 10 23
5 28 0 7 26
5 28 5 1 27
5 28 2 6 25
7 28 1 2 32
7 28 5 9 21
7 28 2 4 29
7 28 5 7 23
7 28 5 3 27
7 28 0 10 25
7 28 0 7 28
7 28 5 1 29
7 28 2 6 27
5 28 26 1 48
5 28 26 2 47
5 28 26 10 39
5 28 26 4 45
5 28 24 5 42
5 28 20 3 40
5 28 21 6 38
5 28 28 12 39
5 28 29 4 48
5 28 21 4 40
5 28 18 0 41
7 28 26 1 46
7 28 26 2 45
7 28 26 10 37
7 28 26 4 43
7 28 24 5 40
7 28 20 3 38
7 28 21 6 36
7 28 28 12 37
7 28 29 4 46
7 28 21 4 38
7 28 18 0 39
5 28 29 22 30
7 28 29 22 28
5 28 14 16 21
5 28 28 15 36
5 28 16 17 22
5 28 15 23 15
5 28 21 19 25
5 28 18 16 25
5 28 19 20 22
5 28 19 13 29
5 28 22 9 36
5 28 19 6 36
5 28 17 19 21
5 28 25 12 36
5 28 25 13 35
5 28 16 26 13
5 28 10 18 15
7 28 14 16 19
7 28 28 15 34
7 28 16 17 20
7 28 15 23 13
7 28 21 19 23
7 28 18 16 23
7 28 19 20 20
7 28 19 13 27
7 28 22 9 34
7 28 19 6 34
7 28 17 19 19
7 28 25 12 34
7 28 25 13 33
7 28 16 26 11
7 28 10 18 13
5 28 3 25 5
5 28 9 20 12
5 28 11 24 10
5 28 4 20 9
5 28 9 22 10
5 28 12 27 8
5 28 6 17 12
5 28 3 20 10
5 28 11 26 8
5 28 7 20 10
5 28 1 17 15
7 28 3 25 7
7 28 9 20 10
7 28 11 24 8
7 28 4 20 11
7 28 9 22 8
7 28 12 27 6
7 28 6 17 12
7 28 3 20 12
7 28 11 26 6
7 28 7 20 8
7 28 1 17 17
29 22 19 28 16
29 22 1 2 48
29 22 5 9 37
29 22 2 4 45
29 22 5 7 39
29 22 5 3 43
29 22 0 10 41
29 22 0 7 44
29 22 5 1 45
29 22 2 6 43
29 22 26 1 24
29 22 26 2 23
29 22 26 10 15
29 22 26 4 21
29 22 24 5 22
29 22 20 3 28
29 22 21 6 24
29 22 28 12 11
29 22 29 4 18
29 22 21 4 26
29 22 18 0 33
29 22 5 28 30
29 22 7 28 28
29 22 14 16 21
29 22 28 15 8
29 22 16 17 18
29 22 15 23 15
29 22 21 19 11
29 22 18 16 17
29 22 19 20 12
29 22 19 13 19
29 22 22 9 20
29 22 19 6 26
29 22 17 19 15
29 22 25 12 14
29 22 25 13 13
29 22 16 26 17
29 22 10 18 23
29 22 3 25 29
29 22 9 20 22
29 22 11 24 20
29 22 4 20 27
29 22 9 22 20
29 22 12 27 22
29 22 6 17 28
29 22 3 20 28
29 22 11 26 22
29 22 7 20 24
29 22 1 17 33
14 16 19 28 17
28 15 19 28 22
16 17 19 28 14
15 23 19 28 9
21 19 19 28 11
18 16 19 28 13
19 20 19 28 8
19 13 19 28 15
22 9 19 28 22
19 6 19 28 22
17 19 19 28 11
25 12 19 28 22
25 13 19 28 21
16 26 19 28 5
10 18 19 28 19
14 16 1 2 27
14 16 5 9 16
14 16 2 4 24
14 16 5 7 18
14 16 5 3 22
14 16 0 10 20
14 16 0 7 23
14 16 5 1 24
14 16 2 6 22
28 15 1 2 40
28 15 5 9 29
28 15 2 4 37
28 15 5 7 31
28 15 5 3 35
28 15 0 10 33
28 15 0 7 36
28 15 5 1 37
28 15 2 6 35
16 17 1 2 30
16 17 5 9 19
16 17 2 4 27
16 17 5 7 21
16 17 5 3 25
16 17 0 10 23
16 17 0 7 26
16 17 5 1 27
16 17 2 6 25
15 23 1 2 35
15 23 5 9 24
15 23 2 4 32
15 23 5 7 26
15 23 5 3 30
15 23 0 10 28
15 23 0 7 31
15 23 5 1 32
15 23 2 6 30
21 19 1 2 37
21 19 5 9 26
21 19 2 4 34
21 19 5 7 28
21 19 5 3 32
21 19 0 10 30
21 19 0 7 33
21 19 5 1 34
21 19 2 6 32
18 16 1 2 31
18 16 5 9 20
18 16 2 4 28
18 16 5 7 22
18 16 5 3 26
18 16 0 10 24
18 16 0 7 27
18 16 5 1 28
18 16 2 6 26
19 20 1 2 36
19 20 5 9 25
19 20 2 4 33
19 20 5 7 27
19 20 5 3 31
19 20 0 10 29
19 20 0 7 32
19 20 5 1 33
19 20 2 6 31
19 13 1 2 29
19 13 5 9 18
19 13 2 4 26
19 13 5 7 20
19 13 5 3 24
19 13 0 10 22
19 13 0 7 25
19 13 5 1 26
19 13 2 6 24
22 9 1 2 28
22 9 5 9 17
22 9 2 4 25
22 9 5 7 19
22 9 5 3 23
22 9 0 10 23
22 9 0 7 24
22 9 5 1 25
22 9 2 6 23
19 6 1 2 22
19 6 5 9 17
19 6 2 4 19
19 6 5 7 15
19 6 5 3 17
19 6 0 10 23
19 6 0 7 20
19 6 5 1 19
19 6 2 6 17
17 19 1 2 33
17 19 5 9 22
17 19 2 4 30
17 19 5 7 24
17 19 5 3 28
17 19 0 10 26
17 19 0 7 29
17 19 5 1 30
17 19 2 6 28
25 12 1 2 34
25 12 5 9 23
25 12 2 4 31
25 12 5 7 25
25 12 5 3 29
25 12 0 10 27
25 12 0 7 30
25 12 5 1 31
25 12 2 6 29
25 13 1 2 35
25 13 5 9 24
25 13 2 4 32
25 13 5 7 26
25 13 5 3 30
25 13 0 10 28
25 13 0 7 31
25 13 5 1 32
25 13 2 6 30
16 26 1 2 39
16 26 5 9 28
16 26 2 4 36
16 26 5 7 30
16 26 5 3 34
16 26 0 10 32
16 26 0 7 35
16 26 5 1 36
16 26 2 6 34
10 18 1 2 25
10 18 5 9 14
10 18 2 4 22
10 18 5 7 16
10 18 5 3 20
10 18 0 10 18
10 18 0 7 21
10 18 5 1 22
10 18 2 6 20
14 16 26 1 27
14 16 26 2 26
14 16 26 10 18
14 16 26 4 24
14 16 24 5 21
14 16 20 3 19
14 16 21 6 17
14 16 28 12 18
14 16 29 4 27
14 16 21 4 19
14 16 18 0 20
28 15 26 1 16
28 15 26 2 15
28 15 26 10 7
28 15 26 4 13
28 15 24 5 14
28 15 20 3 20
28 15 21 6 16
28 15 28 12 3
28 15 29 4 12
28 15 21 4 18
28 15 18 0 25
16 17 26 1 26
16 17 26 2 25
16 17 26 10 17
16 17 26 4 23
16 17 24 5 20
16 17 20 3 18
16 17 21 6 16
16 17 28 12 17
16 17 29 4 26
16 17 21 4 18
16 17 18 0 19
15 23 26 1 33
15 23 26 2 32
15 23 26 10 24
15 23 26 4 30
15 23 24 5 27
15 23 20 3 25
15 23 21 6 23
15 23 28 12 24
15 23 29 4 33
15 23 21 4 25
15 23 18 0 26
21 19 26 1 23
21 19 26 2 22
21 19 26 10 14
21 19 26 4 20
21 19 24 5 17
21 19 20 3 17
21 19 21 6 13
21 19 28 12 14
21 19 29 4 23
21 19 21 4 15
21 19 18 0 22
18 16 26 1 23
18 16 26 2 22
18 16 26 10 14
18 16 26 4 20
18 16 24 5 17
18 16 20 3 15
18 16 21 6 13
18 16 28 12 14
18 16 29 4 23
18 16 21 4 15
18 16 18 0 16
19 20 26 1 26
19 20 26 2 25
19 20 26 10 17
19 20 26 4 23
19 20 24 5 20
19 20 20 3 18
19 20 21 6 16
19 20 28 12 17
19 20 29 4 26
19 20 21 4 18
19 20 18 0 21
19 13 26 1 19
19 13 26 2 18
19 13 26 10 10
19 13 26 4 16
19 13 24 5 13
19 13 20 3 11
19 13 21 6 9
19 13 28 12 10
19 13 29 4 19
19 13 21 4 11
19 13 18 0 14
22 9 26 1 12
22 9 26 2 11
22 9 26 10 5
22 9 26 4 9
22 9 24 5 6
22 9 20 3 8
22 9 21 6 4
22 9 28 12 9
22 9 29 4 12
22 9 21 4 6
22 9 18 0 13
19 6 26 1 12
19 6 26 2 11
19 6 26 10 11
19 6 26 4 9
19 6 24 5 6
19 6 20 3 4
19 6 21 6 2
19 6 28 12 15
19 6 29 4 12
19 6 21 4 4
19 6 18 0 7
17 19 26 1 27
17 19 26 2 26
17 19 26 10 18
17 19 26 4 24
17 19 24 5 21
17 19 20 3 19
17 19 21 6 17
17 19 28 12 18
17 19 29 4 27
17 19 21 4 19
17 19 18 0 20
25 12 26 1 12
25 12 26 2 11
25 12 26 10 3
25 12 26 4 9
25 12 24 5 8
25 12 20 3 14
25 12 21 6 10
25 12 28 12 3
25 12 29 4 12
25 12 21 4 12
25 12 18 0 19
25 13 26 1 13
25 13 26 2 12
25 13 26 10 4
25 13 26 4 10
25 13 24 5 9
25 13 20 3 15
25 13 21 6 11
25 13 28 12 4
25 13 29 4 13
25 13 21 4 13
25 13 18 0 20
16 26 26 1 35
16 26 26 2 34
16 26 26 10 26
16 26 26 4 32
16 26 24 5 29
16 26 20 3 27
16 26 21 6 25
16 26 28 12 26
16 26 29 4 35
16 26 21 4 27
16 26 18 0 28
10 18 26 1 33
10 18 26 2 32
10 18 26 10 24
10 18 26 4 30
10 18 24 5 27
10 18 20 3 25
10 18 21 6 23
10 18 28 12 24
10 18 29 4 33
10 18 21 4 25
10 18 18 0 26
14 16 5 28 21
14 16 7 28 19
28 15 5 28 36
28 15 7 28 34
16 17 5 28 22
16 17 7 28 20
15 23 5 28 15
15 23 7 28 13
21 19 5 28 25
21 19 7 28 23
18 16 5 28 25
18 16 7 28 23
19 20 5 28 22
19 20 7 28 20
19 13 5 28 29
19 13 7 28 27
22 9 5 28 36
22 9 7 28 34
19 6 5 28 36
19 6 7 28 34
17 19 5 28 21
17 19 7 28 19
25 12 5 28 36
25 12 7 28 34
25 13 5 28 35
25 13 7 28 33
16 26 5 28 13
16 26 7 28 11
10 18 5 28 15
10 18 7 28 13
14 16 29 22 21
28 15 29 22 8
16 17 29 22 18
15 23 29 22 15
21 19 29 22 11
18 16 29 22 17
19 20 29 22 12
19 13 29 22 19
22 9 29 22 20
19 6 29 22 26
17 19 29 22 15
25 12 29 22 14
25 13 29 22 13
16 26 29 22 17
10 18 29 22 23
14 16 3 25 20
14 16 9 20 9
14 16 11 24 11
14 16 4 20 14
14 16 9 22 11
14 16 12 27 13
14 16 6 17 9
14 16 3 20 15
14 16 11 26 13
14 16 7 20 11
14 16 1 17 14
28 15 3 25 35
28 15 9 20 24
28 15 11 24 26
28 15 4 20 29
28 15 9 22 26
28 15 12 27 28
28 15 6 17 24
28 15 3 20 30
28 15 11 26 28
28 15 7 20 26
28 15 1 17 29
16 17 3 25 21
16 17 9 20 10
16 17 11 24 12
16 17 4 20 15
16 17 9 22 12
16 17 12 27 14
16 17 6 17 10
16 17 3 20 16
16 17 11 26 14
16 17 7 20 12
16 17 1 17 15
15 23 3 25 14
15 23 9 20 9
15 23 11 24 5
15 23 4 20 14
15 23 9 22 7
15 23 12 27 7
15 23 6 17 15
15 23 3 20 15
15 23 11 26 7
15 23 7 20 11
15 23 1 17 20
21 19 3 25 24
21 19 9 20 13
21 19 11 24 15
21 19 4 20 18
21 19 9 22 15
21 19 12 27 17
21 19 6 17 17
21 19 3 20 19
21 19 11 26 17
21 19 7 20 15
21 19 1 17 22
18 16 3 25 24
18 16 9 20 13
18 16 11 24 15
18 16 4 20 18
18 16 9 22 15
18 16 12 27 17
18 16 6 17 13
18 16 3 20 19
18 16 11 26 17
18 16 7 20 15
18 16 1 17 18
19 20 3 25 21
19 20 9 20 10
19 20 11 24 12
19 20 4 20 15
19 20 9 22 12
19 20 12 27 14
19 20 6 17 16
19 20 3 20 16
19 20 11 26 14
19 20 7 20 12
19 20 1 17 21
19 13 3 25 28
19 13 9 20 17
19 13 11 24 19
19 13 4 20 22
19 13 9 22 19
19 13 12 27 21
19 13 6 17 17
19 13 3 20 23
19 13 11 26 21
19 13 7 20 19
19 13 1 17 22
22 9 3 25 35
22 9 9 20 24
22 9 11 24 26
22 9 4 20 29
22 9 9 22 26
22 9 12 27 28
22 9 6 17 24
22 9 3 20 30
22 9 11 26 28
22 9 7 20 26
22 9 1 17 29
19 6 3 25 35
19 6 9 20 24
19 6 11 24 26
19 6 4 20 29
19 6 9 22 26
19 6 12 27 28
19 6 6 17 24
19 6 3 20 30
19 6 11 26 28
19 6 7 20 26
19 6 1 17 29
17 19 3 25 20
17 19 9 20 9
17 19 11 24 11
17 19 4 20 14
17 19 9 22 11
17 19 12 27 13
17 19 6 17 13
17 19 3 20 15
17 19 11 26 13
17 19 7 20 11
17 19 1 17 18
25 12 3 25 35
25 12 9 20 24
25 12 11 24 26
25 12 4 20 29
25 12 9 22 26
25 12 12 27 28
25 12 6 17 24
25 12 3 20 30
25 12 11 26 28
25 12 7 20 26
25 12 1 17 29
25 13 3 25 34
25 13 9 20 23
25 13 11 24 25
25 13 4 20 28
25 13 9 22 25
25 13 12 27 27
25 13 6 17 23
25 13 3 20 29
25 13 11 26 27
25 13 7 20 25
25 13 1 17 28
16 26 3 25 14
16 26 9 20 13
16 26 11 24 7
16 26 4 20 18
16 26 9 22 11
16 26 12 27 5
16 26 6 17 19
16 26 3 20 19
16 26 11 26 5
16 26 7 20 15
16 26 1 17 24
10 18 3 25 14
10 18 9 20 3
10 18 11 24 7
10 18 4 20 8
10 18 9 22 5
10 18 12 27 11
10 18 6 17 5
10 18 3 20 9
10 18 11 26 9
10 18 7 20 5
10 18 1 17 10
3 25 19 28 19
9 20 19 28 18
11 24 19 28 12
4 20 19 28 23
9 22 19 28 16
12 27 19 28 8
6 17 19 28 24
3 20 19 28 24
11 26 19 28 10
7 20 19 28 20
1 17 19 28 29
3 25 1 2 25
3 25 5 9 18
3 25 2 4 22
3 25 5 7 20
3 25 5 3 24
3 25 0 10 18
3 25 0 7 21
3 25 5 1 26
3 25 2 6 20
9 20 1 2 26
9 20 5 9 15
9 20 2 4 23
9 20 5 7 17
9 20 5 3 21
9 20 0 10 19
9 20 0 7 22
9 20 5 1 23
9 20 2 6 21
11 24 1 2 32
11 24 5 9 21
11 24 2 4 29
11 24 5 7 23
11 24 5 3 27
11 24 0 10 25
11 24 0 7 28
11 24 5 1 29
11 24 2 6 27
4 20 1 2 21
4 20 5 9 12
4 20 2 4 18
4 20 5 7 14
4 20 5 3 18
4 20 0 10 14
4 20 0 7 17
4 20 5 1 20
4 20 2 6 16
9 22 1 2 28
9 22 5 9 17
9 22 2 4 25
9 22 5 7 19
9 22 5 3 23
9 22 0 10 21
9 22 0 7 24
9 22 5 1 25
9 22 2 6 23
12 27 1 2 36
12 27 5 9 25
12 27 2 4 33
12 27 5 7 27
12 27 5 3 31
12 27 0 10 29
12 27 0 7 32
12 27 5 1 33
12 27 2 6 31
6 17 1 2 20
6 17 5 9 9
6 17 2 4 17
6 17 5 7 11
6 17 5 3 15
6 17 0 10 13
6 17 0 7 16
6 17 5 1 17
6 17 2 6 15
3 20 1 2 20
3 20 5 9 13
3 20 2 4 17
3 20 5 7 15
3 20 5 3 19
3 20 0 10 13
3 20 0 7 16
3 20 5 1 21
3 20 2 6 15
11 26 1 2 34
11 26 5 9 23
11 26 2 4 31
11 26 5 7 25
11 26 5 3 29
11 26 0 10 27
11 26 0 7 30
11 26 5 1 31
11 26 2 6 29
7 20 1 2 24
7 20 5 9 13
7 20 2 4 21
7 20 5 7 15
7 20 5 3 19
7 20 0 10 17
7 20 0 7 20
7 20 5 1 21
7 20 2 6 19
1 17 1 2 15
1 17 5 9 12
1 17 2 4 14
1 17 5 7 14
1 17 5 3 18
1 17 0 10 8
1 17 0 7 11
1 17 5 1 20
1 17 2 6 12
3 25 26 1 47
3 25 26 2 46
3 25 26 10 38
3 25 26 4 44
3 25 24 5 41
3 25 20 3 39
3 25 21 6 37
3 25 28 12 38
3 25 29 4 47
3 25 21 4 39
3 25 18 0 40
9 20 26 1 36
9 20 26 2 35
9 20 26 10 27
9 20 26 4 33
9 20 24 5 30
9 20 20 3 28
9 20 21 6 26
9 20 28 12 27
9 20 29 4 36
9 20 21 4 28
9 20 18 0 29
11 24 26 1 38
11 24 26 2 37
11 24 26 10 29
11 24 26 4 35
11 24 24 5 32
11 24 20 3 30
11 24 21 6 28
11 24 28 12 29
11 24 29 4 38
11 24 21 4 30
11 24 18 0 31
4 20 26 1 41
4 20 26 2 40
4 20 26 10 32
4 20 26 4 38
4 20 24 5 35
4 20 20 3 33
4 20 21 6 31
4 20 28 12 32
4 20 29 4 41
4 20 21 4 33
4 20 18 0 34
9 22 26 1 38
9 22 26 2 37
9 22 26 10 29
9 22 26 4 35
9 22 24 5 32
9 22 20 3 30
9 22 21 6 28
9 22 28 12 29
9 22 29 4 38
9 22 21 4 30
9 22 18 0 31
12 27 26 1 40
12 27 26 2 39
12 27 26 10 31
12 27 26 4 37
12 27 24 5 34
12 27 20 3 32
12 27 21 6 30
12 27 28 12 31
12 27 29 4 40
12 27 21 4 32
12 27 18 0 33
6 17 26 1 36
6 17 26 2 35
6 17 26 10 27
6 17 26 4 33
6 17 24 5 30
6 17 20 3 28
6 17 21 6 26
6 17 28 12 27
6 17 29 4 36
6 17 21 4 28
6 17 18 0 29
3 20 26 1 42
3 20 26 2 41
3 20 26 10 33
3 20 26 4 39
3 20 24 5 36
3 20 20 3 34
3 20 21 6 32
3 20 28 12 33
3 20 29 4 42
3 20 21 4 34
3 20 18 0 35
11 26 26 1 40
11 26 26 2 39
11 26 26 10 31
11 26 26 4 37
11 26 24 5 34
11 26 20 3 32
11 26 21 6 30
11 26 28 12 31
11 26 29 4 40
11 26 21 4 32
11 26 18 0 33
7 20 26 1 38
7 20 26 2 37
7 20 26 10 29
7 20 26 4 35
7 20 24 5 32
7 20 20 3 30
7 20 21 6 28
7 20 28 12 29
7 20 29 4 38
7 20 21 4 30
7 20 18 0 31
1 17 26 1 41
1 17 26 2 40
1 17 26 10 32
1 17 26 4 38
1 17 24 5 35
1 17 20 3 33
1 17 21 6 31
1 17 28 12 32
1 17 29 4 41
1 17 21 4 33
1 17 18 0 34
3 25 5 28 5
3 25 7 28 7
9 20 5 28 12
9 20 7 28 10
11 24 5 28 10
11 24 7 28 8
4 20 5 28 9
4 20 7 28 11
9 22 5 28 10
9 22 7 28 8
12 27 5 28 8
12 27 7 28 6
6 17 5 28 12
6 17 7 28 12
3 20 5 28 10
3 20 7 28 12
11 26 5 28 8
11 26 7 28 6
7 20 5 28 10
7 20 7 28 8
1 17 5 28 15
1 17 7 28 17
3 25 29 22 29
9 20 29 22 22
11 24 29 22 20
4 20 29 22 27
9 22 29 22 20
12 27 29 22 22
6 17 29 22 28
3 20 29 22 28
11 26 29 22 22
7 20 29 22 24
1 17 29 22 33
3 25 14 16 20
3 25 28 15 35
3 25 16 17 21
3 25 15 23 14
3 25 21 19 24
3 25 18 16 24
3 25 19 20 21
3 25 19 13 28
3 25 22 9 35
3 25 19 6 35
3 25 17 19 20
3 25 25 12 35
3 25 25 13 34
3 25 16 26 14
3 25 10 18 14
9 20 14 16 9
9 20 28 15 24
9 20 16 17 10
9 20 15 23 9
9 20 21 19 13
9 20 18 16 13
9 20 19 20 10
9 20 19 13 17
9 20 22 9 24
9 20 19 6 24
9 20 17 19 9
9 20 25 12 24
9 20 25 13 23
9 20 16 26 13
9 20 10 18 3
11 24 14 16 11
11 24 28 15 26
11 24 16 17 12
11 24 15 23 5
11 24 21 19 15
11 24 18 16 15
11 24 19 20 12
11 24 19 13 19
11 24 22 9 26
11 24 19 6 26
11 24 17 19 11
11 24 25 12 26
11 24 25 13 25
11 24 16 26 7
11 24 10 18 7
4 20 14 16 14
4 20 28 15 29
4 20 16 17 15
4 20 15 23 14
4 20 21 19 18
4 20 18 16 18
4 20 19 20 15
4 20 19 13 22
4 20 22 9 29
4 20 19 6 29
4 20 17 19 14
4 20 25 12 29
4 20 25 13 28
4 20 16 26 18
4 20 10 18 8
9 22 14 16 11
9 22 28 15 26
9 22 16 17 12
9 22 15 23 7
9 22 21 19 15
9 22 18 16 15
9 22 19 20 12
9 22 19 13 19
9 22 22 9 26
9 22 19 6 26
9 22 17 19 11
9 22 25 12 26
9 22 25 13 25
9 22 16 26 11
9 22 10 18 5
12 27 14 16 13
12 27 28 15 28
12 27 16 17 14
12 27 15 23 7
12 27 21 19 17
12 27 18 16 17
12 27 19 20 14
12 27 19 13 21
12 27 22 9 28
12 27 19 6 28
12 27 17 19 13
12 27 25 12 28
12 27 25 13 27
12 27 16 26 5
12 27 10 18 11
6 17 14 16 9
6 17 28 15 24
6 17 16 17 10
6 17 15 23 15
6 17 21 19 17
6 17 18 16 13
6 17 19 20 16
6 17 19 13 17
6 17 22 9 24
6 17 19 6 24
6 17 17 19 13
6 17 25 12 24
6 17 25 13 23
6 17 16 26 19
6 17 10 18 5
3 20 14 16 15
3 20 28 15 30
3 20 16 17 16
3 20 15 23 15
3 20 21 19 19
3 20 18 16 19
3 20 19 20 16
3 20 19 13 23
3 20 22 9 30
3 20 19 6 30
3 20 17 19 15
3 20 25 12 30
3 20 25 13 29
3 20 16 26 19
3 20 10 18 9
11 26 14 16 13
11 26 28 15 28
11 26 16 17 14
11 26 15 23 7
11 26 21 19 17
11 26 18 16 17
11 26 19 20 14
11 26 19 13 21
11 26 22 9 28
11 26 19 6 28
11 26 17 19 13
11 26 25 12 28
11 26 25 13 27
11 26 16 26 5
11 26 10 18 9
7 20 14 16 11
7 20 28 15 26
7 20 16 17 12
7 20 15 23 11
7 20 21 19 15
7 20 18 16 15
7 20 19 20 12
7 20 19 13 19
7 20 22 9 26
7 20 19 6 26
7 20 17 19 11
7 20 25 12 26
7 20 25 13 25
7 20 16 26 15
7 20 10 18 5
1 17 14 16 14
1 17 28 15 29
1 17 16 17 15
1 17 15 23 20
1 17 21 19 22
1 17 18 16 18
1 17 19 20 21
1 17 19 13 22
1 17 22 9 29
1 17 19 6 29
1 17 17 19 18
1 17 25 12 29
1 17 25 13 28
1 17 16 26 24
1 17 10 18 10