100 11 3 6 15
3 Clusters:
0 1 1 0
1 7 8 3
1 7 1 3
1 5 8 3
1 7 3 3
2 3 9 11
2 9 9 11
2 8 9 11
3 6 0 3
3 3 5 3
3 2 7 3
86 Arcs:
1 1 7 8 13
1 1 7 1 6
1 1 5 8 11
1 1 7 3 8
1 1 3 9 10
1 1 9 9 16
1 1 8 9 15
1 1 6 0 6
1 1 3 5 6
1 1 2 7 7
7 8 1 1 13
7 1 1 1 6
5 8 1 1 11
7 3 1 1 8
7 8 3 9 5
7 8 9 9 3
7 8 8 9 2
7 1 3 9 12
7 1 9 9 10
7 1 8 9 9
5 8 3 9 3
5 8 9 9 5
5 8 8 9 4
7 3 3 9 10
7 3 9 9 8
7 3 8 9 7
7 8 6 0 9
7 8 3 5 7
7 8 2 7 6
7 1 6 0 2
7 1 3 5 8
7 1 2 7 11
5 8 6 0 9
5 8 3 5 5
5 8 2 7 4
7 3 6 0 4
7 3 3 5 6
7 3 2 7 9
3 9 1 1 10
9 9 1 1 16
8 9 1 1 15
3 9 7 8 5
3 9 7 1 12
3 9 5 8 3
3 9 7 3 10
9 9 7 8 3
9 9 7 1 10
9 9 5 8 5
9 9 7 3 8
8 9 7 8 2
8 9 7 1 9
8 9 5 8 4
8 9 7 3 7
3 9 6 0 12
3 9 3 5 4
3 9 2 7 3
9 9 6 0 12
9 9 3 5 10
9 9 2 7 9
8 9 6 0 11
8 9 3 5 9
8 9 2 7 8
6 0 1 1 6
3 5 1 1 6
2 7 1 1 7
6 0 7 8 9
6 0 7 1 2
6 0 5 8 9
6 0 7 3 4
3 5 7 8 7
3 5 7 1 8
3 5 5 8 5
3 5 7 3 6
2 7 7 8 6
2 7 7 1 11
2 7 5 8 4
2 7 7 3 9
6 0 3 9 12
6 0 9 9 12
6 0 8 9 11
3 5 3 9 4
3 5 9 9 10
3 5 8 9 9
2 7 3 9 3
2 7 9 9 9
2 7 8 9 8
