100 11 3 6 15
3 Clusters:
0 4 6 0
1 4 5 9
1 3 4 9
1 9 9 9
1 3 2 9
2 2 1 6
2 9 6 6
2 1 6 6
3 4 2 3
3 8 1 3
3 5 8 3
86 Arcs:
4 6 4 5 1
4 6 3 4 3
4 6 9 9 8
4 6 3 2 5
4 6 2 1 7
4 6 9 6 5
4 6 1 6 3
4 6 4 2 4
4 6 8 1 9
4 6 5 8 3
4 5 4 6 1
3 4 4 6 3
9 9 4 6 8
3 2 4 6 5
4 5 2 1 6
4 5 9 6 6
4 5 1 6 4
3 4 2 1 4
3 4 9 6 8
3 4 1 6 4
9 9 2 1 15
9 9 9 6 3
9 9 1 6 11
3 2 2 1 2
3 2 9 6 10
3 2 1 6 6
4 5 4 2 3
4 5 8 1 8
4 5 5 8 4
3 4 4 2 3
3 4 8 1 8
3 4 5 8 6
9 9 4 2 12
9 9 8 1 9
9 9 5 8 5
3 2 4 2 1
3 2 8 1 6
3 2 5 8 8
2 1 4 6 7
9 6 4 6 5
1 6 4 6 3
2 1 4 5 6
2 1 3 4 4
2 1 9 9 15
2 1 3 2 2
9 6 4 5 6
9 6 3 4 8
9 6 9 9 3
9 6 3 2 10
1 6 4 5 4
1 6 3 4 4
1 6 9 9 11
1 6 3 2 6
2 1 4 2 3
2 1 8 1 6
2 1 5 8 10
9 6 4 2 9
9 6 8 1 6
9 6 5 8 6
1 6 4 2 7
1 6 8 1 12
1 6 5 8 6
4 2 4 6 4
8 1 4 6 9
5 8 4 6 3
4 2 4 5 3
4 2 3 4 3
4 2 9 9 12
4 2 3 2 1
8 1 4 5 8
8 1 3 4 8
8 1 9 9 9
8 1 3 2 6
5 8 4 5 4
5 8 3 4 6
5 8 9 9 5
5 8 3 2 8
4 2 2 1 3
4 2 9 6 9
4 2 1 6 7
8 1 2 1 6
8 1 9 6 6
8 1 1 6 12
5 8 2 1 10
5 8 9 6 6
5 8 1 6 6
