100 11 3 6 15
3 Clusters:
0 5 0 0
1 9 0 12
1 7 7 12
1 4 8 12
1 7 6 12
2 8 9 4
2 6 9 4
2 4 7 4
3 7 4 6
3 7 9 6
3 7 2 6
86 Arcs:
5 0 9 0 4
5 0 7 7 9
5 0 4 8 9
5 0 7 6 8
5 0 8 9 12
5 0 6 9 10
5 0 4 7 8
5 0 7 4 6
5 0 7 9 11
5 0 7 2 4
9 0 5 0 4
7 7 5 0 9
4 8 5 0 9
7 6 5 0 8
9 0 8 9 10
9 0 6 9 12
9 0 4 7 12
7 7 8 9 3
7 7 6 9 3
7 7 4 7 3
4 8 8 9 5
4 8 6 9 3
4 8 4 7 1
7 6 8 9 4
7 6 6 9 4
7 6 4 7 4
9 0 7 4 6
9 0 7 9 11
9 0 7 2 4
7 7 7 4 3
7 7 7 9 2
7 7 7 2 5
4 8 7 4 7
4 8 7 9 4
4 8 7 2 9
7 6 7 4 2
7 6 7 9 3
7 6 7 2 4
8 9 5 0 12
6 9 5 0 10
4 7 5 0 8
8 9 9 0 10
8 9 7 7 3
8 9 4 8 5
8 9 7 6 4
6 9 9 0 12
6 9 7 7 3
6 9 4 8 3
6 9 7 6 4
4 7 9 0 12
4 7 7 7 3
4 7 4 8 1
4 7 7 6 4
8 9 7 4 6
8 9 7 9 1
8 9 7 2 8
6 9 7 4 6
6 9 7 9 1
6 9 7 2 8
4 7 7 4 6
4 7 7 9 5
4 7 7 2 8
7 4 5 0 6
7 9 5 0 11
7 2 5 0 4
7 4 9 0 6
7 4 7 7 3
7 4 4 8 7
7 4 7 6 2
7 9 9 0 11
7 9 7 7 2
7 9 4 8 4
7 9 7 6 3
7 2 9 0 4
7 2 7 7 5
7 2 4 8 9
7 2 7 6 4
7 4 8 9 6
7 4 6 9 6
7 4 4 7 6
7 9 8 9 1
7 9 6 9 1
7 9 4 7 5
7 2 8 9 8
7 2 6 9 8
7 2 4 7 8
