100 11 3 6 15
3 Clusters:
0 4 0 0
1 1 3 6
1 7 8 6
1 1 0 6
1 5 4 6
2 2 6 2
2 4 9 2
2 5 5 2
3 8 8 6
3 2 8 6
3 9 3 6
86 Arcs:
4 0 1 3 6
4 0 7 8 11
4 0 1 0 3
4 0 5 4 5
4 0 2 6 8
4 0 4 9 9
4 0 5 5 6
4 0 8 8 12
4 0 2 8 10
4 0 9 3 8
1 3 4 0 6
7 8 4 0 11
1 0 4 0 3
5 4 4 0 5
1 3 2 6 4
1 3 4 9 9
1 3 5 5 6
7 8 2 6 7
7 8 4 9 4
7 8 5 5 5
1 0 2 6 7
1 0 4 9 12
1 0 5 5 9
5 4 2 6 5
5 4 4 9 6
5 4 5 5 1
1 3 8 8 12
1 3 2 8 6
1 3 9 3 8
7 8 8 8 1
7 8 2 8 5
7 8 9 3 7
1 0 8 8 15
1 0 2 8 9
1 0 9 3 11
5 4 8 8 7
5 4 2 8 7
5 4 9 3 5
2 6 4 0 8
4 9 4 0 9
5 5 4 0 6
2 6 1 3 4
2 6 7 8 7
2 6 1 0 7
2 6 5 4 5
4 9 1 3 9
4 9 7 8 4
4 9 1 0 12
4 9 5 4 6
5 5 1 3 6
5 5 7 8 5
5 5 1 0 9
5 5 5 4 1
2 6 8 8 8
2 6 2 8 2
2 6 9 3 10
4 9 8 8 5
4 9 2 8 3
4 9 9 3 11
5 5 8 8 6
5 5 2 8 6
5 5 9 3 6
8 8 4 0 12
2 8 4 0 10
9 3 4 0 8
8 8 1 3 12
8 8 7 8 1
8 8 1 0 15
8 8 5 4 7
2 8 1 3 6
2 8 7 8 5
2 8 1 0 9
2 8 5 4 7
9 3 1 3 8
9 3 7 8 7
9 3 1 0 11
9 3 5 4 5
8 8 2 6 8
8 8 4 9 5
8 8 5 5 6
2 8 2 6 2
2 8 4 9 3
2 8 5 5 6
9 3 2 6 10
9 3 4 9 11
9 3 5 5 6
