625 40 5 3 25
5 Clusters:
0 8 22 0
1 1 0 9
1 3 2 9
1 9 1 9
1 0 3 9
2 21 0 13
2 23 4 13
2 24 7 13
2 22 8 13
3 2 22 4
3 6 23 4
3 6 21 4
3 1 18 4
3 4 17 4
3 3 15 4
3 0 15 4
3 1 20 4
4 23 23 20
4 14 24 20
4 23 15 20
4 21 22 20
5 11 12 22
5 11 4 22
5 19 15 22
5 16 14 22
5 16 15 22
5 10 10 22
5 17 12 22
5 12 3 22
5 10 12 22
5 12 23 22
5 13 9 22
5 7 7 22
5 15 14 22
5 3 12 22
5 17 9 22
5 5 9 22
5 23 12 22
5 7 17 22
5 12 5 22
1126 Arcs:
8 22 1 0 29
8 22 3 2 25
8 22 9 1 22
8 22 0 3 27
8 22 21 0 35
8 22 23 4 33
8 22 24 7 31
8 22 22 8 28
8 22 2 22 6
8 22 6 23 3
8 22 6 21 3
8 22 1 18 11
8 22 4 17 9
8 22 3 15 12
8 22 0 15 15
8 22 1 20 9
8 22 23 23 16
8 22 14 24 8
8 22 23 15 22
8 22 21 22 13
8 22 11 12 13
8 22 11 4 21
8 22 19 15 18
8 22 16 14 16
8 22 16 15 15
8 22 10 10 14
8 22 17 12 19
8 22 12 3 23
8 22 10 12 12
8 22 12 23 5
8 22 13 9 18
8 22 7 7 16
8 22 15 14 15
8 22 3 12 15
8 22 17 9 22
8 22 5 9 16
8 22 23 12 25
8 22 7 17 6
8 22 12 5 21
1 0 8 22 29
3 2 8 22 25
9 1 8 22 22
0 3 8 22 27
1 0 21 0 20
1 0 23 4 26
1 0 24 7 30
1 0 22 8 29
3 2 21 0 20
3 2 23 4 22
3 2 24 7 26
3 2 22 8 25
9 1 21 0 13
9 1 23 4 17
9 1 24 7 21
9 1 22 8 20
0 3 21 0 24
0 3 23 4 24
0 3 24 7 28
0 3 22 8 27
1 0 2 22 23
1 0 6 23 28
1 0 6 21 26
1 0 1 18 18
1 0 4 17 20
1 0 3 15 17
1 0 0 15 16
1 0 1 20 20
3 2 2 22 21
3 2 6 23 24
3 2 6 21 22
3 2 1 18 18
3 2 4 17 16
3 2 3 15 13
3 2 0 15 16
3 2 1 20 20
9 1 2 22 28
9 1 6 23 25
9 1 6 21 23
9 1 1 18 25
9 1 4 17 21
9 1 3 15 20
9 1 0 15 23
9 1 1 20 27
0 3 2 22 21
0 3 6 23 26
0 3 6 21 24
0 3 1 18 16
0 3 4 17 18
0 3 3 15 15
0 3 0 15 12
0 3 1 20 18
1 0 23 23 45
1 0 14 24 37
1 0 23 15 37
1 0 21 22 42
3 2 23 23 41
3 2 14 24 33
3 2 23 15 33
3 2 21 22 38
9 1 23 23 36
9 1 14 24 28
9 1 23 15 28
9 1 21 22 33
0 3 23 23 43
0 3 14 24 35
0 3 23 15 35
0 3 21 22 40
1 0 11 12 22
1 0 11 4 14
1 0 19 15 33
1 0 16 14 29
1 0 16 15 30
1 0 10 10 19
1 0 17 12 28
1 0 12 3 14
1 0 10 12 21
1 0 12 23 34
1 0 13 9 21
1 0 7 7 13
1 0 15 14 28
1 0 3 12 14
1 0 17 9 25
1 0 5 9 13
1 0 23 12 34
1 0 7 17 23
1 0 12 5 16
3 2 11 12 18
3 2 11 4 10
3 2 19 15 29
3 2 16 14 25
3 2 16 15 26
3 2 10 10 15
3 2 17 12 24
3 2 12 3 10
3 2 10 12 17
3 2 12 23 30
3 2 13 9 17
3 2 7 7 9
3 2 15 14 24
3 2 3 12 10
3 2 17 9 21
3 2 5 9 9
3 2 23 12 30
3 2 7 17 19
3 2 12 5 12
9 1 11 12 13
9 1 11 4 5
9 1 19 15 24
9 1 16 14 20
9 1 16 15 21
9 1 10 10 10
9 1 17 12 19
9 1 12 3 5
9 1 10 12 12
9 1 12 23 25
9 1 13 9 12
9 1 7 7 8
9 1 15 14 19
9 1 3 12 17
9 1 17 9 16
9 1 5 9 12
9 1 23 12 25
9 1 7 17 18
9 1 12 5 7
0 3 11 12 20
0 3 11 4 12
0 3 19 15 31
0 3 16 14 27
0 3 16 15 28
0 3 10 10 17
0 3 17 12 26
0 3 12 3 12
0 3 10 12 19
0 3 12 23 32
0 3 13 9 19
0 3 7 7 11
0 3 15 14 26
0 3 3 12 12
0 3 17 9 23
0 3 5 9 11
0 3 23 12 32
0 3 7 17 21
0 3 12 5 14
21 0 8 22 35
23 4 8 22 33
24 7 8 22 31
22 8 8 22 28
21 0 1 0 20
21 0 3 2 20
21 0 9 1 13
21 0 0 3 24
23 4 1 0 26
23 4 3 2 22
23 4 9 1 17
23 4 0 3 24
24 7 1 0 30
24 7 3 2 26
24 7 9 1 21
24 7 0 3 28
22 8 1 0 29
22 8 3 2 25
22 8 9 1 20
22 8 0 3 27
21 0 2 22 41
21 0 6 23 38
21 0 6 21 36
21 0 1 18 38
21 0 4 17 34
21 0 3 15 33
21 0 0 15 36
21 0 1 20 40
23 4 2 22 39
23 4 6 23 36
23 4 6 21 34
23 4 1 18 36
23 4 4 17 32
23 4 3 15 31
23 4 0 15 34
23 4 1 20 38
24 7 2 22 37
24 7 6 23 34
24 7 6 21 32
24 7 1 18 34
24 7 4 17 30
24 7 3 15 29
24 7 0 15 32
24 7 1 20 36
22 8 2 22 34
22 8 6 23 31
22 8 6 21 29
22 8 1 18 31
22 8 4 17 27
22 8 3 15 26
22 8 0 15 29
22 8 1 20 33
21 0 23 23 25
21 0 14 24 31
21 0 23 15 17
21 0 21 22 22
23 4 23 23 19
23 4 14 24 29
23 4 23 15 11
23 4 21 22 20
24 7 23 23 17
24 7 14 24 27
24 7 23 15 9
24 7 21 22 18
22 8 23 23 16
22 8 14 24 24
22 8 23 15 8
22 8 21 22 15
21 0 11 12 22
21 0 11 4 14
21 0 19 15 17
21 0 16 14 19
21 0 16 15 20
21 0 10 10 21
21 0 17 12 16
21 0 12 3 12
21 0 10 12 23
21 0 12 23 32
21 0 13 9 17
21 0 7 7 21
21 0 15 14 20
21 0 3 12 30
21 0 17 9 13
21 0 5 9 25
21 0 23 12 14
21 0 7 17 31
21 0 12 5 14
23 4 11 12 20
23 4 11 4 12
23 4 19 15 15
23 4 16 14 17
23 4 16 15 18
23 4 10 10 19
23 4 17 12 14
23 4 12 3 12
23 4 10 12 21
23 4 12 23 30
23 4 13 9 15
23 4 7 7 19
23 4 15 14 18
23 4 3 12 28
23 4 17 9 11
23 4 5 9 23
23 4 23 12 8
23 4 7 17 29
23 4 12 5 12
24 7 11 12 18
24 7 11 4 16
24 7 19 15 13
24 7 16 14 15
24 7 16 15 16
24 7 10 10 17
24 7 17 12 12
24 7 12 3 16
24 7 10 12 19
24 7 12 23 28
24 7 13 9 13
24 7 7 7 17
24 7 15 14 16
24 7 3 12 26
24 7 17 9 9
24 7 5 9 21
24 7 23 12 6
24 7 7 17 27
24 7 12 5 14
22 8 11 12 15
22 8 11 4 15
22 8 19 15 10
22 8 16 14 12
22 8 16 15 13
22 8 10 10 14
22 8 17 12 9
22 8 12 3 15
22 8 10 12 16
22 8 12 23 25
22 8 13 9 10
22 8 7 7 16
22 8 15 14 13
22 8 3 12 23
22 8 17 9 6
22 8 5 9 18
22 8 23 12 5
22 8 7 17 24
22 8 12 5 13
2 22 8 22 6
6 23 8 22 3
6 21 8 22 3
1 18 8 22 11
4 17 8 22 9
3 15 8 22 12
0 15 8 22 15
1 20 8 22 9
2 22 1 0 23
2 22 3 2 21
2 22 9 1 28
2 22 0 3 21
6 23 1 0 28
6 23 3 2 24
6 23 9 1 25
6 23 0 3 26
6 21 1 0 26
6 21 3 2 22
6 21 9 1 23
6 21 0 3 24
1 18 1 0 18
1 18 3 2 18
1 18 9 1 25
1 18 0 3 16
4 17 1 0 20
4 17 3 2 16
4 17 9 1 21
4 17 0 3 18
3 15 1 0 17
3 15 3 2 13
3 15 9 1 20
3 15 0 3 15
0 15 1 0 16
0 15 3 2 16
0 15 9 1 23
0 15 0 3 12
1 20 1 0 20
1 20 3 2 20
1 20 9 1 27
1 20 0 3 18
2 22 21 0 41
2 22 23 4 39
2 22 24 7 37
2 22 22 8 34
6 23 21 0 38
6 23 23 4 36
6 23 24 7 34
6 23 22 8 31
6 21 21 0 36
6 21 23 4 34
6 21 24 7 32
6 21 22 8 29
1 18 21 0 38
1 18 23 4 36
1 18 24 7 34
1 18 22 8 31
4 17 21 0 34
4 17 23 4 32
4 17 24 7 30
4 17 22 8 27
3 15 21 0 33
3 15 23 4 31
3 15 24 7 29
3 15 22 8 26
0 15 21 0 36
0 15 23 4 34
0 15 24 7 32
0 15 22 8 29
1 20 21 0 40
1 20 23 4 38
1 20 24 7 36
1 20 22 8 33
2 22 23 23 22
2 22 14 24 14
2 22 23 15 28
2 22 21 22 19
6 23 23 23 17
6 23 14 24 9
6 23 23 15 25
6 23 21 22 16
6 21 23 23 19
6 21 14 24 11
6 21 23 15 23
6 21 21 22 16
1 18 23 23 27
1 18 14 24 19
1 18 23 15 25
1 18 21 22 24
4 17 23 23 25
4 17 14 24 17
4 17 23 15 21
4 17 21 22 22
3 15 23 23 28
3 15 14 24 20
3 15 23 15 20
3 15 21 22 25
0 15 23 23 31
0 15 14 24 23
0 15 23 15 23
0 15 21 22 28
1 20 23 23 25
1 20 14 24 17
1 20 23 15 27
1 20 21 22 22
2 22 11 12 19
2 22 11 4 27
2 22 19 15 24
2 22 16 14 22
2 22 16 15 21
2 22 10 10 20
2 22 17 12 25
2 22 12 3 29
2 22 10 12 18
2 22 12 23 11
2 22 13 9 24
2 22 7 7 20
2 22 15 14 21
2 22 3 12 11
2 22 17 9 28
2 22 5 9 16
2 22 23 12 31
2 22 7 17 10
2 22 12 5 27
6 23 11 12 16
6 23 11 4 24
6 23 19 15 21
6 23 16 14 19
6 23 16 15 18
6 23 10 10 17
6 23 17 12 22
6 23 12 3 26
6 23 10 12 15
6 23 12 23 6
6 23 13 9 21
6 23 7 7 17
6 23 15 14 18
6 23 3 12 14
6 23 17 9 25
6 23 5 9 15
6 23 23 12 28
6 23 7 17 7
6 23 12 5 24
6 21 11 12 14
6 21 11 4 22
6 21 19 15 19
6 21 16 14 17
6 21 16 15 16
6 21 10 10 15
6 21 17 12 20
6 21 12 3 24
6 21 10 12 13
6 21 12 23 8
6 21 13 9 19
6 21 7 7 15
6 21 15 14 16
6 21 3 12 12
6 21 17 9 23
6 21 5 9 13
6 21 23 12 26
6 21 7 17 5
6 21 12 5 22
1 18 11 12 16
1 18 11 4 24
1 18 19 15 21
1 18 16 14 19
1 18 16 15 18
1 18 10 10 17
1 18 17 12 22
1 18 12 3 26
1 18 10 12 15
1 18 12 23 16
1 18 13 9 21
1 18 7 7 17
1 18 15 14 18
1 18 3 12 8
1 18 17 9 25
1 18 5 9 13
1 18 23 12 28
1 18 7 17 7
1 18 12 5 24
4 17 11 12 12
4 17 11 4 20
4 17 19 15 17
4 17 16 14 15
4 17 16 15 14
4 17 10 10 13
4 17 17 12 18
4 17 12 3 22
4 17 10 12 11
4 17 12 23 14
4 17 13 9 17
4 17 7 7 13
4 17 15 14 14
4 17 3 12 6
4 17 17 9 21
4 17 5 9 9
4 17 23 12 24
4 17 7 17 3
4 17 12 5 20
3 15 11 12 11
3 15 11 4 19
3 15 19 15 16
3 15 16 14 14
3 15 16 15 13
3 15 10 10 12
3 15 17 12 17
3 15 12 3 21
3 15 10 12 10
3 15 12 23 17
3 15 13 9 16
3 15 7 7 12
3 15 15 14 13
3 15 3 12 3
3 15 17 9 20
3 15 5 9 8
3 15 23 12 23
3 15 7 17 6
3 15 12 5 19
0 15 11 12 14
0 15 11 4 22
0 15 19 15 19
0 15 16 14 17
0 15 16 15 16
0 15 10 10 15
0 15 17 12 20
0 15 12 3 24
0 15 10 12 13
0 15 12 23 20
0 15 13 9 19
0 15 7 7 15
0 15 15 14 16
0 15 3 12 6
0 15 17 9 23
0 15 5 9 11
0 15 23 12 26
0 15 7 17 9
0 15 12 5 22
1 20 11 12 18
1 20 11 4 26
1 20 19 15 23
1 20 16 14 21
1 20 16 15 20
1 20 10 10 19
1 20 17 12 24
1 20 12 3 28
1 20 10 12 17
1 20 12 23 14
1 20 13 9 23
1 20 7 7 19
1 20 15 14 20
1 20 3 12 10
1 20 17 9 27
1 20 5 9 15
1 20 23 12 30
1 20 7 17 9
1 20 12 5 26
23 23 8 22 16
14 24 8 22 8
23 15 8 22 22
21 22 8 22 13
23 23 1 0 45
23 23 3 2 41
23 23 9 1 36
23 23 0 3 43
14 24 1 0 37
14 24 3 2 33
14 24 9 1 28
14 24 0 3 35
23 15 1 0 37
23 15 3 2 33
23 15 9 1 28
23 15 0 3 35
21 22 1 0 42
21 22 3 2 38
21 22 9 1 33
21 22 0 3 40
23 23 21 0 25
23 23 23 4 19
23 23 24 7 17
23 23 22 8 16
14 24 21 0 31
14 24 23 4 29
14 24 24 7 27
14 24 22 8 24
23 15 21 0 17
23 15 23 4 11
23 15 24 7 9
23 15 22 8 8
21 22 21 0 22
21 22 23 4 20
21 22 24 7 18
21 22 22 8 15
23 23 2 22 22
23 23 6 23 17
23 23 6 21 19
23 23 1 18 27
23 23 4 17 25
23 23 3 15 28
23 23 0 15 31
23 23 1 20 25
14 24 2 22 14
14 24 6 23 9
14 24 6 21 11
14 24 1 18 19
14 24 4 17 17
14 24 3 15 20
14 24 0 15 23
14 24 1 20 17
23 15 2 22 28
23 15 6 23 25
23 15 6 21 23
23 15 1 18 25
23 15 4 17 21
23 15 3 15 20
23 15 0 15 23
23 15 1 20 27
21 22 2 22 19
21 22 6 23 16
21 22 6 21 16
21 22 1 18 24
21 22 4 17 22
21 22 3 15 25
21 22 0 15 28
21 22 1 20 22
23 23 11 12 23
23 23 11 4 31
23 23 19 15 12
23 23 16 14 16
23 23 16 15 15
23 23 10 10 26
23 23 17 12 17
23 23 12 3 31
23 23 10 12 24
23 23 12 23 11
23 23 13 9 24
23 23 7 7 32
23 23 15 14 17
23 23 3 12 31
23 23 17 9 20
23 23 5 9 32
23 23 23 12 11
23 23 7 17 22
23 23 12 5 29
14 24 11 12 15
14 24 11 4 23
14 24 19 15 14
14 24 16 14 12
14 24 16 15 11
14 24 10 10 18
14 24 17 12 15
14 24 12 3 23
14 24 10 12 16
14 24 12 23 3
14 24 13 9 16
14 24 7 7 24
14 24 15 14 11
14 24 3 12 23
14 24 17 9 18
14 24 5 9 24
14 24 23 12 21
14 24 7 17 14
14 24 12 5 21
23 15 11 12 15
23 15 11 4 23
23 15 19 15 4
23 15 16 14 8
23 15 16 15 7
23 15 10 10 18
23 15 17 12 9
23 15 12 3 23
23 15 10 12 16
23 15 12 23 19
23 15 13 9 16
23 15 7 7 24
23 15 15 14 9
23 15 3 12 23
23 15 17 9 12
23 15 5 9 24
23 15 23 12 3
23 15 7 17 18
23 15 12 5 21
21 22 11 12 20
21 22 11 4 28
21 22 19 15 9
21 22 16 14 13
21 22 16 15 12
21 22 10 10 23
21 22 17 12 14
21 22 12 3 28
21 22 10 12 21
21 22 12 23 10
21 22 13 9 21
21 22 7 7 29
21 22 15 14 14
21 22 3 12 28
21 22 17 9 17
21 22 5 9 29
21 22 23 12 12
21 22 7 17 19
21 22 12 5 26
11 12 8 22 13
11 4 8 22 21
19 15 8 22 18
16 14 8 22 16
16 15 8 22 15
10 10 8 22 14
17 12 8 22 19
12 3 8 22 23
10 12 8 22 12
12 23 8 22 5
13 9 8 22 18
7 7 8 22 16
15 14 8 22 15
3 12 8 22 15
17 9 8 22 22
5 9 8 22 16
23 12 8 22 25
7 17 8 22 6
12 5 8 22 21
11 12 1 0 22
11 12 3 2 18
11 12 9 1 13
11 12 0 3 20
11 4 1 0 14
11 4 3 2 10
11 4 9 1 5
11 4 0 3 12
19 15 1 0 33
19 15 3 2 29
19 15 9 1 24
19 15 0 3 31
16 14 1 0 29
16 14 3 2 25
16 14 9 1 20
16 14 0 3 27
16 15 1 0 30
16 15 3 2 26
16 15 9 1 21
16 15 0 3 28
10 10 1 0 19
10 10 3 2 15
10 10 9 1 10
10 10 0 3 17
17 12 1 0 28
17 12 3 2 24
17 12 9 1 19
17 12 0 3 26
12 3 1 0 14
12 3 3 2 10
12 3 9 1 5
12 3 0 3 12
10 12 1 0 21
10 12 3 2 17
10 12 9 1 12
10 12 0 3 19
12 23 1 0 34
12 23 3 2 30
12 23 9 1 25
12 23 0 3 32
13 9 1 0 21
13 9 3 2 17
13 9 9 1 12
13 9 0 3 19
7 7 1 0 13
7 7 3 2 9
7 7 9 1 8
7 7 0 3 11
15 14 1 0 28
15 14 3 2 24
15 14 9 1 19
15 14 0 3 26
3 12 1 0 14
3 12 3 2 10
3 12 9 1 17
3 12 0 3 12
17 9 1 0 25
17 9 3 2 21
17 9 9 1 16
17 9 0 3 23
5 9 1 0 13
5 9 3 2 9
5 9 9 1 12
5 9 0 3 11
23 12 1 0 34
23 12 3 2 30
23 12 9 1 25
23 12 0 3 32
7 17 1 0 23
7 17 3 2 19
7 17 9 1 18
7 17 0 3 21
12 5 1 0 16
12 5 3 2 12
12 5 9 1 7
12 5 0 3 14
11 12 21 0 22
11 12 23 4 20
11 12 24 7 18
11 12 22 8 15
11 4 21 0 14
11 4 23 4 12
11 4 24 7 16
11 4 22 8 15
19 15 21 0 17
19 15 23 4 15
19 15 24 7 13
19 15 22 8 10
16 14 21 0 19
16 14 23 4 17
16 14 24 7 15
16 14 22 8 12
16 15 21 0 20
16 15 23 4 18
16 15 24 7 16
16 15 22 8 13
10 10 21 0 21
10 10 23 4 19
10 10 24 7 17
10 10 22 8 14
17 12 21 0 16
17 12 23 4 14
17 12 24 7 12
17 12 22 8 9
12 3 21 0 12
12 3 23 4 12
12 3 24 7 16
12 3 22 8 15
10 12 21 0 23
10 12 23 4 21
10 12 24 7 19
10 12 22 8 16
12 23 21 0 32
12 23 23 4 30
12 23 24 7 28
12 23 22 8 25
13 9 21 0 17
13 9 23 4 15
13 9 24 7 13
13 9 22 8 10
7 7 21 0 21
7 7 23 4 19
7 7 24 7 17
7 7 22 8 16
15 14 21 0 20
15 14 23 4 18
15 14 24 7 16
15 14 22 8 13
3 12 21 0 30
3 12 23 4 28
3 12 24 7 26
3 12 22 8 23
17 9 21 0 13
17 9 23 4 11
17 9 24 7 9
17 9 22 8 6
5 9 21 0 25
5 9 23 4 23
5 9 24 7 21
5 9 22 8 18
23 12 21 0 14
23 12 23 4 8
23 12 24 7 6
23 12 22 8 5
7 17 21 0 31
7 17 23 4 29
7 17 24 7 27
7 17 22 8 24
12 5 21 0 14
12 5 23 4 12
12 5 24 7 14
12 5 22 8 13
11 12 2 22 19
11 12 6 23 16
11 12 6 21 14
11 12 1 18 16
11 12 4 17 12
11 12 3 15 11
11 12 0 15 14
11 12 1 20 18
11 4 2 22 27
11 4 6 23 24
11 4 6 21 22
11 4 1 18 24
11 4 4 17 20
11 4 3 15 19
11 4 0 15 22
11 4 1 20 26
19 15 2 22 24
19 15 6 23 21
19 15 6 21 19
19 15 1 18 21
19 15 4 17 17
19 15 3 15 16
19 15 0 15 19
19 15 1 20 23
16 14 2 22 22
16 14 6 23 19
16 14 6 21 17
16 14 1 18 19
16 14 4 17 15
16 14 3 15 14
16 14 0 15 17
16 14 1 20 21
16 15 2 22 21
16 15 6 23 18
16 15 6 21 16
16 15 1 18 18
16 15 4 17 14
16 15 3 15 13
16 15 0 15 16
16 15 1 20 20
10 10 2 22 20
10 10 6 23 17
10 10 6 21 15
10 10 1 18 17
10 10 4 17 13
10 10 3 15 12
10 10 0 15 15
10 10 1 20 19
17 12 2 22 25
17 12 6 23 22
17 12 6 21 20
17 12 1 18 22
17 12 4 17 18
17 12 3 15 17
17 12 0 15 20
17 12 1 20 24
12 3 2 22 29
12 3 6 23 26
12 3 6 21 24
12 3 1 18 26
12 3 4 17 22
12 3 3 15 21
12 3 0 15 24
12 3 1 20 28
10 12 2 22 18
10 12 6 23 15
10 12 6 21 13
10 12 1 18 15
10 12 4 17 11
10 12 3 15 10
10 12 0 15 13
10 12 1 20 17
12 23 2 22 11
12 23 6 23 6
12 23 6 21 8
12 23 1 18 16
12 23 4 17 14
12 23 3 15 17
12 23 0 15 20
12 23 1 20 14
13 9 2 22 24
13 9 6 23 21
13 9 6 21 19
13 9 1 18 21
13 9 4 17 17
13 9 3 15 16
13 9 0 15 19
13 9 1 20 23
7 7 2 22 20
7 7 6 23 17
7 7 6 21 15
7 7 1 18 17
7 7 4 17 13
7 7 3 15 12
7 7 0 15 15
7 7 1 20 19
15 14 2 22 21
15 14 6 23 18
15 14 6 21 16
15 14 1 18 18
15 14 4 17 14
15 14 3 15 13
15 14 0 15 16
15 14 1 20 20
3 12 2 22 11
3 12 6 23 14
3 12 6 21 12
3 12 1 18 8
3 12 4 17 6
3 12 3 15 3
3 12 0 15 6
3 12 1 20 10
17 9 2 22 28
17 9 6 23 25
17 9 6 21 23
17 9 1 18 25
17 9 4 17 21
17 9 3 15 20
17 9 0 15 23
17 9 1 20 27
5 9 2 22 16
5 9 6 23 15
5 9 6 21 13
5 9 1 18 13
5 9 4 17 9
5 9 3 15 8
5 9 0 15 11
5 9 1 20 15
23 12 2 22 31
23 12 6 23 28
23 12 6 21 26
23 12 1 18 28
23 12 4 17 24
23 12 3 15 23
23 12 0 15 26
23 12 1 20 30
7 17 2 22 10
7 17 6 23 7
7 17 6 21 5
7 17 1 18 7
7 17 4 17 3
7 17 3 15 6
7 17 0 15 9
7 17 1 20 9
12 5 2 22 27
12 5 6 23 24
12 5 6 21 22
12 5 1 18 24
12 5 4 17 20
12 5 3 15 19
12 5 0 15 22
12 5 1 20 26
11 12 23 23 23
11 12 14 24 15
11 12 23 15 15
11 12 21 22 20
11 4 23 23 31
11 4 14 24 23
11 4 23 15 23
11 4 21 22 28
19 15 23 23 12
19 15 14 24 14
19 15 23 15 4
19 15 21 22 9
16 14 23 23 16
16 14 14 24 12
16 14 23 15 8
16 14 21 22 13
16 15 23 23 15
16 15 14 24 11
16 15 23 15 7
16 15 21 22 12
10 10 23 23 26
10 10 14 24 18
10 10 23 15 18
10 10 21 22 23
17 12 23 23 17
17 12 14 24 15
17 12 23 15 9
17 12 21 22 14
12 3 23 23 31
12 3 14 24 23
12 3 23 15 23
12 3 21 22 28
10 12 23 23 24
10 12 14 24 16
10 12 23 15 16
10 12 21 22 21
12 23 23 23 11
12 23 14 24 3
12 23 23 15 19
12 23 21 22 10
13 9 23 23 24
13 9 14 24 16
13 9 23 15 16
13 9 21 22 21
7 7 23 23 32
7 7 14 24 24
7 7 23 15 24
7 7 21 22 29
15 14 23 23 17
15 14 14 24 11
15 14 23 15 9
15 14 21 22 14
3 12 23 23 31
3 12 14 24 23
3 12 23 15 23
3 12 21 22 28
17 9 23 23 20
17 9 14 24 18
17 9 23 15 12
17 9 21 22 17
5 9 23 23 32
5 9 14 24 24
5 9 23 15 24
5 9 21 22 29
23 12 23 23 11
23 12 14 24 21
23 12 23 15 3
23 12 21 22 12
7 17 23 23 22
7 17 14 24 14
7 17 23 15 18
7 17 21 22 19
12 5 23 23 29
12 5 14 24 21
12 5 23 15 21
12 5 21 22 26