2025 80 9 5 45
9 Clusters:
0 39 10 0
1 1 2 15
1 7 1 15
1 0 20 15
1 1 3 15
1 3 3 15
2 42 1 8
2 41 7 8
2 39 16 8
2 43 15 8
2 44 14 8
2 41 1 8
3 5 43 16
3 5 40 16
3 3 40 16
3 1 23 16
3 0 27 16
3 3 36 16
3 12 42 16
3 3 28 16
4 43 41 26
4 37 43 26
4 37 42 26
4 29 42 26
4 28 42 26
4 37 38 26
4 36 44 26
4 44 28 26
4 37 36 26
4 29 41 26
5 22 25 42
5 20 16 42
5 7 23 42
5 15 19 42
5 41 20 42
5 28 21 42
5 26 27 42
5 21 17 42
5 20 20 42
5 30 21 42
5 35 27 42
5 29 28 42
5 14 24 42
5 12 25 42
5 13 22 42
5 34 24 42
5 32 22 42
5 26 25 42
6 17 37 32
6 25 41 32
6 27 41 32
6 13 42 32
6 12 27 32
6 23 31 32
6 12 30 32
6 31 35 32
6 7 35 32
6 27 34 32
6 20 30 32
6 9 33 32
6 32 37 32
6 10 37 32
6 11 39 32
6 22 39 32
7 30 2 15
7 37 9 15
7 35 0 15
7 31 10 15
8 21 5 1
8 28 14 1
8 28 16 1
9 10 8 1
9 9 14 1
9 15 2 1
9 12 7 1
9 14 11 1
9 11 3 1
9 11 6 1
9 7 10 1
9 5 4 1
5488 Arcs:
39 10 1 2 46
39 10 7 1 41
39 10 0 20 49
39 10 1 3 45
39 10 3 3 43
39 10 42 1 12
39 10 41 7 5
39 10 39 16 6
39 10 43 15 9
39 10 44 14 9
39 10 41 1 11
39 10 5 43 67
39 10 5 40 64
39 10 3 40 66
39 10 1 23 51
39 10 0 27 56
39 10 3 36 62
39 10 12 42 59
39 10 3 28 54
39 10 43 41 35
39 10 37 43 35
39 10 37 42 34
39 10 29 42 42
39 10 28 42 43
39 10 37 38 30
39 10 36 44 37
39 10 44 28 23
39 10 37 36 28
39 10 29 41 41
39 10 22 25 32
39 10 20 16 25
39 10 7 23 45
39 10 15 19 33
39 10 41 20 12
39 10 28 21 22
39 10 26 27 30
39 10 21 17 25
39 10 20 20 29
39 10 30 21 20
39 10 35 27 21
39 10 29 28 28
39 10 14 24 39
39 10 12 25 42
39 10 13 22 38
39 10 34 24 19
39 10 32 22 19
39 10 26 25 28
39 10 17 37 49
39 10 25 41 45
39 10 27 41 43
39 10 13 42 58
39 10 12 27 44
39 10 23 31 37
39 10 12 30 47
39 10 31 35 33
39 10 7 35 57
39 10 27 34 36
39 10 20 30 39
39 10 9 33 53
39 10 32 37 34
39 10 10 37 56
39 10 11 39 57
39 10 22 39 46
39 10 30 2 17
39 10 37 9 3
39 10 35 0 14
39 10 31 10 8
39 10 21 5 23
39 10 28 14 15
39 10 28 16 17
39 10 10 8 31
39 10 9 14 34
39 10 15 2 32
39 10 12 7 30
39 10 14 11 26
39 10 11 3 35
39 10 11 6 32
39 10 7 10 32
39 10 5 4 40
1 2 39 10 46
7 1 39 10 41
0 20 39 10 49
1 3 39 10 45
3 3 39 10 43
1 2 42 1 42
1 2 41 7 45
1 2 39 16 52
1 2 43 15 55
1 2 44 14 55
1 2 41 1 41
7 1 42 1 35
7 1 41 7 40
7 1 39 16 47
7 1 43 15 50
7 1 44 14 50
7 1 41 1 34
0 20 42 1 61
0 20 41 7 54
0 20 39 16 43
0 20 43 15 48
0 20 44 14 50
0 20 41 1 60
1 3 42 1 43
1 3 41 7 44
1 3 39 16 51
1 3 43 15 54
1 3 44 14 54
1 3 41 1 42
3 3 42 1 41
3 3 41 7 42
3 3 39 16 49
3 3 43 15 52
3 3 44 14 52
3 3 41 1 40
1 2 5 43 45
1 2 5 40 42
1 2 3 40 40
1 2 1 23 21
1 2 0 27 26
1 2 3 36 36
1 2 12 42 51
1 2 3 28 28
7 1 5 43 44
7 1 5 40 41
7 1 3 40 43
7 1 1 23 28
7 1 0 27 33
7 1 3 36 39
7 1 12 42 46
7 1 3 28 31
0 20 5 43 28
0 20 5 40 25
0 20 3 40 23
0 20 1 23 4
0 20 0 27 7
0 20 3 36 19
0 20 12 42 34
0 20 3 28 11
1 3 5 43 44
1 3 5 40 41
1 3 3 40 39
1 3 1 23 20
1 3 0 27 25
1 3 3 36 35
1 3 12 42 50
1 3 3 28 27
3 3 5 43 42
3 3 5 40 39
3 3 3 40 37
3 3 1 23 22
3 3 0 27 27
3 3 3 36 33
3 3 12 42 48
3 3 3 28 25
1 2 43 41 81
1 2 37 43 77
1 2 37 42 76
1 2 29 42 68
1 2 28 42 67
1 2 37 38 72
1 2 36 44 77
1 2 44 28 69
1 2 37 36 70
1 2 29 41 67
7 1 43 41 76
7 1 37 43 72
7 1 37 42 71
7 1 29 42 63
7 1 28 42 62
7 1 37 38 67
7 1 36 44 72
7 1 44 28 64
7 1 37 36 65
7 1 29 41 62
0 20 43 41 64
0 20 37 43 60
0 20 37 42 59
0 20 29 42 51
0 20 28 42 50
0 20 37 38 55
0 20 36 44 60
0 20 44 28 52
0 20 37 36 53
0 20 29 41 50
1 3 43 41 80
1 3 37 43 76
1 3 37 42 75
1 3 29 42 67
1 3 28 42 66
1 3 37 38 71
1 3 36 44 76
1 3 44 28 68
1 3 37 36 69
1 3 29 41 66
3 3 43 41 78
3 3 37 43 74
3 3 37 42 73
3 3 29 42 65
3 3 28 42 64
3 3 37 38 69
3 3 36 44 74
3 3 44 28 66
3 3 37 36 67
3 3 29 41 64
1 2 22 25 44
1 2 20 16 33
1 2 7 23 27
1 2 15 19 31
1 2 41 20 58
1 2 28 21 46
1 2 26 27 50
1 2 21 17 35
1 2 20 20 37
1 2 30 21 48
1 2 35 27 59
1 2 29 28 54
1 2 14 24 35
1 2 12 25 34
1 2 13 22 32
1 2 34 24 55
1 2 32 22 51
1 2 26 25 48
7 1 22 25 39
7 1 20 16 28
7 1 7 23 22
7 1 15 19 26
7 1 41 20 53
7 1 28 21 41
7 1 26 27 45
7 1 21 17 30
7 1 20 20 32
7 1 30 21 43
7 1 35 27 54
7 1 29 28 49
7 1 14 24 30
7 1 12 25 29
7 1 13 22 27
7 1 34 24 50
7 1 32 22 46
7 1 26 25 43
0 20 22 25 27
0 20 20 16 24
0 20 7 23 10
0 20 15 19 16
0 20 41 20 41
0 20 28 21 29
0 20 26 27 33
0 20 21 17 24
0 20 20 20 20
0 20 30 21 31
0 20 35 27 42
0 20 29 28 37
0 20 14 24 18
0 20 12 25 17
0 20 13 22 15
0 20 34 24 38
0 20 32 22 34
0 20 26 25 31
1 3 22 25 43
1 3 20 16 32
1 3 7 23 26
1 3 15 19 30
1 3 41 20 57
1 3 28 21 45
1 3 26 27 49
1 3 21 17 34
1 3 20 20 36
1 3 30 21 47
1 3 35 27 58
1 3 29 28 53
1 3 14 24 34
1 3 12 25 33
1 3 13 22 31
1 3 34 24 54
1 3 32 22 50
1 3 26 25 47
3 3 22 25 41
3 3 20 16 30
3 3 7 23 24
3 3 15 19 28
3 3 41 20 55
3 3 28 21 43
3 3 26 27 47
3 3 21 17 32
3 3 20 20 34
3 3 30 21 45
3 3 35 27 56
3 3 29 28 51
3 3 14 24 32
3 3 12 25 31
3 3 13 22 29
3 3 34 24 52
3 3 32 22 48
3 3 26 25 45
1 2 17 37 51
1 2 25 41 63
1 2 27 41 65
1 2 13 42 52
1 2 12 27 36
1 2 23 31 51
1 2 12 30 39
1 2 31 35 63
1 2 7 35 39
1 2 27 34 58
1 2 20 30 47
1 2 9 33 39
1 2 32 37 66
1 2 10 37 44
1 2 11 39 47
1 2 22 39 58
7 1 17 37 46
7 1 25 41 58
7 1 27 41 60
7 1 13 42 47
7 1 12 27 31
7 1 23 31 46
7 1 12 30 34
7 1 31 35 58
7 1 7 35 34
7 1 27 34 53
7 1 20 30 42
7 1 9 33 34
7 1 32 37 61
7 1 10 37 39
7 1 11 39 42
7 1 22 39 53
0 20 17 37 34
0 20 25 41 46
0 20 27 41 48
0 20 13 42 35
0 20 12 27 19
0 20 23 31 34
0 20 12 30 22
0 20 31 35 46
0 20 7 35 22
0 20 27 34 41
0 20 20 30 30
0 20 9 33 22
0 20 32 37 49
0 20 10 37 27
0 20 11 39 30
0 20 22 39 41
1 3 17 37 50
1 3 25 41 62
1 3 27 41 64
1 3 13 42 51
1 3 12 27 35
1 3 23 31 50
1 3 12 30 38
1 3 31 35 62
1 3 7 35 38
1 3 27 34 57
1 3 20 30 46
1 3 9 33 38
1 3 32 37 65
1 3 10 37 43
1 3 11 39 46
1 3 22 39 57
3 3 17 37 48
3 3 25 41 60
3 3 27 41 62
3 3 13 42 49
3 3 12 27 33
3 3 23 31 48
3 3 12 30 36
3 3 31 35 60
3 3 7 35 36
3 3 27 34 55
3 3 20 30 44
3 3 9 33 36
3 3 32 37 63
3 3 10 37 41
3 3 11 39 44
3 3 22 39 55
1 2 30 2 29
1 2 37 9 43
1 2 35 0 36
1 2 31 10 38
7 1 30 2 24
7 1 37 9 38
7 1 35 0 29
7 1 31 10 33
0 20 30 2 48
0 20 37 9 48
0 20 35 0 55
0 20 31 10 41
1 3 30 2 30
1 3 37 9 42
1 3 35 0 37
1 3 31 10 37
3 3 30 2 28
3 3 37 9 40
3 3 35 0 35
3 3 31 10 35
1 2 21 5 23
1 2 28 14 39
1 2 28 16 41
7 1 21 5 18
7 1 28 14 34
7 1 28 16 36
0 20 21 5 36
0 20 28 14 34
0 20 28 16 32
1 3 21 5 22
1 3 28 14 38
1 3 28 16 40
3 3 21 5 20
3 3 28 14 36
3 3 28 16 38
1 2 10 8 15
1 2 9 14 20
1 2 15 2 14
1 2 12 7 16
1 2 14 11 22
1 2 11 3 11
1 2 11 6 14
1 2 7 10 14
1 2 5 4 6
7 1 10 8 10
7 1 9 14 15
7 1 15 2 9
7 1 12 7 11
7 1 14 11 17
7 1 11 3 6
7 1 11 6 9
7 1 7 10 9
7 1 5 4 5
0 20 10 8 22
0 20 9 14 15
0 20 15 2 33
0 20 12 7 25
0 20 14 11 23
0 20 11 3 28
0 20 11 6 25
0 20 7 10 17
0 20 5 4 21
1 3 10 8 14
1 3 9 14 19
1 3 15 2 15
1 3 12 7 15
1 3 14 11 21
1 3 11 3 10
1 3 11 6 13
1 3 7 10 13
1 3 5 4 5
3 3 10 8 12
3 3 9 14 17
3 3 15 2 13
3 3 12 7 13
3 3 14 11 19
3 3 11 3 8
3 3 11 6 11
3 3 7 10 11
3 3 5 4 3
42 1 39 10 12
41 7 39 10 5
39 16 39 10 6
43 15 39 10 9
44 14 39 10 9
41 1 39 10 11
42 1 1 2 42
42 1 7 1 35
42 1 0 20 61
42 1 1 3 43
42 1 3 3 41
41 7 1 2 45
41 7 7 1 40
41 7 0 20 54
41 7 1 3 44
41 7 3 3 42
39 16 1 2 52
39 16 7 1 47
39 16 0 20 43
39 16 1 3 51
39 16 3 3 49
43 15 1 2 55
43 15 7 1 50
43 15 0 20 48
43 15 1 3 54
43 15 3 3 52
44 14 1 2 55
44 14 7 1 50
44 14 0 20 50
44 14 1 3 54
44 14 3 3 52
41 1 1 2 41
41 1 7 1 34
41 1 0 20 60
41 1 1 3 42
41 1 3 3 40
42 1 5 43 79
42 1 5 40 76
42 1 3 40 78
42 1 1 23 63
42 1 0 27 68
42 1 3 36 74
42 1 12 42 71
42 1 3 28 66
41 7 5 43 72
41 7 5 40 69
41 7 3 40 71
41 7 1 23 56
41 7 0 27 61
41 7 3 36 67
41 7 12 42 64
41 7 3 28 59
39 16 5 43 61
39 16 5 40 58
39 16 3 40 60
39 16 1 23 45
39 16 0 27 50
39 16 3 36 56
39 16 12 42 53
39 16 3 28 48
43 15 5 43 66
43 15 5 40 63
43 15 3 40 65
43 15 1 23 50
43 15 0 27 55
43 15 3 36 61
43 15 12 42 58
43 15 3 28 53
44 14 5 43 68
44 14 5 40 65
44 14 3 40 67
44 14 1 23 52
44 14 0 27 57
44 14 3 36 63
44 14 12 42 60
44 14 3 28 55
41 1 5 43 78
41 1 5 40 75
41 1 3 40 77
41 1 1 23 62
41 1 0 27 67
41 1 3 36 73
41 1 12 42 70
41 1 3 28 65
42 1 43 41 41
42 1 37 43 47
42 1 37 42 46
42 1 29 42 54
42 1 28 42 55
42 1 37 38 42
42 1 36 44 49
42 1 44 28 29
42 1 37 36 40
42 1 29 41 53
41 7 43 41 36
41 7 37 43 40
41 7 37 42 39
41 7 29 42 47
41 7 28 42 48
41 7 37 38 35
41 7 36 44 42
41 7 44 28 24
41 7 37 36 33
41 7 29 41 46
39 16 43 41 29
39 16 37 43 29
39 16 37 42 28
39 16 29 42 36
39 16 28 42 37
39 16 37 38 24
39 16 36 44 31
39 16 44 28 17
39 16 37 36 22
39 16 29 41 35
43 15 43 41 26
43 15 37 43 34
43 15 37 42 33
43 15 29 42 41
43 15 28 42 42
43 15 37 38 29
43 15 36 44 36
43 15 44 28 14
43 15 37 36 27
43 15 29 41 40
44 14 43 41 28
44 14 37 43 36
44 14 37 42 35
44 14 29 42 43
44 14 28 42 44
44 14 37 38 31
44 14 36 44 38
44 14 44 28 14
44 14 37 36 29
44 14 29 41 42
41 1 43 41 42
41 1 37 43 46
41 1 37 42 45
41 1 29 42 53
41 1 28 42 54
41 1 37 38 41
41 1 36 44 48
41 1 44 28 30
41 1 37 36 39
41 1 29 41 52
42 1 22 25 44
42 1 20 16 37
42 1 7 23 57
42 1 15 19 45
42 1 41 20 20
42 1 28 21 34
42 1 26 27 42
42 1 21 17 37
42 1 20 20 41
42 1 30 21 32
42 1 35 27 33
42 1 29 28 40
42 1 14 24 51
42 1 12 25 54
42 1 13 22 50
42 1 34 24 31
42 1 32 22 31
42 1 26 25 40
41 7 22 25 37
41 7 20 16 30
41 7 7 23 50
41 7 15 19 38
41 7 41 20 13
41 7 28 21 27
41 7 26 27 35
41 7 21 17 30
41 7 20 20 34
41 7 30 21 25
41 7 35 27 26
41 7 29 28 33
41 7 14 24 44
41 7 12 25 47
41 7 13 22 43
41 7 34 24 24
41 7 32 22 24
41 7 26 25 33
39 16 22 25 26
39 16 20 16 19
39 16 7 23 39
39 16 15 19 27
39 16 41 20 6
39 16 28 21 16
39 16 26 27 24
39 16 21 17 19
39 16 20 20 23
39 16 30 21 14
39 16 35 27 15
39 16 29 28 22
39 16 14 24 33
39 16 12 25 36
39 16 13 22 32
39 16 34 24 13
39 16 32 22 13
39 16 26 25 22
43 15 22 25 31
43 15 20 16 24
43 15 7 23 44
43 15 15 19 32
43 15 41 20 7
43 15 28 21 21
43 15 26 27 29
43 15 21 17 24
43 15 20 20 28
43 15 30 21 19
43 15 35 27 20
43 15 29 28 27
43 15 14 24 38
43 15 12 25 41
43 15 13 22 37
43 15 34 24 18
43 15 32 22 18
43 15 26 25 27
44 14 22 25 33
44 14 20 16 26
44 14 7 23 46
44 14 15 19 34
44 14 41 20 9
44 14 28 21 23
44 14 26 27 31
44 14 21 17 26
44 14 20 20 30
44 14 30 21 21
44 14 35 27 22
44 14 29 28 29
44 14 14 24 40
44 14 12 25 43
44 14 13 22 39
44 14 34 24 20
44 14 32 22 20
44 14 26 25 29
41 1 22 25 43
41 1 20 16 36
41 1 7 23 56
41 1 15 19 44
41 1 41 20 19
41 1 28 21 33
41 1 26 27 41
41 1 21 17 36
41 1 20 20 40
41 1 30 21 31
41 1 35 27 32
41 1 29 28 39
41 1 14 24 50
41 1 12 25 53
41 1 13 22 49
41 1 34 24 30
41 1 32 22 30
41 1 26 25 39
42 1 17 37 61
42 1 25 41 57
42 1 27 41 55
42 1 13 42 70
42 1 12 27 56
42 1 23 31 49
42 1 12 30 59
42 1 31 35 45
42 1 7 35 69
42 1 27 34 48
42 1 20 30 51
42 1 9 33 65
42 1 32 37 46
42 1 10 37 68
42 1 11 39 69
42 1 22 39 58
41 7 17 37 54
41 7 25 41 50
41 7 27 41 48
41 7 13 42 63
41 7 12 27 49
41 7 23 31 42
41 7 12 30 52
41 7 31 35 38
41 7 7 35 62
41 7 27 34 41
41 7 20 30 44
41 7 9 33 58
41 7 32 37 39
41 7 10 37 61
41 7 11 39 62
41 7 22 39 51
39 16 17 37 43
39 16 25 41 39
39 16 27 41 37
39 16 13 42 52
39 16 12 27 38
39 16 23 31 31
39 16 12 30 41
39 16 31 35 27
39 16 7 35 51
39 16 27 34 30
39 16 20 30 33
39 16 9 33 47
39 16 32 37 28
39 16 10 37 50
39 16 11 39 51
39 16 22 39 40
43 15 17 37 48
43 15 25 41 44
43 15 27 41 42
43 15 13 42 57
43 15 12 27 43
43 15 23 31 36
43 15 12 30 46
43 15 31 35 32
43 15 7 35 56
43 15 27 34 35
43 15 20 30 38
43 15 9 33 52
43 15 32 37 33
43 15 10 37 55
43 15 11 39 56
43 15 22 39 45
44 14 17 37 50
44 14 25 41 46
44 14 27 41 44
44 14 13 42 59
44 14 12 27 45
44 14 23 31 38
44 14 12 30 48
44 14 31 35 34
44 14 7 35 58
44 14 27 34 37
44 14 20 30 40
44 14 9 33 54
44 14 32 37 35
44 14 10 37 57
44 14 11 39 58
44 14 22 39 47
41 1 17 37 60
41 1 25 41 56
41 1 27 41 54
41 1 13 42 69
41 1 12 27 55
41 1 23 31 48
41 1 12 30 58
41 1 31 35 44
41 1 7 35 68
41 1 27 34 47
41 1 20 30 50
41 1 9 33 64
41 1 32 37 45
41 1 10 37 67
41 1 11 39 68
41 1 22 39 57
42 1 30 2 13
42 1 37 9 13
42 1 35 0 8
42 1 31 10 20
41 7 30 2 16
41 7 37 9 6
41 7 35 0 13
41 7 31 10 13
39 16 30 2 23
39 16 37 9 9
39 16 35 0 20
39 16 31 10 14
43 15 30 2 26
43 15 37 9 12
43 15 35 0 23
43 15 31 10 17
44 14 30 2 26
44 14 37 9 12
44 14 35 0 23
44 14 31 10 17
41 1 30 2 12
41 1 37 9 12
41 1 35 0 7
41 1 31 10 19
42 1 21 5 25
42 1 28 14 27
42 1 28 16 29
41 7 21 5 22
41 7 28 14 20
41 7 28 16 22
39 16 21 5 29
39 16 28 14 13
39 16 28 16 11
43 15 21 5 32
43 15 28 14 16
43 15 28 16 16
44 14 21 5 32
44 14 28 14 16
44 14 28 16 18
41 1 21 5 24
41 1 28 14 26
41 1 28 16 28
42 1 10 8 39
42 1 9 14 46
42 1 15 2 28
42 1 12 7 36
42 1 14 11 38
42 1 11 3 33
42 1 11 6 36
42 1 7 10 44
42 1 5 4 40
41 7 10 8 32
41 7 9 14 39
41 7 15 2 31
41 7 12 7 29
41 7 14 11 31
41 7 11 3 34
41 7 11 6 31
41 7 7 10 37
41 7 5 4 39
39 16 10 8 37
39 16 9 14 32
39 16 15 2 38
39 16 12 7 36
39 16 14 11 30
39 16 11 3 41
39 16 11 6 38
39 16 7 10 38
39 16 5 4 46
43 15 10 8 40
43 15 9 14 35
43 15 15 2 41
43 15 12 7 39
43 15 14 11 33
43 15 11 3 44
43 15 11 6 41
43 15 7 10 41
43 15 5 4 49
44 14 10 8 40
44 14 9 14 35
44 14 15 2 41
44 14 12 7 39
44 14 14 11 33
44 14 11 3 44
44 14 11 6 41
44 14 7 10 41
44 14 5 4 49
41 1 10 8 38
41 1 9 14 45
41 1 15 2 27
41 1 12 7 35
41 1 14 11 37
41 1 11 3 32
41 1 11 6 35
41 1 7 10 43
41 1 5 4 39
5 43 39 10 67
5 40 39 10 64
3 40 39 10 66
1 23 39 10 51
0 27 39 10 56
3 36 39 10 62
12 42 39 10 59
3 28 39 10 54
5 43 1 2 45
5 43 7 1 44
5 43 0 20 28
5 43 1 3 44
5 43 3 3 42
5 40 1 2 42
5 40 7 1 41
5 40 0 20 25
5 40 1 3 41
5 40 3 3 39
3 40 1 2 40
3 40 7 1 43
3 40 0 20 23
3 40 1 3 39
3 40 3 3 37
1 23 1 2 21
1 23 7 1 28
1 23 0 20 4
1 23 1 3 20
1 23 3 3 22
0 27 1 2 26
0 27 7 1 33
0 27 0 20 7
0 27 1 3 25
0 27 3 3 27
3 36 1 2 36
3 36 7 1 39
3 36 0 20 19
3 36 1 3 35
3 36 3 3 33
12 42 1 2 51
12 42 7 1 46
12 42 0 20 34
12 42 1 3 50
12 42 3 3 48
3 28 1 2 28
3 28 7 1 31
3 28 0 20 11
3 28 1 3 27
3 28 3 3 25
5 43 42 1 79
5 43 41 7 72
5 43 39 16 61
5 43 43 15 66
5 43 44 14 68
5 43 41 1 78
5 40 42 1 76
5 40 41 7 69
5 40 39 16 58
5 40 43 15 63
5 40 44 14 65
5 40 41 1 75
3 40 42 1 78
3 40 41 7 71
3 40 39 16 60
3 40 43 15 65
3 40 44 14 67
3 40 41 1 77
1 23 42 1 63
1 23 41 7 56
1 23 39 16 45
1 23 43 15 50
1 23 44 14 52
1 23 41 1 62
0 27 42 1 68
0 27 41 7 61
0 27 39 16 50
0 27 43 15 55
0 27 44 14 57
0 27 41 1 67
3 36 42 1 74
3 36 41 7 67
3 36 39 16 56
3 36 43 15 61
3 36 44 14 63
3 36 41 1 73
12 42 42 1 71
12 42 41 7 64
12 42 39 16 53
12 42 43 15 58
12 42 44 14 60
12 42 41 1 70
3 28 42 1 66
3 28 41 7 59
3 28 39 16 48
3 28 43 15 53
3 28 44 14 55
3 28 41 1 65
5 43 43 41 40
5 43 37 43 32
5 43 37 42 33
5 43 29 42 25
5 43 28 42 24
5 43 37 38 37
5 43 36 44 32
5 43 44 28 54
5 43 37 36 39
5 43 29 41 26
5 40 43 41 39
5 40 37 43 35
5 40 37 42 34
5 40 29 42 26
5 40 28 42 25
5 40 37 38 34
5 40 36 44 35
5 40 44 28 51
5 40 37 36 36
5 40 29 41 25
3 40 43 41 41
3 40 37 43 37
3 40 37 42 36
3 40 29 42 28
3 40 28 42 27
3 40 37 38 36
3 40 36 44 37
3 40 44 28 53
3 40 37 36 38
3 40 29 41 27
1 23 43 41 60
1 23 37 43 56
1 23 37 42 55
1 23 29 42 47
1 23 28 42 46
1 23 37 38 51
1 23 36 44 56
1 23 44 28 48
1 23 37 36 49
1 23 29 41 46
0 27 43 41 57
0 27 37 43 53
0 27 37 42 52
0 27 29 42 44
0 27 28 42 43
0 27 37 38 48
0 27 36 44 53
0 27 44 28 45
0 27 37 36 46
0 27 29 41 43
3 36 43 41 45
3 36 37 43 41
3 36 37 42 40
3 36 29 42 32
3 36 28 42 31
3 36 37 38 36
3 36 36 44 41
3 36 44 28 49
3 36 37 36 34
3 36 29 41 31
12 42 43 41 32
12 42 37 43 26
12 42 37 42 25
12 42 29 42 17
12 42 28 42 16
12 42 37 38 29
12 42 36 44 26
12 42 44 28 46
12 42 37 36 31
12 42 29 41 18
3 28 43 41 53
3 28 37 43 49
3 28 37 42 48
3 28 29 42 40
3 28 28 42 39
3 28 37 38 44
3 28 36 44 49
3 28 44 28 41
3 28 37 36 42
3 28 29 41 39
5 43 22 25 35
5 43 20 16 42
5 43 7 23 22
5 43 15 19 34
5 43 41 20 59
5 43 28 21 45
5 43 26 27 37
5 43 21 17 42
5 43 20 20 38
5 43 30 21 47
5 43 35 27 46
5 43 29 28 39
5 43 14 24 28
5 43 12 25 25
5 43 13 22 29
5 43 34 24 48
5 43 32 22 48
5 43 26 25 39
5 40 22 25 32
5 40 20 16 39
5 40 7 23 19
5 40 15 19 31
5 40 41 20 56
5 40 28 21 42
5 40 26 27 34
5 40 21 17 39
5 40 20 20 35
5 40 30 21 44
5 40 35 27 43
5 40 29 28 36
5 40 14 24 25
5 40 12 25 22
5 40 13 22 26
5 40 34 24 45
5 40 32 22 45
5 40 26 25 36
3 40 22 25 34
3 40 20 16 41
3 40 7 23 21
3 40 15 19 33
3 40 41 20 58
3 40 28 21 44
3 40 26 27 36
3 40 21 17 41
3 40 20 20 37
3 40 30 21 46
3 40 35 27 45
3 40 29 28 38
3 40 14 24 27
3 40 12 25 24
3 40 13 22 28
3 40 34 24 47
3 40 32 22 47
3 40 26 25 38
1 23 22 25 23
1 23 20 16 26
1 23 7 23 6
1 23 15 19 18
1 23 41 20 43
1 23 28 21 29
1 23 26 27 29
1 23 21 17 26
1 23 20 20 22
1 23 30 21 31
1 23 35 27 38
1 23 29 28 33
1 23 14 24 14
1 23 12 25 13
1 23 13 22 13
1 23 34 24 34
1 23 32 22 32
1 23 26 25 27
0 27 22 25 24
0 27 20 16 31
0 27 7 23 11
0 27 15 19 23
0 27 41 20 48
0 27 28 21 34
0 27 26 27 26
0 27 21 17 31
0 27 20 20 27
0 27 30 21 36
0 27 35 27 35
0 27 29 28 30
0 27 14 24 17
0 27 12 25 14
0 27 13 22 18
0 27 34 24 37
0 27 32 22 37
0 27 26 25 28
3 36 22 25 30
3 36 20 16 37
3 36 7 23 17
3 36 15 19 29
3 36 41 20 54
3 36 28 21 40
3 36 26 27 32
3 36 21 17 37
3 36 20 20 33
3 36 30 21 42
3 36 35 27 41
3 36 29 28 34
3 36 14 24 23
3 36 12 25 20
3 36 13 22 24
3 36 34 24 43
3 36 32 22 43
3 36 26 25 34
12 42 22 25 27
12 42 20 16 34
12 42 7 23 24
12 42 15 19 26
12 42 41 20 51
12 42 28 21 37
12 42 26 27 29
12 42 21 17 34
12 42 20 20 30
12 42 30 21 39
12 42 35 27 38
12 42 29 28 31
12 42 14 24 20
12 42 12 25 17
12 42 13 22 21
12 42 34 24 40
12 42 32 22 40
12 42 26 25 31
3 28 22 25 22
3 28 20 16 29
3 28 7 23 9
3 28 15 19 21
3 28 41 20 46
3 28 28 21 32
3 28 26 27 24
3 28 21 17 29
3 28 20 20 25
3 28 30 21 34
3 28 35 27 33
3 28 29 28 26
3 28 14 24 15
3 28 12 25 12
3 28 13 22 16
3 28 34 24 35
3 28 32 22 35
3 28 26 25 26
5 43 17 37 18
5 43 25 41 22
5 43 27 41 24
5 43 13 42 9
5 43 12 27 23
5 43 23 31 30
5 43 12 30 20
5 43 31 35 34
5 43 7 35 10
5 43 27 34 31
5 43 20 30 28
5 43 9 33 14
5 43 32 37 33
5 43 10 37 11
5 43 11 39 10
5 43 22 39 21
5 40 17 37 15
5 40 25 41 21
5 40 27 41 23
5 40 13 42 10
5 40 12 27 20
5 40 23 31 27
5 40 12 30 17
5 40 31 35 31
5 40 7 35 7
5 40 27 34 28
5 40 20 30 25
5 40 9 33 11
5 40 32 37 30
5 40 10 37 8
5 40 11 39 7
5 40 22 39 18
3 40 17 37 17
3 40 25 41 23
3 40 27 41 25
3 40 13 42 12
3 40 12 27 22
3 40 23 31 29
3 40 12 30 19
3 40 31 35 33
3 40 7 35 9
3 40 27 34 30
3 40 20 30 27
3 40 9 33 13
3 40 32 37 32
3 40 10 37 10
3 40 11 39 9
3 40 22 39 20
1 23 17 37 30
1 23 25 41 42
1 23 27 41 44
1 23 13 42 31
1 23 12 27 15
1 23 23 31 30
1 23 12 30 18
1 23 31 35 42
1 23 7 35 18
1 23 27 34 37
1 23 20 30 26
1 23 9 33 18
1 23 32 37 45
1 23 10 37 23
1 23 11 39 26
1 23 22 39 37
0 27 17 37 27
0 27 25 41 39
0 27 27 41 41
0 27 13 42 28
0 27 12 27 12
0 27 23 31 27
0 27 12 30 15
0 27 31 35 39
0 27 7 35 15
0 27 27 34 34
0 27 20 30 23
0 27 9 33 15
0 27 32 37 42
0 27 10 37 20
0 27 11 39 23
0 27 22 39 34
3 36 17 37 15
3 36 25 41 27
3 36 27 41 29
3 36 13 42 16
3 36 12 27 18
3 36 23 31 25
3 36 12 30 15
3 36 31 35 29
3 36 7 35 5
3 36 27 34 26
3 36 20 30 23
3 36 9 33 9
3 36 32 37 30
3 36 10 37 8
3 36 11 39 11
3 36 22 39 22
12 42 17 37 10
12 42 25 41 14
12 42 27 41 16
12 42 13 42 1
12 42 12 27 15
12 42 23 31 22
12 42 12 30 12
12 42 31 35 26
12 42 7 35 12
12 42 27 34 23
12 42 20 30 20
12 42 9 33 12
12 42 32 37 25
12 42 10 37 7
12 42 11 39 4
12 42 22 39 13
3 28 17 37 23
3 28 25 41 35
3 28 27 41 37
3 28 13 42 24
3 28 12 27 10
3 28 23 31 23
3 28 12 30 11
3 28 31 35 35
3 28 7 35 11
3 28 27 34 30
3 28 20 30 19
3 28 9 33 11
3 28 32 37 38
3 28 10 37 16
3 28 11 39 19
3 28 22 39 30
5 43 30 2 66
5 43 37 9 66
5 43 35 0 73
5 43 31 10 59
5 40 30 2 63
5 40 37 9 63
5 40 35 0 70
5 40 31 10 56
3 40 30 2 65
3 40 37 9 65
3 40 35 0 72
3 40 31 10 58
1 23 30 2 50
1 23 37 9 50
1 23 35 0 57
1 23 31 10 43
0 27 30 2 55
0 27 37 9 55
0 27 35 0 62
0 27 31 10 48
3 36 30 2 61
3 36 37 9 61
3 36 35 0 68
3 36 31 10 54
12 42 30 2 58
12 42 37 9 58
12 42 35 0 65
12 42 31 10 51
3 28 30 2 53
3 28 37 9 53
3 28 35 0 60
3 28 31 10 46
5 43 21 5 54
5 43 28 14 52
5 43 28 16 50
5 40 21 5 51
5 40 28 14 49
5 40 28 16 47
3 40 21 5 53
3 40 28 14 51
3 40 28 16 49
1 23 21 5 38
1 23 28 14 36
1 23 28 16 34
0 27 21 5 43
0 27 28 14 41
0 27 28 16 39
3 36 21 5 49
3 36 28 14 47
3 36 28 16 45
12 42 21 5 46
12 42 28 14 44
12 42 28 16 42
3 28 21 5 41
3 28 28 14 39
3 28 28 16 37
5 43 10 8 40
5 43 9 14 33
5 43 15 2 51
5 43 12 7 43
5 43 14 11 41
5 43 11 3 46
5 43 11 6 43
5 43 7 10 35
5 43 5 4 39
5 40 10 8 37
5 40 9 14 30
5 40 15 2 48
5 40 12 7 40
5 40 14 11 38
5 40 11 3 43
5 40 11 6 40
5 40 7 10 32
5 40 5 4 36
3 40 10 8 39
3 40 9 14 32
3 40 15 2 50
3 40 12 7 42
3 40 14 11 40
3 40 11 3 45
3 40 11 6 42
3 40 7 10 34
3 40 5 4 38
1 23 10 8 24
1 23 9 14 17
1 23 15 2 35
1 23 12 7 27
1 23 14 11 25
1 23 11 3 30
1 23 11 6 27
1 23 7 10 19
1 23 5 4 23
0 27 10 8 29
0 27 9 14 22
0 27 15 2 40
0 27 12 7 32
0 27 14 11 30
0 27 11 3 35
0 27 11 6 32
0 27 7 10 24
0 27 5 4 28
3 36 10 8 35
3 36 9 14 28
3 36 15 2 46
3 36 12 7 38
3 36 14 11 36
3 36 11 3 41
3 36 11 6 38
3 36 7 10 30
3 36 5 4 34
12 42 10 8 36
12 42 9 14 31
12 42 15 2 43
12 42 12 7 35
12 42 14 11 33
12 42 11 3 40
12 42 11 6 37
12 42 7 10 37
12 42 5 4 45
3 28 10 8 27
3 28 9 14 20
3 28 15 2 38
3 28 12 7 30
3 28 14 11 28
3 28 11 3 33
3 28 11 6 30
3 28 7 10 22
3 28 5 4 26
43 41 39 10 35
37 43 39 10 35
37 42 39 10 34
29 42 39 10 42
28 42 39 10 43
37 38 39 10 30
36 44 39 10 37
44 28 39 10 23
37 36 39 10 28
29 41 39 10 41
43 41 1 2 81
43 41 7 1 76
43 41 0 20 64
43 41 1 3 80
43 41 3 3 78
37 43 1 2 77
37 43 7 1 72
37 43 0 20 60
37 43 1 3 76
37 43 3 3 74
37 42 1 2 76
37 42 7 1 71
37 42 0 20 59
37 42 1 3 75
37 42 3 3 73
29 42 1 2 68
29 42 7 1 63
29 42 0 20 51
29 42 1 3 67
29 42 3 3 65
28 42 1 2 67
28 42 7 1 62
28 42 0 20 50
28 42 1 3 66
28 42 3 3 64
37 38 1 2 72
37 38 7 1 67
37 38 0 20 55
37 38 1 3 71
37 38 3 3 69
36 44 1 2 77
36 44 7 1 72
36 44 0 20 60
36 44 1 3 76
36 44 3 3 74
44 28 1 2 69
44 28 7 1 64
44 28 0 20 52
44 28 1 3 68
44 28 3 3 66
37 36 1 2 70
37 36 7 1 65
37 36 0 20 53
37 36 1 3 69
37 36 3 3 67
29 41 1 2 67
29 41 7 1 62
29 41 0 20 50
29 41 1 3 66
29 41 3 3 64
43 41 42 1 41
43 41 41 7 36
43 41 39 16 29
43 41 43 15 26
43 41 44 14 28
43 41 41 1 42
37 43 42 1 47
37 43 41 7 40
37 43 39 16 29
37 43 43 15 34
37 43 44 14 36
37 43 41 1 46
37 42 42 1 46
37 42 41 7 39
37 42 39 16 28
37 42 43 15 33
37 42 44 14 35
37 42 41 1 45
29 42 42 1 54
29 42 41 7 47
29 42 39 16 36
29 42 43 15 41
29 42 44 14 43
29 42 41 1 53
28 42 42 1 55
28 42 41 7 48
28 42 39 16 37
28 42 43 15 42
28 42 44 14 44
28 42 41 1 54
37 38 42 1 42
37 38 41 7 35
37 38 39 16 24
37 38 43 15 29
37 38 44 14 31
37 38 41 1 41
36 44 42 1 49
36 44 41 7 42
36 44 39 16 31
36 44 43 15 36
36 44 44 14 38
36 44 41 1 48
44 28 42 1 29
44 28 41 7 24
44 28 39 16 17
44 28 43 15 14
44 28 44 14 14
44 28 41 1 30
37 36 42 1 40
37 36 41 7 33
37 36 39 16 22
37 36 43 15 27
37 36 44 14 29
37 36 41 1 39
29 41 42 1 53
29 41 41 7 46
29 41 39 16 35
29 41 43 15 40
29 41 44 14 42
29 41 41 1 52
43 41 5 43 40
43 41 5 40 39
43 41 3 40 41
43 41 1 23 60
43 41 0 27 57
43 41 3 36 45
43 41 12 42 32
43 41 3 28 53
37 43 5 43 32
37 43 5 40 35
37 43 3 40 37
37 43 1 23 56
37 43 0 27 53
37 43 3 36 41
37 43 12 42 26
37 43 3 28 49
37 42 5 43 33
37 42 5 40 34
37 42 3 40 36
37 42 1 23 55
37 42 0 27 52
37 42 3 36 40
37 42 12 42 25
37 42 3 28 48
29 42 5 43 25
29 42 5 40 26
29 42 3 40 28
29 42 1 23 47
29 42 0 27 44
29 42 3 36 32
29 42 12 42 17
29 42 3 28 40
28 42 5 43 24
28 42 5 40 25
28 42 3 40 27
28 42 1 23 46
28 42 0 27 43
28 42 3 36 31
28 42 12 42 16
28 42 3 28 39
37 38 5 43 37
37 38 5 40 34
37 38 3 40 36
37 38 1 23 51
37 38 0 27 48
37 38 3 36 36
37 38 12 42 29
37 38 3 28 44
36 44 5 43 32
36 44 5 40 35
36 44 3 40 37
36 44 1 23 56
36 44 0 27 53
36 44 3 36 41
36 44 12 42 26
36 44 3 28 49
44 28 5 43 54
44 28 5 40 51
44 28 3 40 53
44 28 1 23 48
44 28 0 27 45
44 28 3 36 49
44 28 12 42 46
44 28 3 28 41
37 36 5 43 39
37 36 5 40 36
37 36 3 40 38
37 36 1 23 49
37 36 0 27 46
37 36 3 36 34
37 36 12 42 31
37 36 3 28 42
29 41 5 43 26
29 41 5 40 25
29 41 3 40 27
29 41 1 23 46
29 41 0 27 43
29 41 3 36 31
29 41 12 42 18
29 41 3 28 39
43 41 22 25 37
43 41 20 16 48
43 41 7 23 54
43 41 15 19 50
43 41 41 20 23
43 41 28 21 35
43 41 26 27 31
43 41 21 17 46
43 41 20 20 44
43 41 30 21 33
43 41 35 27 22
43 41 29 28 27
43 41 14 24 46
43 41 12 25 47
43 41 13 22 49
43 41 34 24 26
43 41 32 22 30
43 41 26 25 33
37 43 22 25 33
37 43 20 16 44
37 43 7 23 50
37 43 15 19 46
37 43 41 20 27
37 43 28 21 31
37 43 26 27 27
37 43 21 17 42
37 43 20 20 40
37 43 30 21 29
37 43 35 27 18
37 43 29 28 23
37 43 14 24 42
37 43 12 25 43
37 43 13 22 45
37 43 34 24 22
37 43 32 22 26
37 43 26 25 29
37 42 22 25 32
37 42 20 16 43
37 42 7 23 49
37 42 15 19 45
37 42 41 20 26
37 42 28 21 30
37 42 26 27 26
37 42 21 17 41
37 42 20 20 39
37 42 30 21 28
37 42 35 27 17
37 42 29 28 22
37 42 14 24 41
37 42 12 25 42
37 42 13 22 44
37 42 34 24 21
37 42 32 22 25
37 42 26 25 28
29 42 22 25 24
29 42 20 16 35
29 42 7 23 41
29 42 15 19 37
29 42 41 20 34
29 42 28 21 22
29 42 26 27 18
29 42 21 17 33
29 42 20 20 31
29 42 30 21 22
29 42 35 27 21
29 42 29 28 14
29 42 14 24 33
29 42 12 25 34
29 42 13 22 36
29 42 34 24 23
29 42 32 22 23
29 42 26 25 20
28 42 22 25 23
28 42 20 16 34
28 42 7 23 40
28 42 15 19 36
28 42 41 20 35
28 42 28 21 21
28 42 26 27 17
28 42 21 17 32
28 42 20 20 30
28 42 30 21 23
28 42 35 27 22
28 42 29 28 15
28 42 14 24 32
28 42 12 25 33
28 42 13 22 35
28 42 34 24 24
28 42 32 22 24
28 42 26 25 19
37 38 22 25 28
37 38 20 16 39
37 38 7 23 45
37 38 15 19 41
37 38 41 20 22
37 38 28 21 26
37 38 26 27 22
37 38 21 17 37
37 38 20 20 35
37 38 30 21 24
37 38 35 27 13
37 38 29 28 18
37 38 14 24 37
37 38 12 25 38
37 38 13 22 40
37 38 34 24 17
37 38 32 22 21
37 38 26 25 24
36 44 22 25 33
36 44 20 16 44
36 44 7 23 50
36 44 15 19 46
36 44 41 20 29
36 44 28 21 31
36 44 26 27 27
36 44 21 17 42
36 44 20 20 40
36 44 30 21 29
36 44 35 27 18
36 44 29 28 23
36 44 14 24 42
36 44 12 25 43
36 44 13 22 45
36 44 34 24 22
36 44 32 22 26
36 44 26 25 29
44 28 22 25 25
44 28 20 16 36
44 28 7 23 42
44 28 15 19 38
44 28 41 20 11
44 28 28 21 23
44 28 26 27 19
44 28 21 17 34
44 28 20 20 32
44 28 30 21 21
44 28 35 27 10
44 28 29 28 15
44 28 14 24 34
44 28 12 25 35
44 28 13 22 37
44 28 34 24 14
44 28 32 22 18
44 28 26 25 21
37 36 22 25 26
37 36 20 16 37
37 36 7 23 43
37 36 15 19 39
37 36 41 20 20
37 36 28 21 24
37 36 26 27 20
37 36 21 17 35
37 36 20 20 33
37 36 30 21 22
37 36 35 27 11
37 36 29 28 16
37 36 14 24 35
37 36 12 25 36
37 36 13 22 38
37 36 34 24 15
37 36 32 22 19
37 36 26 25 22
29 41 22 25 23
29 41 20 16 34
29 41 7 23 40
29 41 15 19 36
29 41 41 20 33
29 41 28 21 21
29 41 26 27 17
29 41 21 17 32
29 41 20 20 30
29 41 30 21 21
29 41 35 27 20
29 41 29 28 13
29 41 14 24 32
29 41 12 25 33
29 41 13 22 35
29 41 34 24 22
29 41 32 22 22
29 41 26 25 19
43 41 17 37 30
43 41 25 41 18
43 41 27 41 16
43 41 13 42 31
43 41 12 27 45
43 41 23 31 30
43 41 12 30 42
43 41 31 35 18
43 41 7 35 42
43 41 27 34 23
43 41 20 30 34
43 41 9 33 42
43 41 32 37 15
43 41 10 37 37
43 41 11 39 34
43 41 22 39 23
37 43 17 37 26
37 43 25 41 14
37 43 27 41 12
37 43 13 42 25
37 43 12 27 41
37 43 23 31 26
37 43 12 30 38
37 43 31 35 14
37 43 7 35 38
37 43 27 34 19
37 43 20 30 30
37 43 9 33 38
37 43 32 37 11
37 43 10 37 33
37 43 11 39 30
37 43 22 39 19
37 42 17 37 25
37 42 25 41 13
37 42 27 41 11
37 42 13 42 24
37 42 12 27 40
37 42 23 31 25
37 42 12 30 37
37 42 31 35 13
37 42 7 35 37
37 42 27 34 18
37 42 20 30 29
37 42 9 33 37
37 42 32 37 10
37 42 10 37 32
37 42 11 39 29
37 42 22 39 18
29 42 17 37 17
29 42 25 41 5
29 42 27 41 3
29 42 13 42 16
29 42 12 27 32
29 42 23 31 17
29 42 12 30 29
29 42 31 35 9
29 42 7 35 29
29 42 27 34 10
29 42 20 30 21
29 42 9 33 29
29 42 32 37 8
29 42 10 37 24
29 42 11 39 21
29 42 22 39 10
28 42 17 37 16
28 42 25 41 4
28 42 27 41 2
28 42 13 42 15
28 42 12 27 31
28 42 23 31 16
28 42 12 30 28
28 42 31 35 10
28 42 7 35 28
28 42 27 34 9
28 42 20 30 20
28 42 9 33 28
28 42 32 37 9
28 42 10 37 23
28 42 11 39 20
28 42 22 39 9
37 38 17 37 21
37 38 25 41 15
37 38 27 41 13
37 38 13 42 28
37 38 12 27 36
37 38 23 31 21
37 38 12 30 33
37 38 31 35 9
37 38 7 35 33
37 38 27 34 14
37 38 20 30 25
37 38 9 33 33
37 38 32 37 6
37 38 10 37 28
37 38 11 39 27
37 38 22 39 16
36 44 17 37 26
36 44 25 41 14
36 44 27 41 12
36 44 13 42 25
36 44 12 27 41
36 44 23 31 26
36 44 12 30 38
36 44 31 35 14
36 44 7 35 38
36 44 27 34 19
36 44 20 30 30
36 44 9 33 38
36 44 32 37 11
36 44 10 37 33
36 44 11 39 30
36 44 22 39 19
44 28 17 37 36
44 28 25 41 32
44 28 27 41 30
44 28 13 42 45
44 28 12 27 33
44 28 23 31 24
44 28 12 30 34
44 28 31 35 20
44 28 7 35 44
44 28 27 34 23
44 28 20 30 26
44 28 9 33 40
44 28 32 37 21
44 28 10 37 43
44 28 11 39 44
44 28 22 39 33
37 36 17 37 21
37 36 25 41 17
37 36 27 41 15
37 36 13 42 30
37 36 12 27 34
37 36 23 31 19
37 36 12 30 31
37 36 31 35 7
37 36 7 35 31
37 36 27 34 12
37 36 20 30 23
37 36 9 33 31
37 36 32 37 6
37 36 10 37 28
37 36 11 39 29
37 36 22 39 18
29 41 17 37 16
29 41 25 41 4
29 41 27 41 2
29 41 13 42 17
29 41 12 27 31
29 41 23 31 16
29 41 12 30 28
29 41 31 35 8
29 41 7 35 28
29 41 27 34 9
29 41 20 30 20
29 41 9 33 28
29 41 32 37 7
29 41 10 37 23
29 41 11 39 20
29 41 22 39 9
43 41 30 2 52
43 41 37 9 38
43 41 35 0 49
43 41 31 10 43
37 43 30 2 48
37 43 37 9 34
37 43 35 0 45
37 43 31 10 39
37 42 30 2 47
37 42 37 9 33
37 42 35 0 44
37 42 31 10 38
29 42 30 2 41
29 42 37 9 41
29 42 35 0 48
29 42 31 10 34
28 42 30 2 42
28 42 37 9 42
28 42 35 0 49
28 42 31 10 35
37 38 30 2 43
37 38 37 9 29
37 38 35 0 40
37 38 31 10 34
36 44 30 2 48
36 44 37 9 36
36 44 35 0 45
36 44 31 10 39
44 28 30 2 40
44 28 37 9 26
44 28 35 0 37
44 28 31 10 31
37 36 30 2 41
37 36 37 9 27
37 36 35 0 38
37 36 31 10 32
29 41 30 2 40
29 41 37 9 40
29 41 35 0 47
29 41 31 10 33
43 41 21 5 58
43 41 28 14 42
43 41 28 16 40
37 43 21 5 54
37 43 28 14 38
37 43 28 16 36
37 42 21 5 53
37 42 28 14 37
37 42 28 16 35
29 42 21 5 45
29 42 28 14 29
29 42 28 16 27
28 42 21 5 44
28 42 28 14 28
28 42 28 16 26
37 38 21 5 49
37 38 28 14 33
37 38 28 16 31
36 44 21 5 54
36 44 28 14 38
36 44 28 16 36
44 28 21 5 46
44 28 28 14 30
44 28 28 16 28
37 36 21 5 47
37 36 28 14 31
37 36 28 16 29
29 41 21 5 44
29 41 28 14 28
29 41 28 16 26
43 41 10 8 66
43 41 9 14 61
43 41 15 2 67
43 41 12 7 65
43 41 14 11 59
43 41 11 3 70
43 41 11 6 67
43 41 7 10 67
43 41 5 4 75
37 43 10 8 62
37 43 9 14 57
37 43 15 2 63
37 43 12 7 61
37 43 14 11 55
37 43 11 3 66
37 43 11 6 63
37 43 7 10 63
37 43 5 4 71
37 42 10 8 61
37 42 9 14 56
37 42 15 2 62
37 42 12 7 60
37 42 14 11 54
37 42 11 3 65
37 42 11 6 62
37 42 7 10 62
37 42 5 4 70
29 42 10 8 53
29 42 9 14 48
29 42 15 2 54
29 42 12 7 52
29 42 14 11 46
29 42 11 3 57
29 42 11 6 54
29 42 7 10 54
29 42 5 4 62
28 42 10 8 52
28 42 9 14 47
28 42 15 2 53
28 42 12 7 51
28 42 14 11 45
28 42 11 3 56
28 42 11 6 53
28 42 7 10 53
28 42 5 4 61
37 38 10 8 57
37 38 9 14 52
37 38 15 2 58
37 38 12 7 56
37 38 14 11 50
37 38 11 3 61
37 38 11 6 58
37 38 7 10 58
37 38 5 4 66
36 44 10 8 62
36 44 9 14 57
36 44 15 2 63
36 44 12 7 61
36 44 14 11 55
36 44 11 3 66
36 44 11 6 63
36 44 7 10 63
36 44 5 4 71
44 28 10 8 54
44 28 9 14 49
44 28 15 2 55
44 28 12 7 53
44 28 14 11 47
44 28 11 3 58
44 28 11 6 55
44 28 7 10 55
44 28 5 4 63
37 36 10 8 55
37 36 9 14 50
37 36 15 2 56
37 36 12 7 54
37 36 14 11 48
37 36 11 3 59
37 36 11 6 56
37 36 7 10 56
37 36 5 4 64
29 41 10 8 52
29 41 9 14 47
29 41 15 2 53
29 41 12 7 51
29 41 14 11 45
29 41 11 3 56
29 41 11 6 53
29 41 7 10 53
29 41 5 4 61
22 25 39 10 32
20 16 39 10 25
7 23 39 10 45
15 19 39 10 33
41 20 39 10 12
28 21 39 10 22
26 27 39 10 30
21 17 39 10 25
20 20 39 10 29
30 21 39 10 20
35 27 39 10 21
29 28 39 10 28
14 24 39 10 39
12 25 39 10 42
13 22 39 10 38
34 24 39 10 19
32 22 39 10 19
26 25 39 10 28
22 25 1 2 44
22 25 7 1 39
22 25 0 20 27
22 25 1 3 43
22 25 3 3 41
20 16 1 2 33
20 16 7 1 28
20 16 0 20 24
20 16 1 3 32
20 16 3 3 30
7 23 1 2 27
7 23 7 1 22
7 23 0 20 10
7 23 1 3 26
7 23 3 3 24
15 19 1 2 31
15 19 7 1 26
15 19 0 20 16
15 19 1 3 30
15 19 3 3 28
41 20 1 2 58
41 20 7 1 53
41 20 0 20 41
41 20 1 3 57
41 20 3 3 55
28 21 1 2 46
28 21 7 1 41
28 21 0 20 29
28 21 1 3 45
28 21 3 3 43
26 27 1 2 50
26 27 7 1 45
26 27 0 20 33
26 27 1 3 49
26 27 3 3 47
21 17 1 2 35
21 17 7 1 30
21 17 0 20 24
21 17 1 3 34
21 17 3 3 32
20 20 1 2 37
20 20 7 1 32
20 20 0 20 20
20 20 1 3 36
20 20 3 3 34
30 21 1 2 48
30 21 7 1 43
30 21 0 20 31
30 21 1 3 47
30 21 3 3 45
35 27 1 2 59
35 27 7 1 54
35 27 0 20 42
35 27 1 3 58
35 27 3 3 56
29 28 1 2 54
29 28 7 1 49
29 28 0 20 37
29 28 1 3 53
29 28 3 3 51
14 24 1 2 35
14 24 7 1 30
14 24 0 20 18
14 24 1 3 34
14 24 3 3 32
12 25 1 2 34
12 25 7 1 29
12 25 0 20 17
12 25 1 3 33
12 25 3 3 31
13 22 1 2 32
13 22 7 1 27
13 22 0 20 15
13 22 1 3 31
13 22 3 3 29
34 24 1 2 55
34 24 7 1 50
34 24 0 20 38
34 24 1 3 54
34 24 3 3 52
32 22 1 2 51
32 22 7 1 46
32 22 0 20 34
32 22 1 3 50
32 22 3 3 48
26 25 1 2 48
26 25 7 1 43
26 25 0 20 31
26 25 1 3 47
26 25 3 3 45
22 25 42 1 44
22 25 41 7 37
22 25 39 16 26
22 25 43 15 31
22 25 44 14 33
22 25 41 1 43
20 16 42 1 37
20 16 41 7 30
20 16 39 16 19
20 16 43 15 24
20 16 44 14 26
20 16 41 1 36
7 23 42 1 57
7 23 41 7 50
7 23 39 16 39
7 23 43 15 44
7 23 44 14 46
7 23 41 1 56
15 19 42 1 45
15 19 41 7 38
15 19 39 16 27
15 19 43 15 32
15 19 44 14 34
15 19 41 1 44
41 20 42 1 20
41 20 41 7 13
41 20 39 16 6
41 20 43 15 7
41 20 44 14 9
41 20 41 1 19
28 21 42 1 34
28 21 41 7 27
28 21 39 16 16
28 21 43 15 21
28 21 44 14 23
28 21 41 1 33
26 27 42 1 42
26 27 41 7 35
26 27 39 16 24
26 27 43 15 29
26 27 44 14 31
26 27 41 1 41
21 17 42 1 37
21 17 41 7 30
21 17 39 16 19
21 17 43 15 24
21 17 44 14 26
21 17 41 1 36
20 20 42 1 41
20 20 41 7 34
20 20 39 16 23
20 20 43 15 28
20 20 44 14 30
20 20 41 1 40
30 21 42 1 32
30 21 41 7 25
30 21 39 16 14
30 21 43 15 19
30 21 44 14 21
30 21 41 1 31
35 27 42 1 33
35 27 41 7 26
35 27 39 16 15
35 27 43 15 20
35 27 44 14 22
35 27 41 1 32
29 28 42 1 40
29 28 41 7 33
29 28 39 16 22
29 28 43 15 27
29 28 44 14 29
29 28 41 1 39
14 24 42 1 51
14 24 41 7 44
14 24 39 16 33
14 24 43 15 38
14 24 44 14 40
14 24 41 1 50
12 25 42 1 54
12 25 41 7 47
12 25 39 16 36
12 25 43 15 41
12 25 44 14 43
12 25 41 1 53
13 22 42 1 50
13 22 41 7 43
13 22 39 16 32
13 22 43 15 37
13 22 44 14 39
13 22 41 1 49
34 24 42 1 31
34 24 41 7 24
34 24 39 16 13
34 24 43 15 18
34 24 44 14 20
34 24 41 1 30
32 22 42 1 31
32 22 41 7 24
32 22 39 16 13
32 22 43 15 18
32 22 44 14 20
32 22 41 1 30
26 25 42 1 40
26 25 41 7 33
26 25 39 16 22
26 25 43 15 27
26 25 44 14 29
26 25 41 1 39
22 25 5 43 35
22 25 5 40 32
22 25 3 40 34
22 25 1 23 23
22 25 0 27 24
22 25 3 36 30
22 25 12 42 27
22 25 3 28 22
20 16 5 43 42
20 16 5 40 39
20 16 3 40 41
20 16 1 23 26
20 16 0 27 31
20 16 3 36 37
20 16 12 42 34
20 16 3 28 29
7 23 5 43 22
7 23 5 40 19
7 23 3 40 21
7 23 1 23 6
7 23 0 27 11
7 23 3 36 17
7 23 12 42 24
7 23 3 28 9
15 19 5 43 34
15 19 5 40 31
15 19 3 40 33
15 19 1 23 18
15 19 0 27 23
15 19 3 36 29
15 19 12 42 26
15 19 3 28 21
41 20 5 43 59
41 20 5 40 56
41 20 3 40 58
41 20 1 23 43
41 20 0 27 48
41 20 3 36 54
41 20 12 42 51
41 20 3 28 46
28 21 5 43 45
28 21 5 40 42
28 21 3 40 44
28 21 1 23 29
28 21 0 27 34
28 21 3 36 40
28 21 12 42 37
28 21 3 28 32
26 27 5 43 37
26 27 5 40 34
26 27 3 40 36
26 27 1 23 29
26 27 0 27 26
26 27 3 36 32
26 27 12 42 29
26 27 3 28 24
21 17 5 43 42
21 17 5 40 39
21 17 3 40 41
21 17 1 23 26
21 17 0 27 31
21 17 3 36 37
21 17 12 42 34
21 17 3 28 29
20 20 5 43 38
20 20 5 40 35
20 20 3 40 37
20 20 1 23 22
20 20 0 27 27
20 20 3 36 33
20 20 12 42 30
20 20 3 28 25
30 21 5 43 47
30 21 5 40 44
30 21 3 40 46
30 21 1 23 31
30 21 0 27 36
30 21 3 36 42
30 21 12 42 39
30 21 3 28 34
35 27 5 43 46
35 27 5 40 43
35 27 3 40 45
35 27 1 23 38
35 27 0 27 35
35 27 3 36 41
35 27 12 42 38
35 27 3 28 33
29 28 5 43 39
29 28 5 40 36
29 28 3 40 38
29 28 1 23 33
29 28 0 27 30
29 28 3 36 34
29 28 12 42 31
29 28 3 28 26
14 24 5 43 28
14 24 5 40 25
14 24 3 40 27
14 24 1 23 14
14 24 0 27 17
14 24 3 36 23
14 24 12 42 20
14 24 3 28 15
12 25 5 43 25
12 25 5 40 22
12 25 3 40 24
12 25 1 23 13
12 25 0 27 14
12 25 3 36 20
12 25 12 42 17
12 25 3 28 12
13 22 5 43 29
13 22 5 40 26
13 22 3 40 28
13 22 1 23 13
13 22 0 27 18
13 22 3 36 24
13 22 12 42 21
13 22 3 28 16
34 24 5 43 48
34 24 5 40 45
34 24 3 40 47
34 24 1 23 34
34 24 0 27 37
34 24 3 36 43
34 24 12 42 40
34 24 3 28 35
32 22 5 43 48
32 22 5 40 45
32 22 3 40 47
32 22 1 23 32
32 22 0 27 37
32 22 3 36 43
32 22 12 42 40
32 22 3 28 35
26 25 5 43 39
26 25 5 40 36
26 25 3 40 38
26 25 1 23 27
26 25 0 27 28
26 25 3 36 34
26 25 12 42 31
26 25 3 28 26
22 25 43 41 37
22 25 37 43 33
22 25 37 42 32
22 25 29 42 24
22 25 28 42 23
22 25 37 38 28
22 25 36 44 33
22 25 44 28 25
22 25 37 36 26
22 25 29 41 23
20 16 43 41 48
20 16 37 43 44
20 16 37 42 43
20 16 29 42 35
20 16 28 42 34
20 16 37 38 39
20 16 36 44 44
20 16 44 28 36
20 16 37 36 37
20 16 29 41 34
7 23 43 41 54
7 23 37 43 50
7 23 37 42 49
7 23 29 42 41
7 23 28 42 40
7 23 37 38 45
7 23 36 44 50
7 23 44 28 42
7 23 37 36 43
7 23 29 41 40
15 19 43 41 50
15 19 37 43 46
15 19 37 42 45
15 19 29 42 37
15 19 28 42 36
15 19 37 38 41
15 19 36 44 46
15 19 44 28 38
15 19 37 36 39
15 19 29 41 36
41 20 43 41 23
41 20 37 43 27
41 20 37 42 26
41 20 29 42 34
41 20 28 42 35
41 20 37 38 22
41 20 36 44 29
41 20 44 28 11
41 20 37 36 20
41 20 29 41 33
28 21 43 41 35
28 21 37 43 31
28 21 37 42 30
28 21 29 42 22
28 21 28 42 21
28 21 37 38 26
28 21 36 44 31
28 21 44 28 23
28 21 37 36 24
28 21 29 41 21
26 27 43 41 31
26 27 37 43 27
26 27 37 42 26
26 27 29 42 18
26 27 28 42 17
26 27 37 38 22
26 27 36 44 27
26 27 44 28 19
26 27 37 36 20
26 27 29 41 17
21 17 43 41 46
21 17 37 43 42
21 17 37 42 41
21 17 29 42 33
21 17 28 42 32
21 17 37 38 37
21 17 36 44 42
21 17 44 28 34
21 17 37 36 35
21 17 29 41 32
20 20 43 41 44
20 20 37 43 40
20 20 37 42 39
20 20 29 42 31
20 20 28 42 30
20 20 37 38 35
20 20 36 44 40
20 20 44 28 32
20 20 37 36 33
20 20 29 41 30
30 21 43 41 33
30 21 37 43 29
30 21 37 42 28
30 21 29 42 22
30 21 28 42 23
30 21 37 38 24
30 21 36 44 29
30 21 44 28 21
30 21 37 36 22
30 21 29 41 21
35 27 43 41 22
35 27 37 43 18
35 27 37 42 17
35 27 29 42 21
35 27 28 42 22
35 27 37 38 13
35 27 36 44 18
35 27 44 28 10
35 27 37 36 11
35 27 29 41 20
29 28 43 41 27
29 28 37 43 23
29 28 37 42 22
29 28 29 42 14
29 28 28 42 15
29 28 37 38 18
29 28 36 44 23
29 28 44 28 15
29 28 37 36 16
29 28 29 41 13
14 24 43 41 46
14 24 37 43 42
14 24 37 42 41
14 24 29 42 33
14 24 28 42 32
14 24 37 38 37
14 24 36 44 42
14 24 44 28 34
14 24 37 36 35
14 24 29 41 32
12 25 43 41 47
12 25 37 43 43
12 25 37 42 42
12 25 29 42 34
12 25 28 42 33
12 25 37 38 38
12 25 36 44 43
12 25 44 28 35
12 25 37 36 36
12 25 29 41 33
13 22 43 41 49
13 22 37 43 45
13 22 37 42 44
13 22 29 42 36
13 22 28 42 35
13 22 37 38 40
13 22 36 44 45
13 22 44 28 37
13 22 37 36 38
13 22 29 41 35
34 24 43 41 26
34 24 37 43 22
34 24 37 42 21
34 24 29 42 23
34 24 28 42 24
34 24 37 38 17
34 24 36 44 22
34 24 44 28 14
34 24 37 36 15
34 24 29 41 22
32 22 43 41 30
32 22 37 43 26
32 22 37 42 25
32 22 29 42 23
32 22 28 42 24
32 22 37 38 21
32 22 36 44 26
32 22 44 28 18
32 22 37 36 19
32 22 29 41 22
26 25 43 41 33
26 25 37 43 29
26 25 37 42 28
26 25 29 42 20
26 25 28 42 19
26 25 37 38 24
26 25 36 44 29
26 25 44 28 21
26 25 37 36 22
26 25 29 41 19
22 25 17 37 17
22 25 25 41 19
22 25 27 41 21
22 25 13 42 26
22 25 12 27 12
22 25 23 31 7
22 25 12 30 15
22 25 31 35 19
22 25 7 35 25
22 25 27 34 14
22 25 20 30 7
22 25 9 33 21
22 25 32 37 22
22 25 10 37 24
22 25 11 39 25
22 25 22 39 14
20 16 17 37 24
20 16 25 41 30
20 16 27 41 32
20 16 13 42 33
20 16 12 27 19
20 16 23 31 18
20 16 12 30 22
20 16 31 35 30
20 16 7 35 32
20 16 27 34 25
20 16 20 30 14
20 16 9 33 28
20 16 32 37 33
20 16 10 37 31
20 16 11 39 32
20 16 22 39 25
7 23 17 37 24
7 23 25 41 36
7 23 27 41 38
7 23 13 42 25
7 23 12 27 9
7 23 23 31 24
7 23 12 30 12
7 23 31 35 36
7 23 7 35 12
7 23 27 34 31
7 23 20 30 20
7 23 9 33 12
7 23 32 37 39
7 23 10 37 17
7 23 11 39 20
7 23 22 39 31
15 19 17 37 20
15 19 25 41 32
15 19 27 41 34
15 19 13 42 25
15 19 12 27 11
15 19 23 31 20
15 19 12 30 14
15 19 31 35 32
15 19 7 35 24
15 19 27 34 27
15 19 20 30 16
15 19 9 33 20
15 19 32 37 35
15 19 10 37 23
15 19 11 39 24
15 19 22 39 27
41 20 17 37 41
41 20 25 41 37
41 20 27 41 35
41 20 13 42 50
41 20 12 27 36
41 20 23 31 29
41 20 12 30 39
41 20 31 35 25
41 20 7 35 49
41 20 27 34 28
41 20 20 30 31
41 20 9 33 45
41 20 32 37 26
41 20 10 37 48
41 20 11 39 49
41 20 22 39 38
28 21 17 37 27
28 21 25 41 23
28 21 27 41 21
28 21 13 42 36
28 21 12 27 22
28 21 23 31 15
28 21 12 30 25
28 21 31 35 17
28 21 7 35 35
28 21 27 34 14
28 21 20 30 17
28 21 9 33 31
28 21 32 37 20
28 21 10 37 34
28 21 11 39 35
28 21 22 39 24
26 27 17 37 19
26 27 25 41 15
26 27 27 41 15
26 27 13 42 28
26 27 12 27 14
26 27 23 31 7
26 27 12 30 17
26 27 31 35 13
26 27 7 35 27
26 27 27 34 8
26 27 20 30 9
26 27 9 33 23
26 27 32 37 16
26 27 10 37 26
26 27 11 39 27
26 27 22 39 16
21 17 17 37 24
21 17 25 41 28
21 17 27 41 30
21 17 13 42 33
21 17 12 27 19
21 17 23 31 16
21 17 12 30 22
21 17 31 35 28
21 17 7 35 32
21 17 27 34 23
21 17 20 30 14
21 17 9 33 28
21 17 32 37 31
21 17 10 37 31
21 17 11 39 32
21 17 22 39 23
20 20 17 37 20
20 20 25 41 26
20 20 27 41 28
20 20 13 42 29
20 20 12 27 15
20 20 23 31 14
20 20 12 30 18
20 20 31 35 26
20 20 7 35 28
20 20 27 34 21
20 20 20 30 10
20 20 9 33 24
20 20 32 37 29
20 20 10 37 27
20 20 11 39 28
20 20 22 39 21
30 21 17 37 29
30 21 25 41 25
30 21 27 41 23
30 21 13 42 38
30 21 12 27 24
30 21 23 31 17
30 21 12 30 27
30 21 31 35 15
30 21 7 35 37
30 21 27 34 16
30 21 20 30 19
30 21 9 33 33
30 21 32 37 18
30 21 10 37 36
30 21 11 39 37
30 21 22 39 26
35 27 17 37 28
35 27 25 41 24
35 27 27 41 22
35 27 13 42 37
35 27 12 27 23
35 27 23 31 16
35 27 12 30 26
35 27 31 35 12
35 27 7 35 36
35 27 27 34 15
35 27 20 30 18
35 27 9 33 32
35 27 32 37 13
35 27 10 37 35
35 27 11 39 36
35 27 22 39 25
29 28 17 37 21
29 28 25 41 17
29 28 27 41 15
29 28 13 42 30
29 28 12 27 18
29 28 23 31 9
29 28 12 30 19
29 28 31 35 9
29 28 7 35 29
29 28 27 34 8
29 28 20 30 11
29 28 9 33 25
29 28 32 37 12
29 28 10 37 28
29 28 11 39 29
29 28 22 39 18
14 24 17 37 16
14 24 25 41 28
14 24 27 41 30
14 24 13 42 19
14 24 12 27 5
14 24 23 31 16
14 24 12 30 8
14 24 31 35 28
14 24 7 35 18
14 24 27 34 23
14 24 20 30 12
14 24 9 33 14
14 24 32 37 31
14 24 10 37 17
14 24 11 39 18
14 24 22 39 23
12 25 17 37 17
12 25 25 41 29
12 25 27 41 31
12 25 13 42 18
12 25 12 27 2
12 25 23 31 17
12 25 12 30 5
12 25 31 35 29
12 25 7 35 15
12 25 27 34 24
12 25 20 30 13
12 25 9 33 11
12 25 32 37 32
12 25 10 37 14
12 25 11 39 15
12 25 22 39 24
13 22 17 37 19
13 22 25 41 31
13 22 27 41 33
13 22 13 42 20
13 22 12 27 6
13 22 23 31 19
13 22 12 30 9
13 22 31 35 31
13 22 7 35 19
13 22 27 34 26
13 22 20 30 15
13 22 9 33 15
13 22 32 37 34
13 22 10 37 18
13 22 11 39 19
13 22 22 39 26
34 24 17 37 30
34 24 25 41 26
34 24 27 41 24
34 24 13 42 39
34 24 12 27 25
34 24 23 31 18
34 24 12 30 28
34 24 31 35 14
34 24 7 35 38
34 24 27 34 17
34 24 20 30 20
34 24 9 33 34
34 24 32 37 15
34 24 10 37 37
34 24 11 39 38
34 24 22 39 27
32 22 17 37 30
32 22 25 41 26
32 22 27 41 24
32 22 13 42 39
32 22 12 27 25
32 22 23 31 18
32 22 12 30 28
32 22 31 35 14
32 22 7 35 38
32 22 27 34 17
32 22 20 30 20
32 22 9 33 34
32 22 32 37 15
32 22 10 37 37
32 22 11 39 38
32 22 22 39 27
26 25 17 37 21
26 25 25 41 17
26 25 27 41 17
26 25 13 42 30
26 25 12 27 16
26 25 23 31 9
26 25 12 30 19
26 25 31 35 15
26 25 7 35 29
26 25 27 34 10
26 25 20 30 11
26 25 9 33 25
26 25 32 37 18
26 25 10 37 28
26 25 11 39 29
26 25 22 39 18
22 25 30 2 31
22 25 37 9 31
22 25 35 0 38
22 25 31 10 24
20 16 30 2 24
20 16 37 9 24
20 16 35 0 31
20 16 31 10 17
7 23 30 2 44
7 23 37 9 44
7 23 35 0 51
7 23 31 10 37
15 19 30 2 32
15 19 37 9 32
15 19 35 0 39
15 19 31 10 25
41 20 30 2 29
41 20 37 9 15
41 20 35 0 26
41 20 31 10 20
28 21 30 2 21
28 21 37 9 21
28 21 35 0 28
28 21 31 10 14
26 27 30 2 29
26 27 37 9 29
26 27 35 0 36
26 27 31 10 22
21 17 30 2 24
21 17 37 9 24
21 17 35 0 31
21 17 31 10 17
20 20 30 2 28
20 20 37 9 28
20 20 35 0 35
20 20 31 10 21
30 21 30 2 19
30 21 37 9 19
30 21 35 0 26
30 21 31 10 12
35 27 30 2 30
35 27 37 9 20
35 27 35 0 27
35 27 31 10 21
29 28 30 2 27
29 28 37 9 27
29 28 35 0 34
29 28 31 10 20
14 24 30 2 38
14 24 37 9 38
14 24 35 0 45
14 24 31 10 31
12 25 30 2 41
12 25 37 9 41
12 25 35 0 48
12 25 31 10 34
13 22 30 2 37
13 22 37 9 37
13 22 35 0 44
13 22 31 10 30
34 24 30 2 26
34 24 37 9 18
34 24 35 0 25
34 24 31 10 17
32 22 30 2 22
32 22 37 9 18
32 22 35 0 25
32 22 31 10 13
26 25 30 2 27
26 25 37 9 27
26 25 35 0 34
26 25 31 10 20
22 25 21 5 21
22 25 28 14 17
22 25 28 16 15
20 16 21 5 12
20 16 28 14 10
20 16 28 16 8
7 23 21 5 32
7 23 28 14 30
7 23 28 16 28
15 19 21 5 20
15 19 28 14 18
15 19 28 16 16
41 20 21 5 35
41 20 28 14 19
41 20 28 16 17
28 21 21 5 23
28 21 28 14 7
28 21 28 16 5
26 27 21 5 27
26 27 28 14 15
26 27 28 16 13
21 17 21 5 12
21 17 28 14 10
21 17 28 16 8
20 20 21 5 16
20 20 28 14 14
20 20 28 16 12
30 21 21 5 25
30 21 28 14 9
30 21 28 16 7
35 27 21 5 36
35 27 28 14 20
35 27 28 16 18
29 28 21 5 31
29 28 28 14 15
29 28 28 16 13
14 24 21 5 26
14 24 28 14 24
14 24 28 16 22
12 25 21 5 29
12 25 28 14 27
12 25 28 16 25
13 22 21 5 25
13 22 28 14 23
13 22 28 16 21
34 24 21 5 32
34 24 28 14 16
34 24 28 16 14
32 22 21 5 28
32 22 28 14 12
32 22 28 16 10
26 25 21 5 25
26 25 28 14 13
26 25 28 16 11
22 25 10 8 29
22 25 9 14 24
22 25 15 2 30
22 25 12 7 28
22 25 14 11 22
22 25 11 3 33
22 25 11 6 30
22 25 7 10 30
22 25 5 4 38
20 16 10 8 18
20 16 9 14 13
20 16 15 2 19
20 16 12 7 17
20 16 14 11 11
20 16 11 3 22
20 16 11 6 19
20 16 7 10 19
20 16 5 4 27
7 23 10 8 18
7 23 9 14 11
7 23 15 2 29
7 23 12 7 21
7 23 14 11 19
7 23 11 3 24
7 23 11 6 21
7 23 7 10 13
7 23 5 4 21
15 19 10 8 16
15 19 9 14 11
15 19 15 2 17
15 19 12 7 15
15 19 14 11 9
15 19 11 3 20
15 19 11 6 17
15 19 7 10 17
15 19 5 4 25
41 20 10 8 43
41 20 9 14 38
41 20 15 2 44
41 20 12 7 42
41 20 14 11 36
41 20 11 3 47
41 20 11 6 44
41 20 7 10 44
41 20 5 4 52
28 21 10 8 31
28 21 9 14 26
28 21 15 2 32
28 21 12 7 30
28 21 14 11 24
28 21 11 3 35
28 21 11 6 32
28 21 7 10 32
28 21 5 4 40
26 27 10 8 35
26 27 9 14 30
26 27 15 2 36
26 27 12 7 34
26 27 14 11 28
26 27 11 3 39
26 27 11 6 36
26 27 7 10 36
26 27 5 4 44
21 17 10 8 20
21 17 9 14 15
21 17 15 2 21
21 17 12 7 19
21 17 14 11 13
21 17 11 3 24
21 17 11 6 21
21 17 7 10 21
21 17 5 4 29
20 20 10 8 22
20 20 9 14 17
20 20 15 2 23
20 20 12 7 21
20 20 14 11 15
20 20 11 3 26
20 20 11 6 23
20 20 7 10 23
20 20 5 4 31
30 21 10 8 33
30 21 9 14 28
30 21 15 2 34
30 21 12 7 32
30 21 14 11 26
30 21 11 3 37
30 21 11 6 34
30 21 7 10 34
30 21 5 4 42
35 27 10 8 44
35 27 9 14 39
35 27 15 2 45
35 27 12 7 43
35 27 14 11 37
35 27 11 3 48
35 27 11 6 45
35 27 7 10 45
35 27 5 4 53
29 28 10 8 39
29 28 9 14 34
29 28 15 2 40
29 28 12 7 38
29 28 14 11 32
29 28 11 3 43
29 28 11 6 40
29 28 7 10 40
29 28 5 4 48
14 24 10 8 20
14 24 9 14 15
14 24 15 2 23
14 24 12 7 19
14 24 14 11 13
14 24 11 3 24
14 24 11 6 21
14 24 7 10 21
14 24 5 4 29
12 25 10 8 19
12 25 9 14 14
12 25 15 2 26
12 25 12 7 18
12 25 14 11 16
12 25 11 3 23
12 25 11 6 20
12 25 7 10 20
12 25 5 4 28
13 22 10 8 17
13 22 9 14 12
13 22 15 2 22
13 22 12 7 16
13 22 14 11 12
13 22 11 3 21
13 22 11 6 18
13 22 7 10 18
13 22 5 4 26
34 24 10 8 40
34 24 9 14 35
34 24 15 2 41
34 24 12 7 39
34 24 14 11 33
34 24 11 3 44
34 24 11 6 41
34 24 7 10 41
34 24 5 4 49
32 22 10 8 36
32 22 9 14 31
32 22 15 2 37
32 22 12 7 35
32 22 14 11 29
32 22 11 3 40
32 22 11 6 37
32 22 7 10 37
32 22 5 4 45
26 25 10 8 33
26 25 9 14 28
26 25 15 2 34
26 25 12 7 32
26 25 14 11 26
26 25 11 3 37
26 25 11 6 34
26 25 7 10 34
26 25 5 4 42
17 37 39 10 49
25 41 39 10 45
27 41 39 10 43
13 42 39 10 58
12 27 39 10 44
23 31 39 10 37
12 30 39 10 47
31 35 39 10 33
7 35 39 10 57
27 34 39 10 36
20 30 39 10 39
9 33 39 10 53
32 37 39 10 34
10 37 39 10 56
11 39 39 10 57
22 39 39 10 46
17 37 1 2 51
17 37 7 1 46
17 37 0 20 34
17 37 1 3 50
17 37 3 3 48
25 41 1 2 63
25 41 7 1 58
25 41 0 20 46
25 41 1 3 62
25 41 3 3 60
27 41 1 2 65
27 41 7 1 60
27 41 0 20 48
27 41 1 3 64
27 41 3 3 62
13 42 1 2 52
13 42 7 1 47
13 42 0 20 35
13 42 1 3 51
13 42 3 3 49
12 27 1 2 36
12 27 7 1 31
12 27 0 20 19
12 27 1 3 35
12 27 3 3 33
23 31 1 2 51
23 31 7 1 46
23 31 0 20 34
23 31 1 3 50
23 31 3 3 48
12 30 1 2 39
12 30 7 1 34
12 30 0 20 22
12 30 1 3 38
12 30 3 3 36
31 35 1 2 63
31 35 7 1 58
31 35 0 20 46
31 35 1 3 62
31 35 3 3 60
7 35 1 2 39
7 35 7 1 34
7 35 0 20 22
7 35 1 3 38
7 35 3 3 36
27 34 1 2 58
27 34 7 1 53
27 34 0 20 41
27 34 1 3 57
27 34 3 3 55
20 30 1 2 47
20 30 7 1 42
20 30 0 20 30
20 30 1 3 46
20 30 3 3 44
9 33 1 2 39
9 33 7 1 34
9 33 0 20 22
9 33 1 3 38
9 33 3 3 36
32 37 1 2 66
32 37 7 1 61
32 37 0 20 49
32 37 1 3 65
32 37 3 3 63
10 37 1 2 44
10 37 7 1 39
10 37 0 20 27
10 37 1 3 43
10 37 3 3 41
11 39 1 2 47
11 39 7 1 42
11 39 0 20 30
11 39 1 3 46
11 39 3 3 44
22 39 1 2 58
22 39 7 1 53
22 39 0 20 41
22 39 1 3 57
22 39 3 3 55
17 37 42 1 61
17 37 41 7 54
17 37 39 16 43
17 37 43 15 48
17 37 44 14 50
17 37 41 1 60
25 41 42 1 57
25 41 41 7 50
25 41 39 16 39
25 41 43 15 44
25 41 44 14 46
25 41 41 1 56
27 41 42 1 55
27 41 41 7 48
27 41 39 16 37
27 41 43 15 42
27 41 44 14 44
27 41 41 1 54
13 42 42 1 70
13 42 41 7 63
13 42 39 16 52
13 42 43 15 57
13 42 44 14 59
13 42 41 1 69
12 27 42 1 56
12 27 41 7 49
12 27 39 16 38
12 27 43 15 43
12 27 44 14 45
12 27 41 1 55
23 31 42 1 49
23 31 41 7 42
23 31 39 16 31
23 31 43 15 36
23 31 44 14 38
23 31 41 1 48
12 30 42 1 59
12 30 41 7 52
12 30 39 16 41
12 30 43 15 46
12 30 44 14 48
12 30 41 1 58
31 35 42 1 45
31 35 41 7 38
31 35 39 16 27
31 35 43 15 32
31 35 44 14 34
31 35 41 1 44
7 35 42 1 69
7 35 41 7 62
7 35 39 16 51
7 35 43 15 56
7 35 44 14 58
7 35 41 1 68
27 34 42 1 48
27 34 41 7 41
27 34 39 16 30
27 34 43 15 35
27 34 44 14 37
27 34 41 1 47
20 30 42 1 51
20 30 41 7 44
20 30 39 16 33
20 30 43 15 38
20 30 44 14 40
20 30 41 1 50
9 33 42 1 65
9 33 41 7 58
9 33 39 16 47
9 33 43 15 52
9 33 44 14 54
9 33 41 1 64
32 37 42 1 46
32 37 41 7 39
32 37 39 16 28
32 37 43 15 33
32 37 44 14 35
32 37 41 1 45
10 37 42 1 68
10 37 41 7 61
10 37 39 16 50
10 37 43 15 55
10 37 44 14 57
10 37 41 1 67
11 39 42 1 69
11 39 41 7 62
11 39 39 16 51
11 39 43 15 56
11 39 44 14 58
11 39 41 1 68
22 39 42 1 58
22 39 41 7 51
22 39 39 16 40
22 39 43 15 45
22 39 44 14 47
22 39 41 1 57
17 37 5 43 18
17 37 5 40 15
17 37 3 40 17
17 37 1 23 30
17 37 0 27 27
17 37 3 36 15
17 37 12 42 10
17 37 3 28 23
25 41 5 43 22
25 41 5 40 21
25 41 3 40 23
25 41 1 23 42
25 41 0 27 39
25 41 3 36 27
25 41 12 42 14
25 41 3 28 35
27 41 5 43 24
27 41 5 40 23
27 41 3 40 25
27 41 1 23 44
27 41 0 27 41
27 41 3 36 29
27 41 12 42 16
27 41 3 28 37
13 42 5 43 9
13 42 5 40 10
13 42 3 40 12
13 42 1 23 31
13 42 0 27 28
13 42 3 36 16
13 42 12 42 1
13 42 3 28 24
12 27 5 43 23
12 27 5 40 20
12 27 3 40 22
12 27 1 23 15
12 27 0 27 12
12 27 3 36 18
12 27 12 42 15
12 27 3 28 10
23 31 5 43 30
23 31 5 40 27
23 31 3 40 29
23 31 1 23 30
23 31 0 27 27
23 31 3 36 25
23 31 12 42 22
23 31 3 28 23
12 30 5 43 20
12 30 5 40 17
12 30 3 40 19
12 30 1 23 18
12 30 0 27 15
12 30 3 36 15
12 30 12 42 12
12 30 3 28 11
31 35 5 43 34
31 35 5 40 31
31 35 3 40 33
31 35 1 23 42
31 35 0 27 39
31 35 3 36 29
31 35 12 42 26
31 35 3 28 35
7 35 5 43 10
7 35 5 40 7
7 35 3 40 9
7 35 1 23 18
7 35 0 27 15
7 35 3 36 5
7 35 12 42 12
7 35 3 28 11
27 34 5 43 31
27 34 5 40 28
27 34 3 40 30
27 34 1 23 37
27 34 0 27 34
27 34 3 36 26
27 34 12 42 23
27 34 3 28 30
20 30 5 43 28
20 30 5 40 25
20 30 3 40 27
20 30 1 23 26
20 30 0 27 23
20 30 3 36 23
20 30 12 42 20
20 30 3 28 19
9 33 5 43 14
9 33 5 40 11
9 33 3 40 13
9 33 1 23 18
9 33 0 27 15
9 33 3 36 9
9 33 12 42 12
9 33 3 28 11
32 37 5 43 33
32 37 5 40 30
32 37 3 40 32
32 37 1 23 45
32 37 0 27 42
32 37 3 36 30
32 37 12 42 25
32 37 3 28 38
10 37 5 43 11
10 37 5 40 8
10 37 3 40 10
10 37 1 23 23
10 37 0 27 20
10 37 3 36 8
10 37 12 42 7
10 37 3 28 16
11 39 5 43 10
11 39 5 40 7
11 39 3 40 9
11 39 1 23 26
11 39 0 27 23
11 39 3 36 11
11 39 12 42 4
11 39 3 28 19
22 39 5 43 21
22 39 5 40 18
22 39 3 40 20
22 39 1 23 37
22 39 0 27 34
22 39 3 36 22
22 39 12 42 13
22 39 3 28 30
17 37 43 41 30
17 37 37 43 26
17 37 37 42 25
17 37 29 42 17
17 37 28 42 16
17 37 37 38 21
17 37 36 44 26
17 37 44 28 36
17 37 37 36 21
17 37 29 41 16
25 41 43 41 18
25 41 37 43 14
25 41 37 42 13
25 41 29 42 5
25 41 28 42 4
25 41 37 38 15
25 41 36 44 14
25 41 44 28 32
25 41 37 36 17
25 41 29 41 4
27 41 43 41 16
27 41 37 43 12
27 41 37 42 11
27 41 29 42 3
27 41 28 42 2
27 41 37 38 13
27 41 36 44 12
27 41 44 28 30
27 41 37 36 15
27 41 29 41 2
13 42 43 41 31
13 42 37 43 25
13 42 37 42 24
13 42 29 42 16
13 42 28 42 15
13 42 37 38 28
13 42 36 44 25
13 42 44 28 45
13 42 37 36 30
13 42 29 41 17
12 27 43 41 45
12 27 37 43 41
12 27 37 42 40
12 27 29 42 32
12 27 28 42 31
12 27 37 38 36
12 27 36 44 41
12 27 44 28 33
12 27 37 36 34
12 27 29 41 31
23 31 43 41 30
23 31 37 43 26
23 31 37 42 25
23 31 29 42 17
23 31 28 42 16
23 31 37 38 21
23 31 36 44 26
23 31 44 28 24
23 31 37 36 19
23 31 29 41 16
12 30 43 41 42
12 30 37 43 38
12 30 37 42 37
12 30 29 42 29
12 30 28 42 28
12 30 37 38 33
12 30 36 44 38
12 30 44 28 34
12 30 37 36 31
12 30 29 41 28
31 35 43 41 18
31 35 37 43 14
31 35 37 42 13
31 35 29 42 9
31 35 28 42 10
31 35 37 38 9
31 35 36 44 14
31 35 44 28 20
31 35 37 36 7
31 35 29 41 8
7 35 43 41 42
7 35 37 43 38
7 35 37 42 37
7 35 29 42 29
7 35 28 42 28
7 35 37 38 33
7 35 36 44 38
7 35 44 28 44
7 35 37 36 31
7 35 29 41 28
27 34 43 41 23
27 34 37 43 19
27 34 37 42 18
27 34 29 42 10
27 34 28 42 9
27 34 37 38 14
27 34 36 44 19
27 34 44 28 23
27 34 37 36 12
27 34 29 41 9
20 30 43 41 34
20 30 37 43 30
20 30 37 42 29
20 30 29 42 21
20 30 28 42 20
20 30 37 38 25
20 30 36 44 30
20 30 44 28 26
20 30 37 36 23
20 30 29 41 20
9 33 43 41 42
9 33 37 43 38
9 33 37 42 37
9 33 29 42 29
9 33 28 42 28
9 33 37 38 33
9 33 36 44 38
9 33 44 28 40
9 33 37 36 31
9 33 29 41 28
32 37 43 41 15
32 37 37 43 11
32 37 37 42 10
32 37 29 42 8
32 37 28 42 9
32 37 37 38 6
32 37 36 44 11
32 37 44 28 21
32 37 37 36 6
32 37 29 41 7
10 37 43 41 37
10 37 37 43 33
10 37 37 42 32
10 37 29 42 24
10 37 28 42 23
10 37 37 38 28
10 37 36 44 33
10 37 44 28 43
10 37 37 36 28
10 37 29 41 23
11 39 43 41 34
11 39 37 43 30
11 39 37 42 29
11 39 29 42 21
11 39 28 42 20
11 39 37 38 27
11 39 36 44 30
11 39 44 28 44
11 39 37 36 29
11 39 29 41 20
22 39 43 41 23
22 39 37 43 19
22 39 37 42 18
22 39 29 42 10
22 39 28 42 9
22 39 37 38 16
22 39 36 44 19
22 39 44 28 33
22 39 37 36 18
22 39 29 41 9
17 37 22 25 17
17 37 20 16 24
17 37 7 23 24
17 37 15 19 20
17 37 41 20 41
17 37 28 21 27
17 37 26 27 19
17 37 21 17 24
17 37 20 20 20
17 37 30 21 29
17 37 35 27 28
17 37 29 28 21
17 37 14 24 16
17 37 12 25 17
17 37 13 22 19
17 37 34 24 30
17 37 32 22 30
17 37 26 25 21
25 41 22 25 19
25 41 20 16 30
25 41 7 23 36
25 41 15 19 32
25 41 41 20 37
25 41 28 21 23
25 41 26 27 15
25 41 21 17 28
25 41 20 20 26
25 41 30 21 25
25 41 35 27 24
25 41 29 28 17
25 41 14 24 28
25 41 12 25 29
25 41 13 22 31
25 41 34 24 26
25 41 32 22 26
25 41 26 25 17
27 41 22 25 21
27 41 20 16 32
27 41 7 23 38
27 41 15 19 34
27 41 41 20 35
27 41 28 21 21
27 41 26 27 15
27 41 21 17 30
27 41 20 20 28
27 41 30 21 23
27 41 35 27 22
27 41 29 28 15
27 41 14 24 30
27 41 12 25 31
27 41 13 22 33
27 41 34 24 24
27 41 32 22 24
27 41 26 25 17
13 42 22 25 26
13 42 20 16 33
13 42 7 23 25
13 42 15 19 25
13 42 41 20 50
13 42 28 21 36
13 42 26 27 28
13 42 21 17 33
13 42 20 20 29
13 42 30 21 38
13 42 35 27 37
13 42 29 28 30
13 42 14 24 19
13 42 12 25 18
13 42 13 22 20
13 42 34 24 39
13 42 32 22 39
13 42 26 25 30
12 27 22 25 12
12 27 20 16 19
12 27 7 23 9
12 27 15 19 11
12 27 41 20 36
12 27 28 21 22
12 27 26 27 14
12 27 21 17 19
12 27 20 20 15
12 27 30 21 24
12 27 35 27 23
12 27 29 28 18
12 27 14 24 5
12 27 12 25 2
12 27 13 22 6
12 27 34 24 25
12 27 32 22 25
12 27 26 25 16
23 31 22 25 7
23 31 20 16 18
23 31 7 23 24
23 31 15 19 20
23 31 41 20 29
23 31 28 21 15
23 31 26 27 7
23 31 21 17 16
23 31 20 20 14
23 31 30 21 17
23 31 35 27 16
23 31 29 28 9
23 31 14 24 16
23 31 12 25 17
23 31 13 22 19
23 31 34 24 18
23 31 32 22 18
23 31 26 25 9
12 30 22 25 15
12 30 20 16 22
12 30 7 23 12
12 30 15 19 14
12 30 41 20 39
12 30 28 21 25
12 30 26 27 17
12 30 21 17 22
12 30 20 20 18
12 30 30 21 27
12 30 35 27 26
12 30 29 28 19
12 30 14 24 8
12 30 12 25 5
12 30 13 22 9
12 30 34 24 28
12 30 32 22 28
12 30 26 25 19
31 35 22 25 19
31 35 20 16 30
31 35 7 23 36
31 35 15 19 32
31 35 41 20 25
31 35 28 21 17
31 35 26 27 13
31 35 21 17 28
31 35 20 20 26
31 35 30 21 15
31 35 35 27 12
31 35 29 28 9
31 35 14 24 28
31 35 12 25 29
31 35 13 22 31
31 35 34 24 14
31 35 32 22 14
31 35 26 25 15
7 35 22 25 25
7 35 20 16 32
7 35 7 23 12
7 35 15 19 24
7 35 41 20 49
7 35 28 21 35
7 35 26 27 27
7 35 21 17 32
7 35 20 20 28
7 35 30 21 37
7 35 35 27 36
7 35 29 28 29
7 35 14 24 18
7 35 12 25 15
7 35 13 22 19
7 35 34 24 38
7 35 32 22 38
7 35 26 25 29
27 34 22 25 14
27 34 20 16 25
27 34 7 23 31
27 34 15 19 27
27 34 41 20 28
27 34 28 21 14
27 34 26 27 8
27 34 21 17 23
27 34 20 20 21
27 34 30 21 16
27 34 35 27 15
27 34 29 28 8
27 34 14 24 23
27 34 12 25 24
27 34 13 22 26
27 34 34 24 17
27 34 32 22 17
27 34 26 25 10
20 30 22 25 7
20 30 20 16 14
20 30 7 23 20
20 30 15 19 16
20 30 41 20 31
20 30 28 21 17
20 30 26 27 9
20 30 21 17 14
20 30 20 20 10
20 30 30 21 19
20 30 35 27 18
20 30 29 28 11
20 30 14 24 12
20 30 12 25 13
20 30 13 22 15
20 30 34 24 20
20 30 32 22 20
20 30 26 25 11
9 33 22 25 21
9 33 20 16 28
9 33 7 23 12
9 33 15 19 20
9 33 41 20 45
9 33 28 21 31
9 33 26 27 23
9 33 21 17 28
9 33 20 20 24
9 33 30 21 33
9 33 35 27 32
9 33 29 28 25
9 33 14 24 14
9 33 12 25 11
9 33 13 22 15
9 33 34 24 34
9 33 32 22 34
9 33 26 25 25
32 37 22 25 22
32 37 20 16 33
32 37 7 23 39
32 37 15 19 35
32 37 41 20 26
32 37 28 21 20
32 37 26 27 16
32 37 21 17 31
32 37 20 20 29
32 37 30 21 18
32 37 35 27 13
32 37 29 28 12
32 37 14 24 31
32 37 12 25 32
32 37 13 22 34
32 37 34 24 15
32 37 32 22 15
32 37 26 25 18
10 37 22 25 24
10 37 20 16 31
10 37 7 23 17
10 37 15 19 23
10 37 41 20 48
10 37 28 21 34
10 37 26 27 26
10 37 21 17 31
10 37 20 20 27
10 37 30 21 36
10 37 35 27 35
10 37 29 28 28
10 37 14 24 17
10 37 12 25 14
10 37 13 22 18
10 37 34 24 37
10 37 32 22 37
10 37 26 25 28
11 39 22 25 25
11 39 20 16 32
11 39 7 23 20
11 39 15 19 24
11 39 41 20 49
11 39 28 21 35
11 39 26 27 27
11 39 21 17 32
11 39 20 20 28
11 39 30 21 37
11 39 35 27 36
11 39 29 28 29
11 39 14 24 18
11 39 12 25 15
11 39 13 22 19
11 39 34 24 38
11 39 32 22 38
11 39 26 25 29
22 39 22 25 14
22 39 20 16 25
22 39 7 23 31
22 39 15 19 27
22 39 41 20 38
22 39 28 21 24
22 39 26 27 16
22 39 21 17 23
22 39 20 20 21
22 39 30 21 26
22 39 35 27 25
22 39 29 28 18
22 39 14 24 23
22 39 12 25 24
22 39 13 22 26
22 39 34 24 27
22 39 32 22 27
22 39 26 25 18
17 37 30 2 48
17 37 37 9 48
17 37 35 0 55
17 37 31 10 41
25 41 30 2 44
25 41 37 9 44
25 41 35 0 51
25 41 31 10 37
27 41 30 2 42
27 41 37 9 42
27 41 35 0 49
27 41 31 10 35
13 42 30 2 57
13 42 37 9 57
13 42 35 0 64
13 42 31 10 50
12 27 30 2 43
12 27 37 9 43
12 27 35 0 50
12 27 31 10 36
23 31 30 2 36
23 31 37 9 36
23 31 35 0 43
23 31 31 10 29
12 30 30 2 46
12 30 37 9 46
12 30 35 0 53
12 30 31 10 39
31 35 30 2 34
31 35 37 9 32
31 35 35 0 39
31 35 31 10 25
7 35 30 2 56
7 35 37 9 56
7 35 35 0 63
7 35 31 10 49
27 34 30 2 35
27 34 37 9 35
27 34 35 0 42
27 34 31 10 28
20 30 30 2 38
20 30 37 9 38
20 30 35 0 45
20 30 31 10 31
9 33 30 2 52
9 33 37 9 52
9 33 35 0 59
9 33 31 10 45
32 37 30 2 37
32 37 37 9 33
32 37 35 0 40
32 37 31 10 28
10 37 30 2 55
10 37 37 9 55
10 37 35 0 62
10 37 31 10 48
11 39 30 2 56
11 39 37 9 56
11 39 35 0 63
11 39 31 10 49
22 39 30 2 45
22 39 37 9 45
22 39 35 0 52
22 39 31 10 38
17 37 21 5 36
17 37 28 14 34
17 37 28 16 32
25 41 21 5 40
25 41 28 14 30
25 41 28 16 28
27 41 21 5 42
27 41 28 14 28
27 41 28 16 26
13 42 21 5 45
13 42 28 14 43
13 42 28 16 41
12 27 21 5 31
12 27 28 14 29
12 27 28 16 27
23 31 21 5 28
23 31 28 14 22
23 31 28 16 20
12 30 21 5 34
12 30 28 14 32
12 30 28 16 30
31 35 21 5 40
31 35 28 14 24
31 35 28 16 22
7 35 21 5 44
7 35 28 14 42
7 35 28 16 40
27 34 21 5 35
27 34 28 14 21
27 34 28 16 19
20 30 21 5 26
20 30 28 14 24
20 30 28 16 22
9 33 21 5 40
9 33 28 14 38
9 33 28 16 36
32 37 21 5 43
32 37 28 14 27
32 37 28 16 25
10 37 21 5 43
10 37 28 14 41
10 37 28 16 39
11 39 21 5 44
11 39 28 14 42
11 39 28 16 40
22 39 21 5 35
22 39 28 14 31
22 39 28 16 29
17 37 10 8 36
17 37 9 14 31
17 37 15 2 37
17 37 12 7 35
17 37 14 11 29
17 37 11 3 40
17 37 11 6 37
17 37 7 10 37
17 37 5 4 45
25 41 10 8 48
25 41 9 14 43
25 41 15 2 49
25 41 12 7 47
25 41 14 11 41
25 41 11 3 52
25 41 11 6 49
25 41 7 10 49
25 41 5 4 57
27 41 10 8 50
27 41 9 14 45
27 41 15 2 51
27 41 12 7 49
27 41 14 11 43
27 41 11 3 54
27 41 11 6 51
27 41 7 10 51
27 41 5 4 59
13 42 10 8 37
13 42 9 14 32
13 42 15 2 42
13 42 12 7 36
13 42 14 11 32
13 42 11 3 41
13 42 11 6 38
13 42 7 10 38
13 42 5 4 46
12 27 10 8 21
12 27 9 14 16
12 27 15 2 28
12 27 12 7 20
12 27 14 11 18
12 27 11 3 25
12 27 11 6 22
12 27 7 10 22
12 27 5 4 30
23 31 10 8 36
23 31 9 14 31
23 31 15 2 37
23 31 12 7 35
23 31 14 11 29
23 31 11 3 40
23 31 11 6 37
23 31 7 10 37
23 31 5 4 45
12 30 10 8 24
12 30 9 14 19
12 30 15 2 31
12 30 12 7 23
12 30 14 11 21
12 30 11 3 28
12 30 11 6 25
12 30 7 10 25
12 30 5 4 33
31 35 10 8 48
31 35 9 14 43
31 35 15 2 49
31 35 12 7 47
31 35 14 11 41
31 35 11 3 52
31 35 11 6 49
31 35 7 10 49
31 35 5 4 57
7 35 10 8 30
7 35 9 14 23
7 35 15 2 41
7 35 12 7 33
7 35 14 11 31
7 35 11 3 36
7 35 11 6 33
7 35 7 10 25
7 35 5 4 33
27 34 10 8 43
27 34 9 14 38
27 34 15 2 44
27 34 12 7 42
27 34 14 11 36
27 34 11 3 47
27 34 11 6 44
27 34 7 10 44
27 34 5 4 52
20 30 10 8 32
20 30 9 14 27
20 30 15 2 33
20 30 12 7 31
20 30 14 11 25
20 30 11 3 36
20 30 11 6 33
20 30 7 10 33
20 30 5 4 41
9 33 10 8 26
9 33 9 14 19
9 33 15 2 37
9 33 12 7 29
9 33 14 11 27
9 33 11 3 32
9 33 11 6 29
9 33 7 10 25
9 33 5 4 33
32 37 10 8 51
32 37 9 14 46
32 37 15 2 52
32 37 12 7 50
32 37 14 11 44
32 37 11 3 55
32 37 11 6 52
32 37 7 10 52
32 37 5 4 60
10 37 10 8 29
10 37 9 14 24
10 37 15 2 40
10 37 12 7 32
10 37 14 11 30
10 37 11 3 35
10 37 11 6 32
10 37 7 10 30
10 37 5 4 38
11 39 10 8 32
11 39 9 14 27
11 39 15 2 41
11 39 12 7 33
11 39 14 11 31
11 39 11 3 36
11 39 11 6 33
11 39 7 10 33
11 39 5 4 41
22 39 10 8 43
22 39 9 14 38
22 39 15 2 44
22 39 12 7 42
22 39 14 11 36
22 39 11 3 47
22 39 11 6 44
22 39 7 10 44
22 39 5 4 52
30 2 39 10 17
37 9 39 10 3
35 0 39 10 14
31 10 39 10 8
30 2 1 2 29
30 2 7 1 24
30 2 0 20 48
30 2 1 3 30
30 2 3 3 28
37 9 1 2 43
37 9 7 1 38
37 9 0 20 48
37 9 1 3 42
37 9 3 3 40
35 0 1 2 36
35 0 7 1 29
35 0 0 20 55
35 0 1 3 37
35 0 3 3 35
31 10 1 2 38
31 10 7 1 33
31 10 0 20 41
31 10 1 3 37
31 10 3 3 35
30 2 42 1 13
30 2 41 7 16
30 2 39 16 23
30 2 43 15 26
30 2 44 14 26
30 2 41 1 12
37 9 42 1 13
37 9 41 7 6
37 9 39 16 9
37 9 43 15 12
37 9 44 14 12
37 9 41 1 12
35 0 42 1 8
35 0 41 7 13
35 0 39 16 20
35 0 43 15 23
35 0 44 14 23
35 0 41 1 7
31 10 42 1 20
31 10 41 7 13
31 10 39 16 14
31 10 43 15 17
31 10 44 14 17
31 10 41 1 19
30 2 5 43 66
30 2 5 40 63
30 2 3 40 65
30 2 1 23 50
30 2 0 27 55
30 2 3 36 61
30 2 12 42 58
30 2 3 28 53
37 9 5 43 66
37 9 5 40 63
37 9 3 40 65
37 9 1 23 50
37 9 0 27 55
37 9 3 36 61
37 9 12 42 58
37 9 3 28 53
35 0 5 43 73
35 0 5 40 70
35 0 3 40 72
35 0 1 23 57
35 0 0 27 62
35 0 3 36 68
35 0 12 42 65
35 0 3 28 60
31 10 5 43 59
31 10 5 40 56
31 10 3 40 58
31 10 1 23 43
31 10 0 27 48
31 10 3 36 54
31 10 12 42 51
31 10 3 28 46
30 2 43 41 52
30 2 37 43 48
30 2 37 42 47
30 2 29 42 41
30 2 28 42 42
30 2 37 38 43
30 2 36 44 48
30 2 44 28 40
30 2 37 36 41
30 2 29 41 40
37 9 43 41 38
37 9 37 43 34
37 9 37 42 33
37 9 29 42 41
37 9 28 42 42
37 9 37 38 29
37 9 36 44 36
37 9 44 28 26
37 9 37 36 27
37 9 29 41 40
35 0 43 41 49
35 0 37 43 45
35 0 37 42 44
35 0 29 42 48
35 0 28 42 49
35 0 37 38 40
35 0 36 44 45
35 0 44 28 37
35 0 37 36 38
35 0 29 41 47
31 10 43 41 43
31 10 37 43 39
31 10 37 42 38
31 10 29 42 34
31 10 28 42 35
31 10 37 38 34
31 10 36 44 39
31 10 44 28 31
31 10 37 36 32
31 10 29 41 33
30 2 22 25 31
30 2 20 16 24
30 2 7 23 44
30 2 15 19 32
30 2 41 20 29
30 2 28 21 21
30 2 26 27 29
30 2 21 17 24
30 2 20 20 28
30 2 30 21 19
30 2 35 27 30
30 2 29 28 27
30 2 14 24 38
30 2 12 25 41
30 2 13 22 37
30 2 34 24 26
30 2 32 22 22
30 2 26 25 27
37 9 22 25 31
37 9 20 16 24
37 9 7 23 44
37 9 15 19 32
37 9 41 20 15
37 9 28 21 21
37 9 26 27 29
37 9 21 17 24
37 9 20 20 28
37 9 30 21 19
37 9 35 27 20
37 9 29 28 27
37 9 14 24 38
37 9 12 25 41
37 9 13 22 37
37 9 34 24 18
37 9 32 22 18
37 9 26 25 27
35 0 22 25 38
35 0 20 16 31
35 0 7 23 51
35 0 15 19 39
35 0 41 20 26
35 0 28 21 28
35 0 26 27 36
35 0 21 17 31
35 0 20 20 35
35 0 30 21 26
35 0 35 27 27
35 0 29 28 34
35 0 14 24 45
35 0 12 25 48
35 0 13 22 44
35 0 34 24 25
35 0 32 22 25
35 0 26 25 34
31 10 22 25 24
31 10 20 16 17
31 10 7 23 37
31 10 15 19 25
31 10 41 20 20
31 10 28 21 14
31 10 26 27 22
31 10 21 17 17
31 10 20 20 21
31 10 30 21 12
31 10 35 27 21
31 10 29 28 20
31 10 14 24 31
31 10 12 25 34
31 10 13 22 30
31 10 34 24 17
31 10 32 22 13
31 10 26 25 20
30 2 17 37 48
30 2 25 41 44
30 2 27 41 42
30 2 13 42 57
30 2 12 27 43
30 2 23 31 36
30 2 12 30 46
30 2 31 35 34
30 2 7 35 56
30 2 27 34 35
30 2 20 30 38
30 2 9 33 52
30 2 32 37 37
30 2 10 37 55
30 2 11 39 56
30 2 22 39 45
37 9 17 37 48
37 9 25 41 44
37 9 27 41 42
37 9 13 42 57
37 9 12 27 43
37 9 23 31 36
37 9 12 30 46
37 9 31 35 32
37 9 7 35 56
37 9 27 34 35
37 9 20 30 38
37 9 9 33 52
37 9 32 37 33
37 9 10 37 55
37 9 11 39 56
37 9 22 39 45
35 0 17 37 55
35 0 25 41 51
35 0 27 41 49
35 0 13 42 64
35 0 12 27 50
35 0 23 31 43
35 0 12 30 53
35 0 31 35 39
35 0 7 35 63
35 0 27 34 42
35 0 20 30 45
35 0 9 33 59
35 0 32 37 40
35 0 10 37 62
35 0 11 39 63
35 0 22 39 52
31 10 17 37 41
31 10 25 41 37
31 10 27 41 35
31 10 13 42 50
31 10 12 27 36
31 10 23 31 29
31 10 12 30 39
31 10 31 35 25
31 10 7 35 49
31 10 27 34 28
31 10 20 30 31
31 10 9 33 45
31 10 32 37 28
31 10 10 37 48
31 10 11 39 49
31 10 22 39 38
30 2 21 5 12
30 2 28 14 14
30 2 28 16 16
37 9 21 5 20
37 9 28 14 14
37 9 28 16 16
35 0 21 5 19
35 0 28 14 21
35 0 28 16 23
31 10 21 5 15
31 10 28 14 7
31 10 28 16 9
30 2 10 8 26
30 2 9 14 33
30 2 15 2 15
30 2 12 7 23
30 2 14 11 25
30 2 11 3 20
30 2 11 6 23
30 2 7 10 31
30 2 5 4 27
37 9 10 8 28
37 9 9 14 33
37 9 15 2 29
37 9 12 7 27
37 9 14 11 25
37 9 11 3 32
37 9 11 6 29
37 9 7 10 31
37 9 5 4 37
35 0 10 8 33
35 0 9 14 40
35 0 15 2 22
35 0 12 7 30
35 0 14 11 32
35 0 11 3 27
35 0 11 6 30
35 0 7 10 38
35 0 5 4 34
31 10 10 8 23
31 10 9 14 26
31 10 15 2 24
31 10 12 7 22
31 10 14 11 18
31 10 11 3 27
31 10 11 6 24
31 10 7 10 24
31 10 5 4 32
21 5 39 10 23
28 14 39 10 15
28 16 39 10 17
21 5 1 2 23
21 5 7 1 18
21 5 0 20 36
21 5 1 3 22
21 5 3 3 20
28 14 1 2 39
28 14 7 1 34
28 14 0 20 34
28 14 1 3 38
28 14 3 3 36
28 16 1 2 41
28 16 7 1 36
28 16 0 20 32
28 16 1 3 40
28 16 3 3 38
21 5 42 1 25
21 5 41 7 22
21 5 39 16 29
21 5 43 15 32
21 5 44 14 32
21 5 41 1 24
28 14 42 1 27
28 14 41 7 20
28 14 39 16 13
28 14 43 15 16
28 14 44 14 16
28 14 41 1 26
28 16 42 1 29
28 16 41 7 22
28 16 39 16 11
28 16 43 15 16
28 16 44 14 18
28 16 41 1 28
21 5 5 43 54
21 5 5 40 51
21 5 3 40 53
21 5 1 23 38
21 5 0 27 43
21 5 3 36 49
21 5 12 42 46
21 5 3 28 41
28 14 5 43 52
28 14 5 40 49
28 14 3 40 51
28 14 1 23 36
28 14 0 27 41
28 14 3 36 47
28 14 12 42 44
28 14 3 28 39
28 16 5 43 50
28 16 5 40 47
28 16 3 40 49
28 16 1 23 34
28 16 0 27 39
28 16 3 36 45
28 16 12 42 42
28 16 3 28 37
21 5 43 41 58
21 5 37 43 54
21 5 37 42 53
21 5 29 42 45
21 5 28 42 44
21 5 37 38 49
21 5 36 44 54
21 5 44 28 46
21 5 37 36 47
21 5 29 41 44
28 14 43 41 42
28 14 37 43 38
28 14 37 42 37
28 14 29 42 29
28 14 28 42 28
28 14 37 38 33
28 14 36 44 38
28 14 44 28 30
28 14 37 36 31
28 14 29 41 28
28 16 43 41 40
28 16 37 43 36
28 16 37 42 35
28 16 29 42 27
28 16 28 42 26
28 16 37 38 31
28 16 36 44 36
28 16 44 28 28
28 16 37 36 29
28 16 29 41 26
21 5 22 25 21
21 5 20 16 12
21 5 7 23 32
21 5 15 19 20
21 5 41 20 35
21 5 28 21 23
21 5 26 27 27
21 5 21 17 12
21 5 20 20 16
21 5 30 21 25
21 5 35 27 36
21 5 29 28 31
21 5 14 24 26
21 5 12 25 29
21 5 13 22 25
21 5 34 24 32
21 5 32 22 28
21 5 26 25 25
28 14 22 25 17
28 14 20 16 10
28 14 7 23 30
28 14 15 19 18
28 14 41 20 19
28 14 28 21 7
28 14 26 27 15
28 14 21 17 10
28 14 20 20 14
28 14 30 21 9
28 14 35 27 20
28 14 29 28 15
28 14 14 24 24
28 14 12 25 27
28 14 13 22 23
28 14 34 24 16
28 14 32 22 12
28 14 26 25 13
28 16 22 25 15
28 16 20 16 8
28 16 7 23 28
28 16 15 19 16
28 16 41 20 17
28 16 28 21 5
28 16 26 27 13
28 16 21 17 8
28 16 20 20 12
28 16 30 21 7
28 16 35 27 18
28 16 29 28 13
28 16 14 24 22
28 16 12 25 25
28 16 13 22 21
28 16 34 24 14
28 16 32 22 10
28 16 26 25 11
21 5 17 37 36
21 5 25 41 40
21 5 27 41 42
21 5 13 42 45
21 5 12 27 31
21 5 23 31 28
21 5 12 30 34
21 5 31 35 40
21 5 7 35 44
21 5 27 34 35
21 5 20 30 26
21 5 9 33 40
21 5 32 37 43
21 5 10 37 43
21 5 11 39 44
21 5 22 39 35
28 14 17 37 34
28 14 25 41 30
28 14 27 41 28
28 14 13 42 43
28 14 12 27 29
28 14 23 31 22
28 14 12 30 32
28 14 31 35 24
28 14 7 35 42
28 14 27 34 21
28 14 20 30 24
28 14 9 33 38
28 14 32 37 27
28 14 10 37 41
28 14 11 39 42
28 14 22 39 31
28 16 17 37 32
28 16 25 41 28
28 16 27 41 26
28 16 13 42 41
28 16 12 27 27
28 16 23 31 20
28 16 12 30 30
28 16 31 35 22
28 16 7 35 40
28 16 27 34 19
28 16 20 30 22
28 16 9 33 36
28 16 32 37 25
28 16 10 37 39
28 16 11 39 40
28 16 22 39 29
21 5 30 2 12
21 5 37 9 20
21 5 35 0 19
21 5 31 10 15
28 14 30 2 14
28 14 37 9 14
28 14 35 0 21
28 14 31 10 7
28 16 30 2 16
28 16 37 9 16
28 16 35 0 23
28 16 31 10 9
21 5 10 8 14
21 5 9 14 21
21 5 15 2 9
21 5 12 7 11
21 5 14 11 13
21 5 11 3 12
21 5 11 6 11
21 5 7 10 19
21 5 5 4 17
28 14 10 8 24
28 14 9 14 19
28 14 15 2 25
28 14 12 7 23
28 14 14 11 17
28 14 11 3 28
28 14 11 6 25
28 14 7 10 25
28 14 5 4 33
28 16 10 8 26
28 16 9 14 21
28 16 15 2 27
28 16 12 7 25
28 16 14 11 19
28 16 11 3 30
28 16 11 6 27
28 16 7 10 27
28 16 5 4 35
10 8 39 10 31
9 14 39 10 34
15 2 39 10 32
12 7 39 10 30
14 11 39 10 26
11 3 39 10 35
11 6 39 10 32
7 10 39 10 32
5 4 39 10 40
10 8 1 2 15
10 8 7 1 10
10 8 0 20 22
10 8 1 3 14
10 8 3 3 12
9 14 1 2 20
9 14 7 1 15
9 14 0 20 15
9 14 1 3 19
9 14 3 3 17
15 2 1 2 14
15 2 7 1 9
15 2 0 20 33
15 2 1 3 15
15 2 3 3 13
12 7 1 2 16
12 7 7 1 11
12 7 0 20 25
12 7 1 3 15
12 7 3 3 13
14 11 1 2 22
14 11 7 1 17
14 11 0 20 23
14 11 1 3 21
14 11 3 3 19
11 3 1 2 11
11 3 7 1 6
11 3 0 20 28
11 3 1 3 10
11 3 3 3 8
11 6 1 2 14
11 6 7 1 9
11 6 0 20 25
11 6 1 3 13
11 6 3 3 11
7 10 1 2 14
7 10 7 1 9
7 10 0 20 17
7 10 1 3 13
7 10 3 3 11
5 4 1 2 6
5 4 7 1 5
5 4 0 20 21
5 4 1 3 5
5 4 3 3 3
10 8 42 1 39
10 8 41 7 32
10 8 39 16 37
10 8 43 15 40
10 8 44 14 40
10 8 41 1 38
9 14 42 1 46
9 14 41 7 39
9 14 39 16 32
9 14 43 15 35
9 14 44 14 35
9 14 41 1 45
15 2 42 1 28
15 2 41 7 31
15 2 39 16 38
15 2 43 15 41
15 2 44 14 41
15 2 41 1 27
12 7 42 1 36
12 7 41 7 29
12 7 39 16 36
12 7 43 15 39
12 7 44 14 39
12 7 41 1 35
14 11 42 1 38
14 11 41 7 31
14 11 39 16 30
14 11 43 15 33
14 11 44 14 33
14 11 41 1 37
11 3 42 1 33
11 3 41 7 34
11 3 39 16 41
11 3 43 15 44
11 3 44 14 44
11 3 41 1 32
11 6 42 1 36
11 6 41 7 31
11 6 39 16 38
11 6 43 15 41
11 6 44 14 41
11 6 41 1 35
7 10 42 1 44
7 10 41 7 37
7 10 39 16 38
7 10 43 15 41
7 10 44 14 41
7 10 41 1 43
5 4 42 1 40
5 4 41 7 39
5 4 39 16 46
5 4 43 15 49
5 4 44 14 49
5 4 41 1 39
10 8 5 43 40
10 8 5 40 37
10 8 3 40 39
10 8 1 23 24
10 8 0 27 29
10 8 3 36 35
10 8 12 42 36
10 8 3 28 27
9 14 5 43 33
9 14 5 40 30
9 14 3 40 32
9 14 1 23 17
9 14 0 27 22
9 14 3 36 28
9 14 12 42 31
9 14 3 28 20
15 2 5 43 51
15 2 5 40 48
15 2 3 40 50
15 2 1 23 35
15 2 0 27 40
15 2 3 36 46
15 2 12 42 43
15 2 3 28 38
12 7 5 43 43
12 7 5 40 40
12 7 3 40 42
12 7 1 23 27
12 7 0 27 32
12 7 3 36 38
12 7 12 42 35
12 7 3 28 30
14 11 5 43 41
14 11 5 40 38
14 11 3 40 40
14 11 1 23 25
14 11 0 27 30
14 11 3 36 36
14 11 12 42 33
14 11 3 28 28
11 3 5 43 46
11 3 5 40 43
11 3 3 40 45
11 3 1 23 30
11 3 0 27 35
11 3 3 36 41
11 3 12 42 40
11 3 3 28 33
11 6 5 43 43
11 6 5 40 40
11 6 3 40 42
11 6 1 23 27
11 6 0 27 32
11 6 3 36 38
11 6 12 42 37
11 6 3 28 30
7 10 5 43 35
7 10 5 40 32
7 10 3 40 34
7 10 1 23 19
7 10 0 27 24
7 10 3 36 30
7 10 12 42 37
7 10 3 28 22
5 4 5 43 39
5 4 5 40 36
5 4 3 40 38
5 4 1 23 23
5 4 0 27 28
5 4 3 36 34
5 4 12 42 45
5 4 3 28 26
10 8 43 41 66
10 8 37 43 62
10 8 37 42 61
10 8 29 42 53
10 8 28 42 52
10 8 37 38 57
10 8 36 44 62
10 8 44 28 54
10 8 37 36 55
10 8 29 41 52
9 14 43 41 61
9 14 37 43 57
9 14 37 42 56
9 14 29 42 48
9 14 28 42 47
9 14 37 38 52
9 14 36 44 57
9 14 44 28 49
9 14 37 36 50
9 14 29 41 47
15 2 43 41 67
15 2 37 43 63
15 2 37 42 62
15 2 29 42 54
15 2 28 42 53
15 2 37 38 58
15 2 36 44 63
15 2 44 28 55
15 2 37 36 56
15 2 29 41 53
12 7 43 41 65
12 7 37 43 61
12 7 37 42 60
12 7 29 42 52
12 7 28 42 51
12 7 37 38 56
12 7 36 44 61
12 7 44 28 53
12 7 37 36 54
12 7 29 41 51
14 11 43 41 59
14 11 37 43 55
14 11 37 42 54
14 11 29 42 46
14 11 28 42 45
14 11 37 38 50
14 11 36 44 55
14 11 44 28 47
14 11 37 36 48
14 11 29 41 45
11 3 43 41 70
11 3 37 43 66
11 3 37 42 65
11 3 29 42 57
11 3 28 42 56
11 3 37 38 61
11 3 36 44 66
11 3 44 28 58
11 3 37 36 59
11 3 29 41 56
11 6 43 41 67
11 6 37 43 63
11 6 37 42 62
11 6 29 42 54
11 6 28 42 53
11 6 37 38 58
11 6 36 44 63
11 6 44 28 55
11 6 37 36 56
11 6 29 41 53
7 10 43 41 67
7 10 37 43 63
7 10 37 42 62
7 10 29 42 54
7 10 28 42 53
7 10 37 38 58
7 10 36 44 63
7 10 44 28 55
7 10 37 36 56
7 10 29 41 53
5 4 43 41 75
5 4 37 43 71
5 4 37 42 70
5 4 29 42 62
5 4 28 42 61
5 4 37 38 66
5 4 36 44 71
5 4 44 28 63
5 4 37 36 64
5 4 29 41 61
10 8 22 25 29
10 8 20 16 18
10 8 7 23 18
10 8 15 19 16
10 8 41 20 43
10 8 28 21 31
10 8 26 27 35
10 8 21 17 20
10 8 20 20 22
10 8 30 21 33
10 8 35 27 44
10 8 29 28 39
10 8 14 24 20
10 8 12 25 19
10 8 13 22 17
10 8 34 24 40
10 8 32 22 36
10 8 26 25 33
9 14 22 25 24
9 14 20 16 13
9 14 7 23 11
9 14 15 19 11
9 14 41 20 38
9 14 28 21 26
9 14 26 27 30
9 14 21 17 15
9 14 20 20 17
9 14 30 21 28
9 14 35 27 39
9 14 29 28 34
9 14 14 24 15
9 14 12 25 14
9 14 13 22 12
9 14 34 24 35
9 14 32 22 31
9 14 26 25 28
15 2 22 25 30
15 2 20 16 19
15 2 7 23 29
15 2 15 19 17
15 2 41 20 44
15 2 28 21 32
15 2 26 27 36
15 2 21 17 21
15 2 20 20 23
15 2 30 21 34
15 2 35 27 45
15 2 29 28 40
15 2 14 24 23
15 2 12 25 26
15 2 13 22 22
15 2 34 24 41
15 2 32 22 37
15 2 26 25 34
12 7 22 25 28
12 7 20 16 17
12 7 7 23 21
12 7 15 19 15
12 7 41 20 42
12 7 28 21 30
12 7 26 27 34
12 7 21 17 19
12 7 20 20 21
12 7 30 21 32
12 7 35 27 43
12 7 29 28 38
12 7 14 24 19
12 7 12 25 18
12 7 13 22 16
12 7 34 24 39
12 7 32 22 35
12 7 26 25 32
14 11 22 25 22
14 11 20 16 11
14 11 7 23 19
14 11 15 19 9
14 11 41 20 36
14 11 28 21 24
14 11 26 27 28
14 11 21 17 13
14 11 20 20 15
14 11 30 21 26
14 11 35 27 37
14 11 29 28 32
14 11 14 24 13
14 11 12 25 16
14 11 13 22 12
14 11 34 24 33
14 11 32 22 29
14 11 26 25 26
11 3 22 25 33
11 3 20 16 22
11 3 7 23 24
11 3 15 19 20
11 3 41 20 47
11 3 28 21 35
11 3 26 27 39
11 3 21 17 24
11 3 20 20 26
11 3 30 21 37
11 3 35 27 48
11 3 29 28 43
11 3 14 24 24
11 3 12 25 23
11 3 13 22 21
11 3 34 24 44
11 3 32 22 40
11 3 26 25 37
11 6 22 25 30
11 6 20 16 19
11 6 7 23 21
11 6 15 19 17
11 6 41 20 44
11 6 28 21 32
11 6 26 27 36
11 6 21 17 21
11 6 20 20 23
11 6 30 21 34
11 6 35 27 45
11 6 29 28 40
11 6 14 24 21
11 6 12 25 20
11 6 13 22 18
11 6 34 24 41
11 6 32 22 37
11 6 26 25 34
7 10 22 25 30
7 10 20 16 19
7 10 7 23 13
7 10 15 19 17
7 10 41 20 44
7 10 28 21 32
7 10 26 27 36
7 10 21 17 21
7 10 20 20 23
7 10 30 21 34
7 10 35 27 45
7 10 29 28 40
7 10 14 24 21
7 10 12 25 20
7 10 13 22 18
7 10 34 24 41
7 10 32 22 37
7 10 26 25 34
5 4 22 25 38
5 4 20 16 27
5 4 7 23 21
5 4 15 19 25
5 4 41 20 52
5 4 28 21 40
5 4 26 27 44
5 4 21 17 29
5 4 20 20 31
5 4 30 21 42
5 4 35 27 53
5 4 29 28 48
5 4 14 24 29
5 4 12 25 28
5 4 13 22 26
5 4 34 24 49
5 4 32 22 45
5 4 26 25 42
10 8 17 37 36
10 8 25 41 48
10 8 27 41 50
10 8 13 42 37
10 8 12 27 21
10 8 23 31 36
10 8 12 30 24
10 8 31 35 48
10 8 7 35 30
10 8 27 34 43
10 8 20 30 32
10 8 9 33 26
10 8 32 37 51
10 8 10 37 29
10 8 11 39 32
10 8 22 39 43
9 14 17 37 31
9 14 25 41 43
9 14 27 41 45
9 14 13 42 32
9 14 12 27 16
9 14 23 31 31
9 14 12 30 19
9 14 31 35 43
9 14 7 35 23
9 14 27 34 38
9 14 20 30 27
9 14 9 33 19
9 14 32 37 46
9 14 10 37 24
9 14 11 39 27
9 14 22 39 38
15 2 17 37 37
15 2 25 41 49
15 2 27 41 51
15 2 13 42 42
15 2 12 27 28
15 2 23 31 37
15 2 12 30 31
15 2 31 35 49
15 2 7 35 41
15 2 27 34 44
15 2 20 30 33
15 2 9 33 37
15 2 32 37 52
15 2 10 37 40
15 2 11 39 41
15 2 22 39 44
12 7 17 37 35
12 7 25 41 47
12 7 27 41 49
12 7 13 42 36
12 7 12 27 20
12 7 23 31 35
12 7 12 30 23
12 7 31 35 47
12 7 7 35 33
12 7 27 34 42
12 7 20 30 31
12 7 9 33 29
12 7 32 37 50
12 7 10 37 32
12 7 11 39 33
12 7 22 39 42
14 11 17 37 29
14 11 25 41 41
14 11 27 41 43
14 11 13 42 32
14 11 12 27 18
14 11 23 31 29
14 11 12 30 21
14 11 31 35 41
14 11 7 35 31
14 11 27 34 36
14 11 20 30 25
14 11 9 33 27
14 11 32 37 44
14 11 10 37 30
14 11 11 39 31
14 11 22 39 36
11 3 17 37 40
11 3 25 41 52
11 3 27 41 54
11 3 13 42 41
11 3 12 27 25
11 3 23 31 40
11 3 12 30 28
11 3 31 35 52
11 3 7 35 36
11 3 27 34 47
11 3 20 30 36
11 3 9 33 32
11 3 32 37 55
11 3 10 37 35
11 3 11 39 36
11 3 22 39 47
11 6 17 37 37
11 6 25 41 49
11 6 27 41 51
11 6 13 42 38
11 6 12 27 22
11 6 23 31 37
11 6 12 30 25
11 6 31 35 49
11 6 7 35 33
11 6 27 34 44
11 6 20 30 33
11 6 9 33 29
11 6 32 37 52
11 6 10 37 32
11 6 11 39 33
11 6 22 39 44
7 10 17 37 37
7 10 25 41 49
7 10 27 41 51
7 10 13 42 38
7 10 12 27 22
7 10 23 31 37
7 10 12 30 25
7 10 31 35 49
7 10 7 35 25
7 10 27 34 44
7 10 20 30 33
7 10 9 33 25
7 10 32 37 52
7 10 10 37 30
7 10 11 39 33
7 10 22 39 44
5 4 17 37 45
5 4 25 41 57
5 4 27 41 59
5 4 13 42 46
5 4 12 27 30
5 4 23 31 45
5 4 12 30 33
5 4 31 35 57
5 4 7 35 33
5 4 27 34 52
5 4 20 30 41
5 4 9 33 33
5 4 32 37 60
5 4 10 37 38
5 4 11 39 41
5 4 22 39 52
10 8 30 2 26
10 8 37 9 28
10 8 35 0 33
10 8 31 10 23
9 14 30 2 33
9 14 37 9 33
9 14 35 0 40
9 14 31 10 26
15 2 30 2 15
15 2 37 9 29
15 2 35 0 22
15 2 31 10 24
12 7 30 2 23
12 7 37 9 27
12 7 35 0 30
12 7 31 10 22
14 11 30 2 25
14 11 37 9 25
14 11 35 0 32
14 11 31 10 18
11 3 30 2 20
11 3 37 9 32
11 3 35 0 27
11 3 31 10 27
11 6 30 2 23
11 6 37 9 29
11 6 35 0 30
11 6 31 10 24
7 10 30 2 31
7 10 37 9 31
7 10 35 0 38
7 10 31 10 24
5 4 30 2 27
5 4 37 9 37
5 4 35 0 34
5 4 31 10 32
10 8 21 5 14
10 8 28 14 24
10 8 28 16 26
9 14 21 5 21
9 14 28 14 19
9 14 28 16 21
15 2 21 5 9
15 2 28 14 25
15 2 28 16 27
12 7 21 5 11
12 7 28 14 23
12 7 28 16 25
14 11 21 5 13
14 11 28 14 17
14 11 28 16 19
11 3 21 5 12
11 3 28 14 28
11 3 28 16 30
11 6 21 5 11
11 6 28 14 25
11 6 28 16 27
7 10 21 5 19
7 10 28 14 25
7 10 28 16 27
5 4 21 5 17
5 4 28 14 33
5 4 28 16 35