400 41 13 25 15
13 Clusters:
0 11 5 0
1 11 10 12
1 4 19 12
1 16 5 12
1 5 4 12
2 10 9 8
2 0 1 8
2 7 15 8
3 14 4 8
3 16 3 8
3 19 19 8
4 19 9 2
4 3 3 2
4 16 9 2
5 10 8 3
5 1 6 3
5 3 4 3
6 8 19 6
6 7 0 6
6 6 13 6
7 18 15 9
7 4 0 9
7 0 10 9
8 14 5 4
8 16 8 4
8 6 15 4
9 10 17 15
9 7 18 15
9 2 14 15
10 8 9 3
10 10 14 3
10 9 16 3
11 2 17 13
11 2 3 13
11 15 19 13
12 14 17 3
12 11 4 3
12 9 6 3
13 3 5 9
13 13 16 9
13 8 3 9
1556 Arcs:
11 5 11 10 5
11 5 4 19 21
11 5 16 5 5
11 5 5 4 7
11 5 10 9 5
11 5 0 1 15
11 5 7 15 14
11 5 14 4 4
11 5 16 3 7
11 5 19 19 22
11 5 19 9 12
11 5 3 3 10
11 5 16 9 9
11 5 10 8 4
11 5 1 6 11
11 5 3 4 9
11 5 8 19 17
11 5 7 0 9
11 5 6 13 13
11 5 18 15 17
11 5 4 0 12
11 5 0 10 16
11 5 14 5 3
11 5 16 8 8
11 5 6 15 15
11 5 10 17 13
11 5 7 18 17
11 5 2 14 18
11 5 8 9 7
11 5 10 14 10
11 5 9 16 13
11 5 2 17 21
11 5 2 3 11
11 5 15 19 18
11 5 14 17 15
11 5 11 4 1
11 5 9 6 3
11 5 3 5 8
11 5 13 16 13
11 5 8 3 5
11 10 11 5 5
4 19 11 5 21
16 5 11 5 5
5 4 11 5 7
11 10 10 9 2
11 10 0 1 20
11 10 7 15 9
4 19 10 9 16
4 19 0 1 22
4 19 7 15 7
16 5 10 9 10
16 5 0 1 20
16 5 7 15 19
5 4 10 9 10
5 4 0 1 8
5 4 7 15 13
11 10 14 4 9
11 10 16 3 12
11 10 19 19 17
4 19 14 4 25
4 19 16 3 28
4 19 19 19 15
16 5 14 4 3
16 5 16 3 2
16 5 19 19 17
5 4 14 4 9
5 4 16 3 12
5 4 19 19 29
11 10 19 9 9
11 10 3 3 15
11 10 16 9 6
4 19 19 9 25
4 19 3 3 17
4 19 16 9 22
16 5 19 9 7
16 5 3 3 15
16 5 16 9 4
5 4 19 9 19
5 4 3 3 3
5 4 16 9 16
11 10 10 8 3
11 10 1 6 14
11 10 3 4 14
4 19 10 8 17
4 19 1 6 16
4 19 3 4 16
16 5 10 8 9
16 5 1 6 16
16 5 3 4 14
5 4 10 8 9
5 4 1 6 6
5 4 3 4 2
11 10 8 19 12
11 10 7 0 14
11 10 6 13 8
4 19 8 19 4
4 19 7 0 22
4 19 6 13 8
16 5 8 19 22
16 5 7 0 14
16 5 6 13 18
5 4 8 19 18
5 4 7 0 6
5 4 6 13 10
11 10 18 15 12
11 10 4 0 17
11 10 0 10 11
4 19 18 15 18
4 19 4 0 19
4 19 0 10 13
16 5 18 15 12
16 5 4 0 17
16 5 0 10 21
5 4 18 15 24
5 4 4 0 5
5 4 0 10 11
11 10 14 5 8
11 10 16 8 7
11 10 6 15 10
4 19 14 5 24
4 19 16 8 23
4 19 6 15 6
16 5 14 5 2
16 5 16 8 3
16 5 6 15 20
5 4 14 5 10
5 4 16 8 15
5 4 6 15 12
11 10 10 17 8
11 10 7 18 12
11 10 2 14 13
4 19 10 17 8
4 19 7 18 4
4 19 2 14 7
16 5 10 17 18
16 5 7 18 22
16 5 2 14 23
5 4 10 17 18
5 4 7 18 16
5 4 2 14 13
11 10 8 9 4
11 10 10 14 5
11 10 9 16 8
4 19 8 9 14
4 19 10 14 11
4 19 9 16 8
16 5 8 9 12
16 5 10 14 15
16 5 9 16 18
5 4 8 9 8
5 4 10 14 15
5 4 9 16 16
11 10 2 17 16
11 10 2 3 16
11 10 15 19 13
4 19 2 17 4
4 19 2 3 18
4 19 15 19 11
16 5 2 17 26
16 5 2 3 16
16 5 15 19 15
5 4 2 17 16
5 4 2 3 4
5 4 15 19 25
11 10 14 17 10
11 10 11 4 6
11 10 9 6 6
4 19 14 17 12
4 19 11 4 22
4 19 9 6 18
16 5 14 17 14
16 5 11 4 6
16 5 9 6 8
5 4 14 17 22
5 4 11 4 6
5 4 9 6 6
11 10 3 5 13
11 10 13 16 8
11 10 8 3 10
4 19 3 5 15
4 19 13 16 12
4 19 8 3 20
16 5 3 5 13
16 5 13 16 14
16 5 8 3 10
5 4 3 5 3
5 4 13 16 20
5 4 8 3 4
10 9 11 5 5
0 1 11 5 15
7 15 11 5 14
10 9 11 10 2
10 9 4 19 16
10 9 16 5 10
10 9 5 4 10
0 1 11 10 20
0 1 4 19 22
0 1 16 5 20
0 1 5 4 8
7 15 11 10 9
7 15 4 19 7
7 15 16 5 19
7 15 5 4 13
10 9 14 4 9
10 9 16 3 12
10 9 19 19 19
0 1 14 4 17
0 1 16 3 18
0 1 19 19 37
7 15 14 4 18
7 15 16 3 21
7 15 19 19 16
10 9 19 9 9
10 9 3 3 13
10 9 16 9 6
0 1 19 9 27
0 1 3 3 5
0 1 16 9 24
7 15 19 9 18
7 15 3 3 16
7 15 16 9 15
10 9 10 8 1
10 9 1 6 12
10 9 3 4 12
0 1 10 8 17
0 1 1 6 6
0 1 3 4 6
7 15 10 8 10
7 15 1 6 15
7 15 3 4 15
10 9 8 19 12
10 9 7 0 12
10 9 6 13 8
0 1 8 19 26
0 1 7 0 8
0 1 6 13 18
7 15 8 19 5
7 15 7 0 15
7 15 6 13 3
10 9 18 15 14
10 9 4 0 15
10 9 0 10 11
0 1 18 15 32
0 1 4 0 5
0 1 0 10 9
7 15 18 15 11
7 15 4 0 18
7 15 0 10 12
10 9 14 5 8
10 9 16 8 7
10 9 6 15 10
0 1 14 5 18
0 1 16 8 23
0 1 6 15 20
7 15 14 5 17
7 15 16 8 16
7 15 6 15 1
10 9 10 17 8
10 9 7 18 12
10 9 2 14 13
0 1 10 17 26
0 1 7 18 24
0 1 2 14 15
7 15 10 17 5
7 15 7 18 3
7 15 2 14 6
10 9 8 9 2
10 9 10 14 5
10 9 9 16 8
0 1 8 9 16
0 1 10 14 23
0 1 9 16 24
7 15 8 9 7
7 15 10 14 4
7 15 9 16 3
10 9 2 17 16
10 9 2 3 14
10 9 15 19 15
0 1 2 17 18
0 1 2 3 4
0 1 15 19 33
7 15 2 17 7
7 15 2 3 17
7 15 15 19 12
10 9 14 17 12
10 9 11 4 6
10 9 9 6 4
0 1 14 17 30
0 1 11 4 14
0 1 9 6 14
7 15 14 17 9
7 15 11 4 15
7 15 9 6 11
10 9 3 5 11
10 9 13 16 10
10 9 8 3 8
0 1 3 5 7
0 1 13 16 28
0 1 8 3 10
7 15 3 5 14
7 15 13 16 7
7 15 8 3 13
14 4 11 5 4
16 3 11 5 7
19 19 11 5 22
14 4 11 10 9
14 4 4 19 25
14 4 16 5 3
14 4 5 4 9
16 3 11 10 12
16 3 4 19 28
16 3 16 5 2
16 3 5 4 12
19 19 11 10 17
19 19 4 19 15
19 19 16 5 17
19 19 5 4 29
14 4 10 9 9
14 4 0 1 17
14 4 7 15 18
16 3 10 9 12
16 3 0 1 18
16 3 7 15 21
19 19 10 9 19
19 19 0 1 37
19 19 7 15 16
14 4 19 9 10
14 4 3 3 12
14 4 16 9 7
16 3 19 9 9
16 3 3 3 13
16 3 16 9 6
19 19 19 9 10
19 19 3 3 32
19 19 16 9 13
14 4 10 8 8
14 4 1 6 15
14 4 3 4 11
16 3 10 8 11
16 3 1 6 18
16 3 3 4 14
19 19 10 8 20
19 19 1 6 31
19 19 3 4 31
14 4 8 19 21
14 4 7 0 11
14 4 6 13 17
16 3 8 19 24
16 3 7 0 12
16 3 6 13 20
19 19 8 19 11
19 19 7 0 31
19 19 6 13 19
14 4 18 15 15
14 4 4 0 14
14 4 0 10 20
16 3 18 15 14
16 3 4 0 15
16 3 0 10 23
19 19 18 15 5
19 19 4 0 34
19 19 0 10 28
14 4 14 5 1
14 4 16 8 6
14 4 6 15 19
16 3 14 5 4
16 3 16 8 5
16 3 6 15 22
19 19 14 5 19
19 19 16 8 14
19 19 6 15 17
14 4 10 17 17
14 4 7 18 21
14 4 2 14 22
16 3 10 17 20
16 3 7 18 24
16 3 2 14 25
19 19 10 17 11
19 19 7 18 13
19 19 2 14 22
14 4 8 9 11
14 4 10 14 14
14 4 9 16 17
16 3 8 9 14
16 3 10 14 17
16 3 9 16 20
19 19 8 9 21
19 19 10 14 14
19 19 9 16 13
14 4 2 17 25
14 4 2 3 13
14 4 15 19 16
16 3 2 17 28
16 3 2 3 14
16 3 15 19 17
19 19 2 17 19
19 19 2 3 33
19 19 15 19 4
14 4 14 17 13
14 4 11 4 3
14 4 9 6 7
16 3 14 17 16
16 3 11 4 6
16 3 9 6 10
19 19 14 17 7
19 19 11 4 23
19 19 9 6 23
14 4 3 5 12
14 4 13 16 13
14 4 8 3 7
16 3 3 5 15
16 3 13 16 16
16 3 8 3 8
19 19 3 5 30
19 19 13 16 9
19 19 8 3 27
19 9 11 5 12
3 3 11 5 10
16 9 11 5 9
19 9 11 10 9
19 9 4 19 25
19 9 16 5 7
19 9 5 4 19
3 3 11 10 15
3 3 4 19 17
3 3 16 5 15
3 3 5 4 3
16 9 11 10 6
16 9 4 19 22
16 9 16 5 4
16 9 5 4 16
19 9 10 9 9
19 9 0 1 27
19 9 7 15 18
3 3 10 9 13
3 3 0 1 5
3 3 7 15 16
16 9 10 9 6
16 9 0 1 24
16 9 7 15 15
19 9 14 4 10
19 9 16 3 9
19 9 19 19 10
3 3 14 4 12
3 3 16 3 13
3 3 19 19 32
16 9 14 4 7
16 9 16 3 6
16 9 19 19 13
19 9 10 8 10
19 9 1 6 21
19 9 3 4 21
3 3 10 8 12
3 3 1 6 5
3 3 3 4 1
16 9 10 8 7
16 9 1 6 18
16 9 3 4 18
19 9 8 19 21
19 9 7 0 21
19 9 6 13 17
3 3 8 19 21
3 3 7 0 7
3 3 6 13 13
16 9 8 19 18
16 9 7 0 18
16 9 6 13 14
19 9 18 15 7
19 9 4 0 24
19 9 0 10 20
3 3 18 15 27
3 3 4 0 4
3 3 0 10 10
16 9 18 15 8
16 9 4 0 21
16 9 0 10 17
19 9 14 5 9
19 9 16 8 4
19 9 6 15 19
3 3 14 5 13
3 3 16 8 18
3 3 6 15 15
16 9 14 5 6
16 9 16 8 1
16 9 6 15 16
19 9 10 17 17
19 9 7 18 21
19 9 2 14 22
3 3 10 17 21
3 3 7 18 19
3 3 2 14 12
16 9 10 17 14
16 9 7 18 18
16 9 2 14 19
19 9 8 9 11
19 9 10 14 14
19 9 9 16 17
3 3 8 9 11
3 3 10 14 18
3 3 9 16 19
16 9 8 9 8
16 9 10 14 11
16 9 9 16 14
19 9 2 17 25
19 9 2 3 23
19 9 15 19 14
3 3 2 17 15
3 3 2 3 1
3 3 15 19 28
16 9 2 17 22
16 9 2 3 20
16 9 15 19 11
19 9 14 17 13
19 9 11 4 13
19 9 9 6 13
3 3 14 17 25
3 3 11 4 9
3 3 9 6 9
16 9 14 17 10
16 9 11 4 10
16 9 9 6 10
19 9 3 5 20
19 9 13 16 13
19 9 8 3 17
3 3 3 5 2
3 3 13 16 23
3 3 8 3 5
16 9 3 5 17
16 9 13 16 10
16 9 8 3 14
10 8 11 5 4
1 6 11 5 11
3 4 11 5 9
10 8 11 10 3
10 8 4 19 17
10 8 16 5 9
10 8 5 4 9
1 6 11 10 14
1 6 4 19 16
1 6 16 5 16
1 6 5 4 6
3 4 11 10 14
3 4 4 19 16
3 4 16 5 14
3 4 5 4 2
10 8 10 9 1
10 8 0 1 17
10 8 7 15 10
1 6 10 9 12
1 6 0 1 6
1 6 7 15 15
3 4 10 9 12
3 4 0 1 6
3 4 7 15 15
10 8 14 4 8
10 8 16 3 11
10 8 19 19 20
1 6 14 4 15
1 6 16 3 18
1 6 19 19 31
3 4 14 4 11
3 4 16 3 14
3 4 19 19 31
10 8 19 9 10
10 8 3 3 12
10 8 16 9 7
1 6 19 9 21
1 6 3 3 5
1 6 16 9 18
3 4 19 9 21
3 4 3 3 1
3 4 16 9 18
10 8 8 19 13
10 8 7 0 11
10 8 6 13 9
1 6 8 19 20
1 6 7 0 12
1 6 6 13 12
3 4 8 19 20
3 4 7 0 8
3 4 6 13 12
10 8 18 15 15
10 8 4 0 14
10 8 0 10 12
1 6 18 15 26
1 6 4 0 9
1 6 0 10 5
3 4 18 15 26
3 4 4 0 5
3 4 0 10 9
10 8 14 5 7
10 8 16 8 6
10 8 6 15 11
1 6 14 5 14
1 6 16 8 17
1 6 6 15 14
3 4 14 5 12
3 4 16 8 17
3 4 6 15 14
10 8 10 17 9
10 8 7 18 13
10 8 2 14 14
1 6 10 17 20
1 6 7 18 18
1 6 2 14 9
3 4 10 17 20
3 4 7 18 18
3 4 2 14 11
10 8 8 9 3
10 8 10 14 6
10 8 9 16 9
1 6 8 9 10
1 6 10 14 17
1 6 9 16 18
3 4 8 9 10
3 4 10 14 17
3 4 9 16 18
10 8 2 17 17
10 8 2 3 13
10 8 15 19 16
1 6 2 17 12
1 6 2 3 4
1 6 15 19 27
3 4 2 17 14
3 4 2 3 2
3 4 15 19 27
10 8 14 17 13
10 8 11 4 5
10 8 9 6 3
1 6 14 17 24
1 6 11 4 12
1 6 9 6 8
3 4 14 17 24
3 4 11 4 8
3 4 9 6 8
10 8 3 5 10
10 8 13 16 11
10 8 8 3 7
1 6 3 5 3
1 6 13 16 22
1 6 8 3 10
3 4 3 5 1
3 4 13 16 22
3 4 8 3 6
8 19 11 5 17
7 0 11 5 9
6 13 11 5 13
8 19 11 10 12
8 19 4 19 4
8 19 16 5 22
8 19 5 4 18
7 0 11 10 14
7 0 4 19 22
7 0 16 5 14
7 0 5 4 6
6 13 11 10 8
6 13 4 19 8
6 13 16 5 18
6 13 5 4 10
8 19 10 9 12
8 19 0 1 26
8 19 7 15 5
7 0 10 9 12
7 0 0 1 8
7 0 7 15 15
6 13 10 9 8
6 13 0 1 18
6 13 7 15 3
8 19 14 4 21
8 19 16 3 24
8 19 19 19 11
7 0 14 4 11
7 0 16 3 12
7 0 19 19 31
6 13 14 4 17
6 13 16 3 20
6 13 19 19 19
8 19 19 9 21
8 19 3 3 21
8 19 16 9 18
7 0 19 9 21
7 0 3 3 7
7 0 16 9 18
6 13 19 9 17
6 13 3 3 13
6 13 16 9 14
8 19 10 8 13
8 19 1 6 20
8 19 3 4 20
7 0 10 8 11
7 0 1 6 12
7 0 3 4 8
6 13 10 8 9
6 13 1 6 12
6 13 3 4 12
8 19 18 15 14
8 19 4 0 23
8 19 0 10 17
7 0 18 15 26
7 0 4 0 3
7 0 0 10 17
6 13 18 15 14
6 13 4 0 15
6 13 0 10 9
8 19 14 5 20
8 19 16 8 19
8 19 6 15 6
7 0 14 5 12
7 0 16 8 17
7 0 6 15 16
6 13 14 5 16
6 13 16 8 15
6 13 6 15 2
8 19 10 17 4
8 19 7 18 2
8 19 2 14 11
7 0 10 17 20
7 0 7 18 18
7 0 2 14 19
6 13 10 17 8
6 13 7 18 6
6 13 2 14 5
8 19 8 9 10
8 19 10 14 7
8 19 9 16 4
7 0 8 9 10
7 0 10 14 17
7 0 9 16 18
6 13 8 9 6
6 13 10 14 5
6 13 9 16 6
8 19 2 17 8
8 19 2 3 22
8 19 15 19 7
7 0 2 17 22
7 0 2 3 8
7 0 15 19 27
6 13 2 17 8
6 13 2 3 14
6 13 15 19 15
8 19 14 17 8
8 19 11 4 18
8 19 9 6 14
7 0 14 17 24
7 0 11 4 8
7 0 9 6 8
6 13 14 17 12
6 13 11 4 14
6 13 9 6 10
8 19 3 5 19
8 19 13 16 8
8 19 8 3 16
7 0 3 5 9
7 0 13 16 22
7 0 8 3 4
6 13 3 5 11
6 13 13 16 10
6 13 8 3 12
18 15 11 5 17
4 0 11 5 12
0 10 11 5 16
18 15 11 10 12
18 15 4 19 18
18 15 16 5 12
18 15 5 4 24
4 0 11 10 17
4 0 4 19 19
4 0 16 5 17
4 0 5 4 5
0 10 11 10 11
0 10 4 19 13
0 10 16 5 21
0 10 5 4 11
18 15 10 9 14
18 15 0 1 32
18 15 7 15 11
4 0 10 9 15
4 0 0 1 5
4 0 7 15 18
0 10 10 9 11
0 10 0 1 9
0 10 7 15 12
18 15 14 4 15
18 15 16 3 14
18 15 19 19 5
4 0 14 4 14
4 0 16 3 15
4 0 19 19 34
0 10 14 4 20
0 10 16 3 23
0 10 19 19 28
18 15 19 9 7
18 15 3 3 27
18 15 16 9 8
4 0 19 9 24
4 0 3 3 4
4 0 16 9 21
0 10 19 9 20
0 10 3 3 10
0 10 16 9 17
18 15 10 8 15
18 15 1 6 26
18 15 3 4 26
4 0 10 8 14
4 0 1 6 9
4 0 3 4 5
0 10 10 8 12
0 10 1 6 5
0 10 3 4 9
18 15 8 19 14
18 15 7 0 26
18 15 6 13 14
4 0 8 19 23
4 0 7 0 3
4 0 6 13 15
0 10 8 19 17
0 10 7 0 17
0 10 6 13 9
18 15 14 5 14
18 15 16 8 9
18 15 6 15 12
4 0 14 5 15
4 0 16 8 20
4 0 6 15 17
0 10 14 5 19
0 10 16 8 18
0 10 6 15 11
18 15 10 17 10
18 15 7 18 14
18 15 2 14 17
4 0 10 17 23
4 0 7 18 21
4 0 2 14 16
0 10 10 17 17
0 10 7 18 15
0 10 2 14 6
18 15 8 9 16
18 15 10 14 9
18 15 9 16 10
4 0 8 9 13
4 0 10 14 20
4 0 9 16 21
0 10 8 9 9
0 10 10 14 14
0 10 9 16 15
18 15 2 17 18
18 15 2 3 28
18 15 15 19 7
4 0 2 17 19
4 0 2 3 5
4 0 15 19 30
0 10 2 17 9
0 10 2 3 9
0 10 15 19 24
18 15 14 17 6
18 15 11 4 18
18 15 9 6 18
4 0 14 17 27
4 0 11 4 11
4 0 9 6 11
0 10 14 17 21
0 10 11 4 17
0 10 9 6 13
18 15 3 5 25
18 15 13 16 6
18 15 8 3 22
4 0 3 5 6
4 0 13 16 25
4 0 8 3 7
0 10 3 5 8
0 10 13 16 19
0 10 8 3 15
14 5 11 5 3
16 8 11 5 8
6 15 11 5 15
14 5 11 10 8
14 5 4 19 24
14 5 16 5 2
14 5 5 4 10
16 8 11 10 7
16 8 4 19 23
16 8 16 5 3
16 8 5 4 15
6 15 11 10 10
6 15 4 19 6
6 15 16 5 20
6 15 5 4 12
14 5 10 9 8
14 5 0 1 18
14 5 7 15 17
16 8 10 9 7
16 8 0 1 23
16 8 7 15 16
6 15 10 9 10
6 15 0 1 20
6 15 7 15 1
14 5 14 4 1
14 5 16 3 4
14 5 19 19 19
16 8 14 4 6
16 8 16 3 5
16 8 19 19 14
6 15 14 4 19
6 15 16 3 22
6 15 19 19 17
14 5 19 9 9
14 5 3 3 13
14 5 16 9 6
16 8 19 9 4
16 8 3 3 18
16 8 16 9 1
6 15 19 9 19
6 15 3 3 15
6 15 16 9 16
14 5 10 8 7
14 5 1 6 14
14 5 3 4 12
16 8 10 8 6
16 8 1 6 17
16 8 3 4 17
6 15 10 8 11
6 15 1 6 14
6 15 3 4 14
14 5 8 19 20
14 5 7 0 12
14 5 6 13 16
16 8 8 19 19
16 8 7 0 17
16 8 6 13 15
6 15 8 19 6
6 15 7 0 16
6 15 6 13 2
14 5 18 15 14
14 5 4 0 15
14 5 0 10 19
16 8 18 15 9
16 8 4 0 20
16 8 0 10 18
6 15 18 15 12
6 15 4 0 17
6 15 0 10 11
14 5 10 17 16
14 5 7 18 20
14 5 2 14 21
16 8 10 17 15
16 8 7 18 19
16 8 2 14 20
6 15 10 17 6
6 15 7 18 4
6 15 2 14 5
14 5 8 9 10
14 5 10 14 13
14 5 9 16 16
16 8 8 9 9
16 8 10 14 12
16 8 9 16 15
6 15 8 9 8
6 15 10 14 5
6 15 9 16 4
14 5 2 17 24
14 5 2 3 14
14 5 15 19 15
16 8 2 17 23
16 8 2 3 19
16 8 15 19 12
6 15 2 17 6
6 15 2 3 16
6 15 15 19 13
14 5 14 17 12
14 5 11 4 4
14 5 9 6 6
16 8 14 17 11
16 8 11 4 9
16 8 9 6 9
6 15 14 17 10
6 15 11 4 16
6 15 9 6 12
14 5 3 5 11
14 5 13 16 12
14 5 8 3 8
16 8 3 5 16
16 8 13 16 11
16 8 8 3 13
6 15 3 5 13
6 15 13 16 8
6 15 8 3 14
10 17 11 5 13
7 18 11 5 17
2 14 11 5 18
10 17 11 10 8
10 17 4 19 8
10 17 16 5 18
10 17 5 4 18
7 18 11 10 12
7 18 4 19 4
7 18 16 5 22
7 18 5 4 16
2 14 11 10 13
2 14 4 19 7
2 14 16 5 23
2 14 5 4 13
10 17 10 9 8
10 17 0 1 26
10 17 7 15 5
7 18 10 9 12
7 18 0 1 24
7 18 7 15 3
2 14 10 9 13
2 14 0 1 15
2 14 7 15 6
10 17 14 4 17
10 17 16 3 20
10 17 19 19 11
7 18 14 4 21
7 18 16 3 24
7 18 19 19 13
2 14 14 4 22
2 14 16 3 25
2 14 19 19 22
10 17 19 9 17
10 17 3 3 21
10 17 16 9 14
7 18 19 9 21
7 18 3 3 19
7 18 16 9 18
2 14 19 9 22
2 14 3 3 12
2 14 16 9 19
10 17 10 8 9
10 17 1 6 20
10 17 3 4 20
7 18 10 8 13
7 18 1 6 18
7 18 3 4 18
2 14 10 8 14
2 14 1 6 9
2 14 3 4 11
10 17 8 19 4
10 17 7 0 20
10 17 6 13 8
7 18 8 19 2
7 18 7 0 18
7 18 6 13 6
2 14 8 19 11
2 14 7 0 19
2 14 6 13 5
10 17 18 15 10
10 17 4 0 23
10 17 0 10 17
7 18 18 15 14
7 18 4 0 21
7 18 0 10 15
2 14 18 15 17
2 14 4 0 16
2 14 0 10 6
10 17 14 5 16
10 17 16 8 15
10 17 6 15 6
7 18 14 5 20
7 18 16 8 19
7 18 6 15 4
2 14 14 5 21
2 14 16 8 20
2 14 6 15 5
10 17 8 9 10
10 17 10 14 3
10 17 9 16 2
7 18 8 9 10
7 18 10 14 7
7 18 9 16 4
2 14 8 9 11
2 14 10 14 8
2 14 9 16 9
10 17 2 17 8
10 17 2 3 22
10 17 15 19 7
7 18 2 17 6
7 18 2 3 20
7 18 15 19 9
2 14 2 17 3
2 14 2 3 11
2 14 15 19 18
10 17 14 17 4
10 17 11 4 14
10 17 9 6 12
7 18 14 17 8
7 18 11 4 18
7 18 9 6 14
2 14 14 17 15
2 14 11 4 19
2 14 9 6 15
10 17 3 5 19
10 17 13 16 4
10 17 8 3 16
7 18 3 5 17
7 18 13 16 8
7 18 8 3 16
2 14 3 5 10
2 14 13 16 13
2 14 8 3 17
8 9 11 5 7
10 14 11 5 10
9 16 11 5 13
8 9 11 10 4
8 9 4 19 14
8 9 16 5 12
8 9 5 4 8
10 14 11 10 5
10 14 4 19 11
10 14 16 5 15
10 14 5 4 15
9 16 11 10 8
9 16 4 19 8
9 16 16 5 18
9 16 5 4 16
8 9 10 9 2
8 9 0 1 16
8 9 7 15 7
10 14 10 9 5
10 14 0 1 23
10 14 7 15 4
9 16 10 9 8
9 16 0 1 24
9 16 7 15 3
8 9 14 4 11
8 9 16 3 14
8 9 19 19 21
10 14 14 4 14
10 14 16 3 17
10 14 19 19 14
9 16 14 4 17
9 16 16 3 20
9 16 19 19 13
8 9 19 9 11
8 9 3 3 11
8 9 16 9 8
10 14 19 9 14
10 14 3 3 18
10 14 16 9 11
9 16 19 9 17
9 16 3 3 19
9 16 16 9 14
8 9 10 8 3
8 9 1 6 10
8 9 3 4 10
10 14 10 8 6
10 14 1 6 17
10 14 3 4 17
9 16 10 8 9
9 16 1 6 18
9 16 3 4 18
8 9 8 19 10
8 9 7 0 10
8 9 6 13 6
10 14 8 19 7
10 14 7 0 17
10 14 6 13 5
9 16 8 19 4
9 16 7 0 18
9 16 6 13 6
8 9 18 15 16
8 9 4 0 13
8 9 0 10 9
10 14 18 15 9
10 14 4 0 20
10 14 0 10 14
9 16 18 15 10
9 16 4 0 21
9 16 0 10 15
8 9 14 5 10
8 9 16 8 9
8 9 6 15 8
10 14 14 5 13
10 14 16 8 12
10 14 6 15 5
9 16 14 5 16
9 16 16 8 15
9 16 6 15 4
8 9 10 17 10
8 9 7 18 10
8 9 2 14 11
10 14 10 17 3
10 14 7 18 7
10 14 2 14 8
9 16 10 17 2
9 16 7 18 4
9 16 2 14 9
8 9 2 17 14
8 9 2 3 12
8 9 15 19 17
10 14 2 17 11
10 14 2 3 19
10 14 15 19 10
9 16 2 17 8
9 16 2 3 20
9 16 15 19 9
8 9 14 17 14
8 9 11 4 8
8 9 9 6 4
10 14 14 17 7
10 14 11 4 11
10 14 9 6 9
9 16 14 17 6
9 16 11 4 14
9 16 9 6 10
8 9 3 5 9
8 9 13 16 12
8 9 8 3 6
10 14 3 5 16
10 14 13 16 5
10 14 8 3 13
9 16 3 5 17
9 16 13 16 4
9 16 8 3 14
2 17 11 5 21
2 3 11 5 11
15 19 11 5 18
2 17 11 10 16
2 17 4 19 4
2 17 16 5 26
2 17 5 4 16
2 3 11 10 16
2 3 4 19 18
2 3 16 5 16
2 3 5 4 4
15 19 11 10 13
15 19 4 19 11
15 19 16 5 15
15 19 5 4 25
2 17 10 9 16
2 17 0 1 18
2 17 7 15 7
2 3 10 9 14
2 3 0 1 4
2 3 7 15 17
15 19 10 9 15
15 19 0 1 33
15 19 7 15 12
2 17 14 4 25
2 17 16 3 28
2 17 19 19 19
2 3 14 4 13
2 3 16 3 14
2 3 19 19 33
15 19 14 4 16
15 19 16 3 17
15 19 19 19 4
2 17 19 9 25
2 17 3 3 15
2 17 16 9 22
2 3 19 9 23
2 3 3 3 1
2 3 16 9 20
15 19 19 9 14
15 19 3 3 28
15 19 16 9 11
2 17 10 8 17
2 17 1 6 12
2 17 3 4 14
2 3 10 8 13
2 3 1 6 4
2 3 3 4 2
15 19 10 8 16
15 19 1 6 27
15 19 3 4 27
2 17 8 19 8
2 17 7 0 22
2 17 6 13 8
2 3 8 19 22
2 3 7 0 8
2 3 6 13 14
15 19 8 19 7
15 19 7 0 27
15 19 6 13 15
2 17 18 15 18
2 17 4 0 19
2 17 0 10 9
2 3 18 15 28
2 3 4 0 5
2 3 0 10 9
15 19 18 15 7
15 19 4 0 30
15 19 0 10 24
2 17 14 5 24
2 17 16 8 23
2 17 6 15 6
2 3 14 5 14
2 3 16 8 19
2 3 6 15 16
15 19 14 5 15
15 19 16 8 12
15 19 6 15 13
2 17 10 17 8
2 17 7 18 6
2 17 2 14 3
2 3 10 17 22
2 3 7 18 20
2 3 2 14 11
15 19 10 17 7
15 19 7 18 9
15 19 2 14 18
2 17 8 9 14
2 17 10 14 11
2 17 9 16 8
2 3 8 9 12
2 3 10 14 19
2 3 9 16 20
15 19 8 9 17
15 19 10 14 10
15 19 9 16 9
2 17 14 17 12
2 17 11 4 22
2 17 9 6 18
2 3 14 17 26
2 3 11 4 10
2 3 9 6 10
15 19 14 17 3
15 19 11 4 19
15 19 9 6 19
2 17 3 5 13
2 17 13 16 12
2 17 8 3 20
2 3 3 5 3
2 3 13 16 24
2 3 8 3 6
15 19 3 5 26
15 19 13 16 5
15 19 8 3 23
14 17 11 5 15
11 4 11 5 1
9 6 11 5 3
14 17 11 10 10
14 17 4 19 12
14 17 16 5 14
14 17 5 4 22
11 4 11 10 6
11 4 4 19 22
11 4 16 5 6
11 4 5 4 6
9 6 11 10 6
9 6 4 19 18
9 6 16 5 8
9 6 5 4 6
14 17 10 9 12
14 17 0 1 30
14 17 7 15 9
11 4 10 9 6
11 4 0 1 14
11 4 7 15 15
9 6 10 9 4
9 6 0 1 14
9 6 7 15 11
14 17 14 4 13
14 17 16 3 16
14 17 19 19 7
11 4 14 4 3
11 4 16 3 6
11 4 19 19 23
9 6 14 4 7
9 6 16 3 10
9 6 19 19 23
14 17 19 9 13
14 17 3 3 25
14 17 16 9 10
11 4 19 9 13
11 4 3 3 9
11 4 16 9 10
9 6 19 9 13
9 6 3 3 9
9 6 16 9 10
14 17 10 8 13
14 17 1 6 24
14 17 3 4 24
11 4 10 8 5
11 4 1 6 12
11 4 3 4 8
9 6 10 8 3
9 6 1 6 8
9 6 3 4 8
14 17 8 19 8
14 17 7 0 24
14 17 6 13 12
11 4 8 19 18
11 4 7 0 8
11 4 6 13 14
9 6 8 19 14
9 6 7 0 8
9 6 6 13 10
14 17 18 15 6
14 17 4 0 27
14 17 0 10 21
11 4 18 15 18
11 4 4 0 11
11 4 0 10 17
9 6 18 15 18
9 6 4 0 11
9 6 0 10 13
14 17 14 5 12
14 17 16 8 11
14 17 6 15 10
11 4 14 5 4
11 4 16 8 9
11 4 6 15 16
9 6 14 5 6
9 6 16 8 9
9 6 6 15 12
14 17 10 17 4
14 17 7 18 8
14 17 2 14 15
11 4 10 17 14
11 4 7 18 18
11 4 2 14 19
9 6 10 17 12
9 6 7 18 14
9 6 2 14 15
14 17 8 9 14
14 17 10 14 7
14 17 9 16 6
11 4 8 9 8
11 4 10 14 11
11 4 9 16 14
9 6 8 9 4
9 6 10 14 9
9 6 9 16 10
14 17 2 17 12
14 17 2 3 26
14 17 15 19 3
11 4 2 17 22
11 4 2 3 10
11 4 15 19 19
9 6 2 17 18
9 6 2 3 10
9 6 15 19 19
14 17 3 5 23
14 17 13 16 2
14 17 8 3 20
11 4 3 5 9
11 4 13 16 14
11 4 8 3 4
9 6 3 5 7
9 6 13 16 14
9 6 8 3 4
3 5 11 5 8
13 16 11 5 13
8 3 11 5 5
3 5 11 10 13
3 5 4 19 15
3 5 16 5 13
3 5 5 4 3
13 16 11 10 8
13 16 4 19 12
13 16 16 5 14
13 16 5 4 20
8 3 11 10 10
8 3 4 19 20
8 3 16 5 10
8 3 5 4 4
3 5 10 9 11
3 5 0 1 7
3 5 7 15 14
13 16 10 9 10
13 16 0 1 28
13 16 7 15 7
8 3 10 9 8
8 3 0 1 10
8 3 7 15 13
3 5 14 4 12
3 5 16 3 15
3 5 19 19 30
13 16 14 4 13
13 16 16 3 16
13 16 19 19 9
8 3 14 4 7
8 3 16 3 8
8 3 19 19 27
3 5 19 9 20
3 5 3 3 2
3 5 16 9 17
13 16 19 9 13
13 16 3 3 23
13 16 16 9 10
8 3 19 9 17
8 3 3 3 5
8 3 16 9 14
3 5 10 8 10
3 5 1 6 3
3 5 3 4 1
13 16 10 8 11
13 16 1 6 22
13 16 3 4 22
8 3 10 8 7
8 3 1 6 10
8 3 3 4 6
3 5 8 19 19
3 5 7 0 9
3 5 6 13 11
13 16 8 19 8
13 16 7 0 22
13 16 6 13 10
8 3 8 19 16
8 3 7 0 4
8 3 6 13 12
3 5 18 15 25
3 5 4 0 6
3 5 0 10 8
13 16 18 15 6
13 16 4 0 25
13 16 0 10 19
8 3 18 15 22
8 3 4 0 7
8 3 0 10 15
3 5 14 5 11
3 5 16 8 16
3 5 6 15 13
13 16 14 5 12
13 16 16 8 11
13 16 6 15 8
8 3 14 5 8
8 3 16 8 13
8 3 6 15 14
3 5 10 17 19
3 5 7 18 17
3 5 2 14 10
13 16 10 17 4
13 16 7 18 8
13 16 2 14 13
8 3 10 17 16
8 3 7 18 16
8 3 2 14 17
3 5 8 9 9
3 5 10 14 16
3 5 9 16 17
13 16 8 9 12
13 16 10 14 5
13 16 9 16 4
8 3 8 9 6
8 3 10 14 13
8 3 9 16 14
3 5 2 17 13
3 5 2 3 3
3 5 15 19 26
13 16 2 17 12
13 16 2 3 24
13 16 15 19 5
8 3 2 17 20
8 3 2 3 6
8 3 15 19 23
3 5 14 17 23
3 5 11 4 9
3 5 9 6 7
13 16 14 17 2
13 16 11 4 14
13 16 9 6 14
8 3 14 17 20
8 3 11 4 4
8 3 9 6 4
