400 41 13 25 15
13 Clusters:
0 14 4 0
1 10 8 3
1 16 16 3
1 8 16 3
1 9 15 3
2 3 1 9
2 4 18 9
2 2 6 9
3 9 9 7
3 14 15 7
3 19 0 7
4 14 12 6
4 6 16 6
4 16 14 6
5 19 1 13
5 17 19 13
5 1 6 13
6 9 3 2
6 11 3 2
6 17 4 2
7 5 16 13
7 11 18 13
7 15 3 13
8 16 9 15
8 16 19 15
8 19 8 15
9 14 11 4
9 13 17 4
9 17 11 4
10 8 18 5
10 11 16 5
10 10 5 5
11 2 19 4
11 16 2 4
11 2 7 4
12 1 8 4
12 9 12 4
12 17 3 4
13 18 6 2
13 9 19 2
13 0 6 2
1556 Arcs:
14 4 10 8 8
14 4 16 16 14
14 4 8 16 18
14 4 9 15 16
14 4 3 1 14
14 4 4 18 24
14 4 2 6 14
14 4 9 9 10
14 4 14 15 11
14 4 19 0 9
14 4 14 12 8
14 4 6 16 20
14 4 16 14 12
14 4 19 1 8
14 4 17 19 18
14 4 1 6 15
14 4 9 3 6
14 4 11 3 4
14 4 17 4 3
14 4 5 16 21
14 4 11 18 17
14 4 15 3 2
14 4 16 9 7
14 4 16 19 17
14 4 19 8 9
14 4 14 11 7
14 4 13 17 14
14 4 17 11 10
14 4 8 18 20
14 4 11 16 15
14 4 10 5 5
14 4 2 19 27
14 4 16 2 4
14 4 2 7 15
14 4 1 8 17
14 4 9 12 13
14 4 17 3 4
14 4 18 6 6
14 4 9 19 20
14 4 0 6 16
10 8 14 4 8
16 16 14 4 14
8 16 14 4 18
9 15 14 4 16
10 8 3 1 14
10 8 4 18 16
10 8 2 6 10
16 16 3 1 28
16 16 4 18 14
16 16 2 6 24
8 16 3 1 20
8 16 4 18 6
8 16 2 6 16
9 15 3 1 20
9 15 4 18 8
9 15 2 6 16
10 8 9 9 2
10 8 14 15 11
10 8 19 0 17
16 16 9 9 14
16 16 14 15 3
16 16 19 0 19
8 16 9 9 8
8 16 14 15 7
8 16 19 0 27
9 15 9 9 6
9 15 14 15 5
9 15 19 0 25
10 8 14 12 8
10 8 6 16 12
10 8 16 14 12
16 16 14 12 6
16 16 6 16 10
16 16 16 14 2
8 16 14 12 10
8 16 6 16 2
8 16 16 14 10
9 15 14 12 8
9 15 6 16 4
9 15 16 14 8
10 8 19 1 16
10 8 17 19 18
10 8 1 6 11
16 16 19 1 18
16 16 17 19 4
16 16 1 6 25
8 16 19 1 26
8 16 17 19 12
8 16 1 6 17
9 15 19 1 24
9 15 17 19 12
9 15 1 6 17
10 8 9 3 6
10 8 11 3 6
10 8 17 4 11
16 16 9 3 20
16 16 11 3 18
16 16 17 4 13
8 16 9 3 14
8 16 11 3 16
8 16 17 4 21
9 15 9 3 12
9 15 11 3 14
9 15 17 4 19
10 8 5 16 13
10 8 11 18 11
10 8 15 3 10
16 16 5 16 11
16 16 11 18 7
16 16 15 3 14
8 16 5 16 3
8 16 11 18 5
8 16 15 3 20
9 15 5 16 5
9 15 11 18 5
9 15 15 3 18
10 8 16 9 7
10 8 16 19 17
10 8 19 8 9
16 16 16 9 7
16 16 16 19 3
16 16 19 8 11
8 16 16 9 15
8 16 16 19 11
8 16 19 8 19
9 15 16 9 13
9 15 16 19 11
9 15 19 8 17
10 8 14 11 7
10 8 13 17 12
10 8 17 11 10
16 16 14 11 7
16 16 13 17 4
16 16 17 11 6
8 16 14 11 11
8 16 13 17 6
8 16 17 11 14
9 15 14 11 9
9 15 13 17 6
9 15 17 11 12
10 8 8 18 12
10 8 11 16 9
10 8 10 5 3
16 16 8 18 10
16 16 11 16 5
16 16 10 5 17
8 16 8 18 2
8 16 11 16 3
8 16 10 5 13
9 15 8 18 4
9 15 11 16 3
9 15 10 5 11
10 8 2 19 19
10 8 16 2 12
10 8 2 7 9
16 16 2 19 17
16 16 16 2 14
16 16 2 7 23
8 16 2 19 9
8 16 16 2 22
8 16 2 7 15
9 15 2 19 11
9 15 16 2 20
9 15 2 7 15
10 8 1 8 9
10 8 9 12 5
10 8 17 3 12
16 16 1 8 23
16 16 9 12 11
16 16 17 3 14
8 16 1 8 15
8 16 9 12 5
8 16 17 3 22
9 15 1 8 15
9 15 9 12 3
9 15 17 3 20
10 8 18 6 10
10 8 9 19 12
10 8 0 6 12
16 16 18 6 12
16 16 9 19 10
16 16 0 6 26
8 16 18 6 20
8 16 9 19 4
8 16 0 6 18
9 15 18 6 18
9 15 9 19 4
9 15 0 6 18
3 1 14 4 14
4 18 14 4 24
2 6 14 4 14
3 1 10 8 14
3 1 16 16 28
3 1 8 16 20
3 1 9 15 20
4 18 10 8 16
4 18 16 16 14
4 18 8 16 6
4 18 9 15 8
2 6 10 8 10
2 6 16 16 24
2 6 8 16 16
2 6 9 15 16
3 1 9 9 14
3 1 14 15 25
3 1 19 0 17
4 18 9 9 14
4 18 14 15 13
4 18 19 0 33
2 6 9 9 10
2 6 14 15 21
2 6 19 0 23
3 1 14 12 22
3 1 6 16 18
3 1 16 14 26
4 18 14 12 16
4 18 6 16 4
4 18 16 14 16
2 6 14 12 18
2 6 6 16 14
2 6 16 14 22
3 1 19 1 16
3 1 17 19 32
3 1 1 6 7
4 18 19 1 32
4 18 17 19 14
4 18 1 6 15
2 6 19 1 22
2 6 17 19 28
2 6 1 6 1
3 1 9 3 8
3 1 11 3 10
3 1 17 4 17
4 18 9 3 20
4 18 11 3 22
4 18 17 4 27
2 6 9 3 10
2 6 11 3 12
2 6 17 4 17
3 1 5 16 17
3 1 11 18 25
3 1 15 3 14
4 18 5 16 3
4 18 11 18 7
4 18 15 3 26
2 6 5 16 13
2 6 11 18 21
2 6 15 3 16
3 1 16 9 21
3 1 16 19 31
3 1 19 8 23
4 18 16 9 21
4 18 16 19 13
4 18 19 8 25
2 6 16 9 17
2 6 16 19 27
2 6 19 8 19
3 1 14 11 21
3 1 13 17 26
3 1 17 11 24
4 18 14 11 17
4 18 13 17 10
4 18 17 11 20
2 6 14 11 17
2 6 13 17 22
2 6 17 11 20
3 1 8 18 22
3 1 11 16 23
3 1 10 5 11
4 18 8 18 4
4 18 11 16 9
4 18 10 5 19
2 6 8 18 18
2 6 11 16 19
2 6 10 5 9
3 1 2 19 19
3 1 16 2 14
3 1 2 7 7
4 18 2 19 3
4 18 16 2 28
4 18 2 7 13
2 6 2 19 13
2 6 16 2 18
2 6 2 7 1
3 1 1 8 9
3 1 9 12 17
3 1 17 3 16
4 18 1 8 13
4 18 9 12 11
4 18 17 3 28
2 6 1 8 3
2 6 9 12 13
2 6 17 3 18
3 1 18 6 20
3 1 9 19 24
3 1 0 6 8
4 18 18 6 26
4 18 9 19 6
4 18 0 6 16
2 6 18 6 16
2 6 9 19 20
2 6 0 6 2
9 9 14 4 10
14 15 14 4 11
19 0 14 4 9
9 9 10 8 2
9 9 16 16 14
9 9 8 16 8
9 9 9 15 6
14 15 10 8 11
14 15 16 16 3
14 15 8 16 7
14 15 9 15 5
19 0 10 8 17
19 0 16 16 19
19 0 8 16 27
19 0 9 15 25
9 9 3 1 14
9 9 4 18 14
9 9 2 6 10
14 15 3 1 25
14 15 4 18 13
14 15 2 6 21
19 0 3 1 17
19 0 4 18 33
19 0 2 6 23
9 9 14 12 8
9 9 6 16 10
9 9 16 14 12
14 15 14 12 3
14 15 6 16 9
14 15 16 14 3
19 0 14 12 17
19 0 6 16 29
19 0 16 14 17
9 9 19 1 18
9 9 17 19 18
9 9 1 6 11
14 15 19 1 19
14 15 17 19 7
14 15 1 6 22
19 0 19 1 1
19 0 17 19 21
19 0 1 6 24
9 9 9 3 6
9 9 11 3 8
9 9 17 4 13
14 15 9 3 17
14 15 11 3 15
14 15 17 4 14
19 0 9 3 13
19 0 11 3 11
19 0 17 4 6
9 9 5 16 11
9 9 11 18 11
9 9 15 3 12
14 15 5 16 10
14 15 11 18 6
14 15 15 3 13
19 0 5 16 30
19 0 11 18 26
19 0 15 3 7
9 9 16 9 7
9 9 16 19 17
9 9 19 8 11
14 15 16 9 8
14 15 16 19 6
14 15 19 8 12
19 0 16 9 12
19 0 16 19 22
19 0 19 8 8
9 9 14 11 7
9 9 13 17 12
9 9 17 11 10
14 15 14 11 4
14 15 13 17 3
14 15 17 11 7
19 0 14 11 16
19 0 13 17 23
19 0 17 11 13
9 9 8 18 10
9 9 11 16 9
9 9 10 5 5
14 15 8 18 9
14 15 11 16 4
14 15 10 5 14
19 0 8 18 29
19 0 11 16 24
19 0 10 5 14
9 9 2 19 17
9 9 16 2 14
9 9 2 7 9
14 15 2 19 16
14 15 16 2 15
14 15 2 7 20
19 0 2 19 36
19 0 16 2 5
19 0 2 7 24
9 9 1 8 9
9 9 9 12 3
9 9 17 3 14
14 15 1 8 20
14 15 9 12 8
14 15 17 3 15
19 0 1 8 26
19 0 9 12 22
19 0 17 3 5
9 9 18 6 12
9 9 9 19 10
9 9 0 6 12
14 15 18 6 13
14 15 9 19 9
14 15 0 6 23
19 0 18 6 7
19 0 9 19 29
19 0 0 6 25
14 12 14 4 8
6 16 14 4 20
16 14 14 4 12
14 12 10 8 8
14 12 16 16 6
14 12 8 16 10
14 12 9 15 8
6 16 10 8 12
6 16 16 16 10
6 16 8 16 2
6 16 9 15 4
16 14 10 8 12
16 14 16 16 2
16 14 8 16 10
16 14 9 15 8
14 12 3 1 22
14 12 4 18 16
14 12 2 6 18
6 16 3 1 18
6 16 4 18 4
6 16 2 6 14
16 14 3 1 26
16 14 4 18 16
16 14 2 6 22
14 12 9 9 8
14 12 14 15 3
14 12 19 0 17
6 16 9 9 10
6 16 14 15 9
6 16 19 0 29
16 14 9 9 12
16 14 14 15 3
16 14 19 0 17
14 12 19 1 16
14 12 17 19 10
14 12 1 6 19
6 16 19 1 28
6 16 17 19 14
6 16 1 6 15
16 14 19 1 16
16 14 17 19 6
16 14 1 6 23
14 12 9 3 14
14 12 11 3 12
14 12 17 4 11
6 16 9 3 16
6 16 11 3 18
6 16 17 4 23
16 14 9 3 18
16 14 11 3 16
16 14 17 4 11
14 12 5 16 13
14 12 11 18 9
14 12 15 3 10
6 16 5 16 1
6 16 11 18 7
6 16 15 3 22
16 14 5 16 13
16 14 11 18 9
16 14 15 3 12
14 12 16 9 5
14 12 16 19 9
14 12 19 8 9
6 16 16 9 17
6 16 16 19 13
6 16 19 8 21
16 14 16 9 5
16 14 16 19 5
16 14 19 8 9
14 12 14 11 1
14 12 13 17 6
14 12 17 11 4
6 16 14 11 13
6 16 13 17 8
6 16 17 11 16
16 14 14 11 5
16 14 13 17 6
16 14 17 11 4
14 12 8 18 12
14 12 11 16 7
14 12 10 5 11
6 16 8 18 4
6 16 11 16 5
6 16 10 5 15
16 14 8 18 12
16 14 11 16 7
16 14 10 5 15
14 12 2 19 19
14 12 16 2 12
14 12 2 7 17
6 16 2 19 7
6 16 16 2 24
6 16 2 7 13
16 14 2 19 19
16 14 16 2 12
16 14 2 7 21
14 12 1 8 17
14 12 9 12 5
14 12 17 3 12
6 16 1 8 13
6 16 9 12 7
6 16 17 3 24
16 14 1 8 21
16 14 9 12 9
16 14 17 3 12
14 12 18 6 10
14 12 9 19 12
14 12 0 6 20
6 16 18 6 22
6 16 9 19 6
6 16 0 6 16
16 14 18 6 10
16 14 9 19 12
16 14 0 6 24
19 1 14 4 8
17 19 14 4 18
1 6 14 4 15
19 1 10 8 16
19 1 16 16 18
19 1 8 16 26
19 1 9 15 24
17 19 10 8 18
17 19 16 16 4
17 19 8 16 12
17 19 9 15 12
1 6 10 8 11
1 6 16 16 25
1 6 8 16 17
1 6 9 15 17
19 1 3 1 16
19 1 4 18 32
19 1 2 6 22
17 19 3 1 32
17 19 4 18 14
17 19 2 6 28
1 6 3 1 7
1 6 4 18 15
1 6 2 6 1
19 1 9 9 18
19 1 14 15 19
19 1 19 0 1
17 19 9 9 18
17 19 14 15 7
17 19 19 0 21
1 6 9 9 11
1 6 14 15 22
1 6 19 0 24
19 1 14 12 16
19 1 6 16 28
19 1 16 14 16
17 19 14 12 10
17 19 6 16 14
17 19 16 14 6
1 6 14 12 19
1 6 6 16 15
1 6 16 14 23
19 1 9 3 12
19 1 11 3 10
19 1 17 4 5
17 19 9 3 24
17 19 11 3 22
17 19 17 4 15
1 6 9 3 11
1 6 11 3 13
1 6 17 4 18
19 1 5 16 29
19 1 11 18 25
19 1 15 3 6
17 19 5 16 15
17 19 11 18 7
17 19 15 3 18
1 6 5 16 14
1 6 11 18 22
1 6 15 3 17
19 1 16 9 11
19 1 16 19 21
19 1 19 8 7
17 19 16 9 11
17 19 16 19 1
17 19 19 8 13
1 6 16 9 18
1 6 16 19 28
1 6 19 8 20
19 1 14 11 15
19 1 13 17 22
19 1 17 11 12
17 19 14 11 11
17 19 13 17 6
17 19 17 11 8
1 6 14 11 18
1 6 13 17 23
1 6 17 11 21
19 1 8 18 28
19 1 11 16 23
19 1 10 5 13
17 19 8 18 10
17 19 11 16 9
17 19 10 5 21
1 6 8 18 19
1 6 11 16 20
1 6 10 5 10
19 1 2 19 35
19 1 16 2 4
19 1 2 7 23
17 19 2 19 15
17 19 16 2 18
17 19 2 7 27
1 6 2 19 14
1 6 16 2 19
1 6 2 7 2
19 1 1 8 25
19 1 9 12 21
19 1 17 3 4
17 19 1 8 27
17 19 9 12 15
17 19 17 3 16
1 6 1 8 2
1 6 9 12 14
1 6 17 3 19
19 1 18 6 6
19 1 9 19 28
19 1 0 6 24
17 19 18 6 14
17 19 9 19 8
17 19 0 6 30
1 6 18 6 17
1 6 9 19 21
1 6 0 6 1
9 3 14 4 6
11 3 14 4 4
17 4 14 4 3
9 3 10 8 6
9 3 16 16 20
9 3 8 16 14
9 3 9 15 12
11 3 10 8 6
11 3 16 16 18
11 3 8 16 16
11 3 9 15 14
17 4 10 8 11
17 4 16 16 13
17 4 8 16 21
17 4 9 15 19
9 3 3 1 8
9 3 4 18 20
9 3 2 6 10
11 3 3 1 10
11 3 4 18 22
11 3 2 6 12
17 4 3 1 17
17 4 4 18 27
17 4 2 6 17
9 3 9 9 6
9 3 14 15 17
9 3 19 0 13
11 3 9 9 8
11 3 14 15 15
11 3 19 0 11
17 4 9 9 13
17 4 14 15 14
17 4 19 0 6
9 3 14 12 14
9 3 6 16 16
9 3 16 14 18
11 3 14 12 12
11 3 6 16 18
11 3 16 14 16
17 4 14 12 11
17 4 6 16 23
17 4 16 14 11
9 3 19 1 12
9 3 17 19 24
9 3 1 6 11
11 3 19 1 10
11 3 17 19 22
11 3 1 6 13
17 4 19 1 5
17 4 17 19 15
17 4 1 6 18
9 3 5 16 17
9 3 11 18 17
9 3 15 3 6
11 3 5 16 19
11 3 11 18 15
11 3 15 3 4
17 4 5 16 24
17 4 11 18 20
17 4 15 3 3
9 3 16 9 13
9 3 16 19 23
9 3 19 8 15
11 3 16 9 11
11 3 16 19 21
11 3 19 8 13
17 4 16 9 6
17 4 16 19 16
17 4 19 8 6
9 3 14 11 13
9 3 13 17 18
9 3 17 11 16
11 3 14 11 11
11 3 13 17 16
11 3 17 11 14
17 4 14 11 10
17 4 13 17 17
17 4 17 11 7
9 3 8 18 16
9 3 11 16 15
9 3 10 5 3
11 3 8 18 18
11 3 11 16 13
11 3 10 5 3
17 4 8 18 23
17 4 11 16 18
17 4 10 5 8
9 3 2 19 23
9 3 16 2 8
9 3 2 7 11
11 3 2 19 25
11 3 16 2 6
11 3 2 7 13
17 4 2 19 30
17 4 16 2 3
17 4 2 7 18
9 3 1 8 13
9 3 9 12 9
9 3 17 3 8
11 3 1 8 15
11 3 9 12 11
11 3 17 3 6
17 4 1 8 20
17 4 9 12 16
17 4 17 3 1
9 3 18 6 12
9 3 9 19 16
9 3 0 6 12
11 3 18 6 10
11 3 9 19 18
11 3 0 6 14
17 4 18 6 3
17 4 9 19 23
17 4 0 6 19
5 16 14 4 21
11 18 14 4 17
15 3 14 4 2
5 16 10 8 13
5 16 16 16 11
5 16 8 16 3
5 16 9 15 5
11 18 10 8 11
11 18 16 16 7
11 18 8 16 5
11 18 9 15 5
15 3 10 8 10
15 3 16 16 14
15 3 8 16 20
15 3 9 15 18
5 16 3 1 17
5 16 4 18 3
5 16 2 6 13
11 18 3 1 25
11 18 4 18 7
11 18 2 6 21
15 3 3 1 14
15 3 4 18 26
15 3 2 6 16
5 16 9 9 11
5 16 14 15 10
5 16 19 0 30
11 18 9 9 11
11 18 14 15 6
11 18 19 0 26
15 3 9 9 12
15 3 14 15 13
15 3 19 0 7
5 16 14 12 13
5 16 6 16 1
5 16 16 14 13
11 18 14 12 9
11 18 6 16 7
11 18 16 14 9
15 3 14 12 10
15 3 6 16 22
15 3 16 14 12
5 16 19 1 29
5 16 17 19 15
5 16 1 6 14
11 18 19 1 25
11 18 17 19 7
11 18 1 6 22
15 3 19 1 6
15 3 17 19 18
15 3 1 6 17
5 16 9 3 17
5 16 11 3 19
5 16 17 4 24
11 18 9 3 17
11 18 11 3 15
11 18 17 4 20
15 3 9 3 6
15 3 11 3 4
15 3 17 4 3
5 16 16 9 18
5 16 16 19 14
5 16 19 8 22
11 18 16 9 14
11 18 16 19 6
11 18 19 8 18
15 3 16 9 7
15 3 16 19 17
15 3 19 8 9
5 16 14 11 14
5 16 13 17 9
5 16 17 11 17
11 18 14 11 10
11 18 13 17 3
11 18 17 11 13
15 3 14 11 9
15 3 13 17 16
15 3 17 11 10
5 16 8 18 5
5 16 11 16 6
5 16 10 5 16
11 18 8 18 3
11 18 11 16 2
11 18 10 5 14
15 3 8 18 22
15 3 11 16 17
15 3 10 5 7
5 16 2 19 6
5 16 16 2 25
5 16 2 7 12
11 18 2 19 10
11 18 16 2 21
11 18 2 7 20
15 3 2 19 29
15 3 16 2 2
15 3 2 7 17
5 16 1 8 12
5 16 9 12 8
5 16 17 3 25
11 18 1 8 20
11 18 9 12 8
11 18 17 3 21
15 3 1 8 19
15 3 9 12 15
15 3 17 3 2
5 16 18 6 23
5 16 9 19 7
5 16 0 6 15
11 18 18 6 19
11 18 9 19 3
11 18 0 6 23
15 3 18 6 6
15 3 9 19 22
15 3 0 6 18
16 9 14 4 7
16 19 14 4 17
19 8 14 4 9
16 9 10 8 7
16 9 16 16 7
16 9 8 16 15
16 9 9 15 13
16 19 10 8 17
16 19 16 16 3
16 19 8 16 11
16 19 9 15 11
19 8 10 8 9
19 8 16 16 11
19 8 8 16 19
19 8 9 15 17
16 9 3 1 21
16 9 4 18 21
16 9 2 6 17
16 19 3 1 31
16 19 4 18 13
16 19 2 6 27
19 8 3 1 23
19 8 4 18 25
19 8 2 6 19
16 9 9 9 7
16 9 14 15 8
16 9 19 0 12
16 19 9 9 17
16 19 14 15 6
16 19 19 0 22
19 8 9 9 11
19 8 14 15 12
19 8 19 0 8
16 9 14 12 5
16 9 6 16 17
16 9 16 14 5
16 19 14 12 9
16 19 6 16 13
16 19 16 14 5
19 8 14 12 9
19 8 6 16 21
19 8 16 14 9
16 9 19 1 11
16 9 17 19 11
16 9 1 6 18
16 19 19 1 21
16 19 17 19 1
16 19 1 6 28
19 8 19 1 7
19 8 17 19 13
19 8 1 6 20
16 9 9 3 13
16 9 11 3 11
16 9 17 4 6
16 19 9 3 23
16 19 11 3 21
16 19 17 4 16
19 8 9 3 15
19 8 11 3 13
19 8 17 4 6
16 9 5 16 18
16 9 11 18 14
16 9 15 3 7
16 19 5 16 14
16 19 11 18 6
16 19 15 3 17
19 8 5 16 22
19 8 11 18 18
19 8 15 3 9
16 9 14 11 4
16 9 13 17 11
16 9 17 11 3
16 19 14 11 10
16 19 13 17 5
16 19 17 11 9
19 8 14 11 8
19 8 13 17 15
19 8 17 11 5
16 9 8 18 17
16 9 11 16 12
16 9 10 5 10
16 19 8 18 9
16 19 11 16 8
16 19 10 5 20
19 8 8 18 21
19 8 11 16 16
19 8 10 5 12
16 9 2 19 24
16 9 16 2 7
16 9 2 7 16
16 19 2 19 14
16 19 16 2 17
16 19 2 7 26
19 8 2 19 28
19 8 16 2 9
19 8 2 7 18
16 9 1 8 16
16 9 9 12 10
16 9 17 3 7
16 19 1 8 26
16 19 9 12 14
16 19 17 3 17
19 8 1 8 18
19 8 9 12 14
19 8 17 3 7
16 9 18 6 5
16 9 9 19 17
16 9 0 6 19
16 19 18 6 15
16 19 9 19 7
16 19 0 6 29
19 8 18 6 3
19 8 9 19 21
19 8 0 6 21
14 11 14 4 7
13 17 14 4 14
17 11 14 4 10
14 11 10 8 7
14 11 16 16 7
14 11 8 16 11
14 11 9 15 9
13 17 10 8 12
13 17 16 16 4
13 17 8 16 6
13 17 9 15 6
17 11 10 8 10
17 11 16 16 6
17 11 8 16 14
17 11 9 15 12
14 11 3 1 21
14 11 4 18 17
14 11 2 6 17
13 17 3 1 26
13 17 4 18 10
13 17 2 6 22
17 11 3 1 24
17 11 4 18 20
17 11 2 6 20
14 11 9 9 7
14 11 14 15 4
14 11 19 0 16
13 17 9 9 12
13 17 14 15 3
13 17 19 0 23
17 11 9 9 10
17 11 14 15 7
17 11 19 0 13
14 11 14 12 1
14 11 6 16 13
14 11 16 14 5
13 17 14 12 6
13 17 6 16 8
13 17 16 14 6
17 11 14 12 4
17 11 6 16 16
17 11 16 14 4
14 11 19 1 15
14 11 17 19 11
14 11 1 6 18
13 17 19 1 22
13 17 17 19 6
13 17 1 6 23
17 11 19 1 12
17 11 17 19 8
17 11 1 6 21
14 11 9 3 13
14 11 11 3 11
14 11 17 4 10
13 17 9 3 18
13 17 11 3 16
13 17 17 4 17
17 11 9 3 16
17 11 11 3 14
17 11 17 4 7
14 11 5 16 14
14 11 11 18 10
14 11 15 3 9
13 17 5 16 9
13 17 11 18 3
13 17 15 3 16
17 11 5 16 17
17 11 11 18 13
17 11 15 3 10
14 11 16 9 4
14 11 16 19 10
14 11 19 8 8
13 17 16 9 11
13 17 16 19 5
13 17 19 8 15
17 11 16 9 3
17 11 16 19 9
17 11 19 8 5
14 11 8 18 13
14 11 11 16 8
14 11 10 5 10
13 17 8 18 6
13 17 11 16 3
13 17 10 5 15
17 11 8 18 16
17 11 11 16 11
17 11 10 5 13
14 11 2 19 20
14 11 16 2 11
14 11 2 7 16
13 17 2 19 13
13 17 16 2 18
13 17 2 7 21
17 11 2 19 23
17 11 16 2 10
17 11 2 7 19
14 11 1 8 16
14 11 9 12 6
14 11 17 3 11
13 17 1 8 21
13 17 9 12 9
13 17 17 3 18
17 11 1 8 19
17 11 9 12 9
17 11 17 3 8
14 11 18 6 9
14 11 9 19 13
14 11 0 6 19
13 17 18 6 16
13 17 9 19 6
13 17 0 6 24
17 11 18 6 6
17 11 9 19 16
17 11 0 6 22
8 18 14 4 20
11 16 14 4 15
10 5 14 4 5
8 18 10 8 12
8 18 16 16 10
8 18 8 16 2
8 18 9 15 4
11 16 10 8 9
11 16 16 16 5
11 16 8 16 3
11 16 9 15 3
10 5 10 8 3
10 5 16 16 17
10 5 8 16 13
10 5 9 15 11
8 18 3 1 22
8 18 4 18 4
8 18 2 6 18
11 16 3 1 23
11 16 4 18 9
11 16 2 6 19
10 5 3 1 11
10 5 4 18 19
10 5 2 6 9
8 18 9 9 10
8 18 14 15 9
8 18 19 0 29
11 16 9 9 9
11 16 14 15 4
11 16 19 0 24
10 5 9 9 5
10 5 14 15 14
10 5 19 0 14
8 18 14 12 12
8 18 6 16 4
8 18 16 14 12
11 16 14 12 7
11 16 6 16 5
11 16 16 14 7
10 5 14 12 11
10 5 6 16 15
10 5 16 14 15
8 18 19 1 28
8 18 17 19 10
8 18 1 6 19
11 16 19 1 23
11 16 17 19 9
11 16 1 6 20
10 5 19 1 13
10 5 17 19 21
10 5 1 6 10
8 18 9 3 16
8 18 11 3 18
8 18 17 4 23
11 16 9 3 15
11 16 11 3 13
11 16 17 4 18
10 5 9 3 3
10 5 11 3 3
10 5 17 4 8
8 18 5 16 5
8 18 11 18 3
8 18 15 3 22
11 16 5 16 6
11 16 11 18 2
11 16 15 3 17
10 5 5 16 16
10 5 11 18 14
10 5 15 3 7
8 18 16 9 17
8 18 16 19 9
8 18 19 8 21
11 16 16 9 12
11 16 16 19 8
11 16 19 8 16
10 5 16 9 10
10 5 16 19 20
10 5 19 8 12
8 18 14 11 13
8 18 13 17 6
8 18 17 11 16
11 16 14 11 8
11 16 13 17 3
11 16 17 11 11
10 5 14 11 10
10 5 13 17 15
10 5 17 11 13
8 18 2 19 7
8 18 16 2 24
8 18 2 7 17
11 16 2 19 12
11 16 16 2 19
11 16 2 7 18
10 5 2 19 22
10 5 16 2 9
10 5 2 7 10
8 18 1 8 17
8 18 9 12 7
8 18 17 3 24
11 16 1 8 18
11 16 9 12 6
11 16 17 3 19
10 5 1 8 12
10 5 9 12 8
10 5 17 3 9
8 18 18 6 22
8 18 9 19 2
8 18 0 6 20
11 16 18 6 17
11 16 9 19 5
11 16 0 6 21
10 5 18 6 9
10 5 9 19 15
10 5 0 6 11
2 19 14 4 27
16 2 14 4 4
2 7 14 4 15
2 19 10 8 19
2 19 16 16 17
2 19 8 16 9
2 19 9 15 11
16 2 10 8 12
16 2 16 16 14
16 2 8 16 22
16 2 9 15 20
2 7 10 8 9
2 7 16 16 23
2 7 8 16 15
2 7 9 15 15
2 19 3 1 19
2 19 4 18 3
2 19 2 6 13
16 2 3 1 14
16 2 4 18 28
16 2 2 6 18
2 7 3 1 7
2 7 4 18 13
2 7 2 6 1
2 19 9 9 17
2 19 14 15 16
2 19 19 0 36
16 2 9 9 14
16 2 14 15 15
16 2 19 0 5
2 7 9 9 9
2 7 14 15 20
2 7 19 0 24
2 19 14 12 19
2 19 6 16 7
2 19 16 14 19
16 2 14 12 12
16 2 6 16 24
16 2 16 14 12
2 7 14 12 17
2 7 6 16 13
2 7 16 14 21
2 19 19 1 35
2 19 17 19 15
2 19 1 6 14
16 2 19 1 4
16 2 17 19 18
16 2 1 6 19
2 7 19 1 23
2 7 17 19 27
2 7 1 6 2
2 19 9 3 23
2 19 11 3 25
2 19 17 4 30
16 2 9 3 8
16 2 11 3 6
16 2 17 4 3
2 7 9 3 11
2 7 11 3 13
2 7 17 4 18
2 19 5 16 6
2 19 11 18 10
2 19 15 3 29
16 2 5 16 25
16 2 11 18 21
16 2 15 3 2
2 7 5 16 12
2 7 11 18 20
2 7 15 3 17
2 19 16 9 24
2 19 16 19 14
2 19 19 8 28
16 2 16 9 7
16 2 16 19 17
16 2 19 8 9
2 7 16 9 16
2 7 16 19 26
2 7 19 8 18
2 19 14 11 20
2 19 13 17 13
2 19 17 11 23
16 2 14 11 11
16 2 13 17 18
16 2 17 11 10
2 7 14 11 16
2 7 13 17 21
2 7 17 11 19
2 19 8 18 7
2 19 11 16 12
2 19 10 5 22
16 2 8 18 24
16 2 11 16 19
16 2 10 5 9
2 7 8 18 17
2 7 11 16 18
2 7 10 5 10
2 19 1 8 12
2 19 9 12 14
2 19 17 3 31
16 2 1 8 21
16 2 9 12 17
16 2 17 3 2
2 7 1 8 2
2 7 9 12 12
2 7 17 3 19
2 19 18 6 29
2 19 9 19 7
2 19 0 6 15
16 2 18 6 6
16 2 9 19 24
16 2 0 6 20
2 7 18 6 17
2 7 9 19 19
2 7 0 6 3
1 8 14 4 17
9 12 14 4 13
17 3 14 4 4
1 8 10 8 9
1 8 16 16 23
1 8 8 16 15
1 8 9 15 15
9 12 10 8 5
9 12 16 16 11
9 12 8 16 5
9 12 9 15 3
17 3 10 8 12
17 3 16 16 14
17 3 8 16 22
17 3 9 15 20
1 8 3 1 9
1 8 4 18 13
1 8 2 6 3
9 12 3 1 17
9 12 4 18 11
9 12 2 6 13
17 3 3 1 16
17 3 4 18 28
17 3 2 6 18
1 8 9 9 9
1 8 14 15 20
1 8 19 0 26
9 12 9 9 3
9 12 14 15 8
9 12 19 0 22
17 3 9 9 14
17 3 14 15 15
17 3 19 0 5
1 8 14 12 17
1 8 6 16 13
1 8 16 14 21
9 12 14 12 5
9 12 6 16 7
9 12 16 14 9
17 3 14 12 12
17 3 6 16 24
17 3 16 14 12
1 8 19 1 25
1 8 17 19 27
1 8 1 6 2
9 12 19 1 21
9 12 17 19 15
9 12 1 6 14
17 3 19 1 4
17 3 17 19 16
17 3 1 6 19
1 8 9 3 13
1 8 11 3 15
1 8 17 4 20
9 12 9 3 9
9 12 11 3 11
9 12 17 4 16
17 3 9 3 8
17 3 11 3 6
17 3 17 4 1
1 8 5 16 12
1 8 11 18 20
1 8 15 3 19
9 12 5 16 8
9 12 11 18 8
9 12 15 3 15
17 3 5 16 25
17 3 11 18 21
17 3 15 3 2
1 8 16 9 16
1 8 16 19 26
1 8 19 8 18
9 12 16 9 10
9 12 16 19 14
9 12 19 8 14
17 3 16 9 7
17 3 16 19 17
17 3 19 8 7
1 8 14 11 16
1 8 13 17 21
1 8 17 11 19
9 12 14 11 6
9 12 13 17 9
9 12 17 11 9
17 3 14 11 11
17 3 13 17 18
17 3 17 11 8
1 8 8 18 17
1 8 11 16 18
1 8 10 5 12
9 12 8 18 7
9 12 11 16 6
9 12 10 5 8
17 3 8 18 24
17 3 11 16 19
17 3 10 5 9
1 8 2 19 12
1 8 16 2 21
1 8 2 7 2
9 12 2 19 14
9 12 16 2 17
9 12 2 7 12
17 3 2 19 31
17 3 16 2 2
17 3 2 7 19
1 8 18 6 19
1 8 9 19 19
1 8 0 6 3
9 12 18 6 15
9 12 9 19 7
9 12 0 6 15
17 3 18 6 4
17 3 9 19 24
17 3 0 6 20
18 6 14 4 6
9 19 14 4 20
0 6 14 4 16
18 6 10 8 10
18 6 16 16 12
18 6 8 16 20
18 6 9 15 18
9 19 10 8 12
9 19 16 16 10
9 19 8 16 4
9 19 9 15 4
0 6 10 8 12
0 6 16 16 26
0 6 8 16 18
0 6 9 15 18
18 6 3 1 20
18 6 4 18 26
18 6 2 6 16
9 19 3 1 24
9 19 4 18 6
9 19 2 6 20
0 6 3 1 8
0 6 4 18 16
0 6 2 6 2
18 6 9 9 12
18 6 14 15 13
18 6 19 0 7
9 19 9 9 10
9 19 14 15 9
9 19 19 0 29
0 6 9 9 12
0 6 14 15 23
0 6 19 0 25
18 6 14 12 10
18 6 6 16 22
18 6 16 14 10
9 19 14 12 12
9 19 6 16 6
9 19 16 14 12
0 6 14 12 20
0 6 6 16 16
0 6 16 14 24
18 6 19 1 6
18 6 17 19 14
18 6 1 6 17
9 19 19 1 28
9 19 17 19 8
9 19 1 6 21
0 6 19 1 24
0 6 17 19 30
0 6 1 6 1
18 6 9 3 12
18 6 11 3 10
18 6 17 4 3
9 19 9 3 16
9 19 11 3 18
9 19 17 4 23
0 6 9 3 12
0 6 11 3 14
0 6 17 4 19
18 6 5 16 23
18 6 11 18 19
18 6 15 3 6
9 19 5 16 7
9 19 11 18 3
9 19 15 3 22
0 6 5 16 15
0 6 11 18 23
0 6 15 3 18
18 6 16 9 5
18 6 16 19 15
18 6 19 8 3
9 19 16 9 17
9 19 16 19 7
9 19 19 8 21
0 6 16 9 19
0 6 16 19 29
0 6 19 8 21
18 6 14 11 9
18 6 13 17 16
18 6 17 11 6
9 19 14 11 13
9 19 13 17 6
9 19 17 11 16
0 6 14 11 19
0 6 13 17 24
0 6 17 11 22
18 6 8 18 22
18 6 11 16 17
18 6 10 5 9
9 19 8 18 2
9 19 11 16 5
9 19 10 5 15
0 6 8 18 20
0 6 11 16 21
0 6 10 5 11
18 6 2 19 29
18 6 16 2 6
18 6 2 7 17
9 19 2 19 7
9 19 16 2 24
9 19 2 7 19
0 6 2 19 15
0 6 16 2 20
0 6 2 7 3
18 6 1 8 19
18 6 9 12 15
18 6 17 3 4
9 19 1 8 19
9 19 9 12 7
9 19 17 3 24
0 6 1 8 3
0 6 9 12 15
0 6 17 3 20
