400 41 13 25 15
13 Clusters:
0 10 10 0
1 17 2 5
1 3 19 5
1 10 13 5
1 8 10 5
2 15 4 9
2 6 7 9
2 19 6 9
3 10 0 15
3 8 15 15
3 5 15 15
4 11 9 15
4 2 1 15
4 11 18 15
5 6 10 4
5 0 17 4
5 19 10 4
6 4 2 11
6 4 14 11
6 18 11 11
7 0 1 9
7 2 12 9
7 17 12 9
8 6 9 2
8 16 6 2
8 7 19 2
9 19 8 8
9 9 14 8
9 18 17 8
10 12 3 3
10 10 16 3
10 5 14 3
11 5 7 8
11 15 2 8
11 1 2 8
12 18 0 4
12 18 18 4
12 3 6 4
13 9 2 13
13 0 10 13
13 15 16 13
1556 Arcs:
10 10 17 2 15
10 10 3 19 16
10 10 10 13 3
10 10 8 10 2
10 10 15 4 11
10 10 6 7 7
10 10 19 6 13
10 10 10 0 10
10 10 8 15 7
10 10 5 15 10
10 10 11 9 2
10 10 2 1 17
10 10 11 18 9
10 10 6 10 4
10 10 0 17 17
10 10 19 10 9
10 10 4 2 14
10 10 4 14 10
10 10 18 11 9
10 10 0 1 19
10 10 2 12 10
10 10 17 12 9
10 10 6 9 5
10 10 16 6 10
10 10 7 19 12
10 10 19 8 11
10 10 9 14 5
10 10 18 17 15
10 10 12 3 9
10 10 10 16 6
10 10 5 14 9
10 10 5 7 8
10 10 15 2 13
10 10 1 2 17
10 10 18 0 18
10 10 18 18 16
10 10 3 6 11
10 10 9 2 9
10 10 0 10 10
10 10 15 16 11
17 2 10 10 15
3 19 10 10 16
10 13 10 10 3
8 10 10 10 2
17 2 15 4 4
17 2 6 7 16
17 2 19 6 6
3 19 15 4 27
3 19 6 7 15
3 19 19 6 29
10 13 15 4 14
10 13 6 7 10
10 13 19 6 16
8 10 15 4 13
8 10 6 7 5
8 10 19 6 15
17 2 10 0 9
17 2 8 15 22
17 2 5 15 25
3 19 10 0 26
3 19 8 15 9
3 19 5 15 6
10 13 10 0 13
10 13 8 15 4
10 13 5 15 7
8 10 10 0 12
8 10 8 15 5
8 10 5 15 8
17 2 11 9 13
17 2 2 1 16
17 2 11 18 22
3 19 11 9 18
3 19 2 1 19
3 19 11 18 9
10 13 11 9 5
10 13 2 1 20
10 13 11 18 6
8 10 11 9 4
8 10 2 1 15
8 10 11 18 11
17 2 6 10 19
17 2 0 17 32
17 2 19 10 10
3 19 6 10 12
3 19 0 17 5
3 19 19 10 25
10 13 6 10 7
10 13 0 17 14
10 13 19 10 12
8 10 6 10 2
8 10 0 17 15
8 10 19 10 11
17 2 4 2 13
17 2 4 14 25
17 2 18 11 10
3 19 4 2 18
3 19 4 14 6
3 19 18 11 23
10 13 4 2 17
10 13 4 14 7
10 13 18 11 10
8 10 4 2 12
8 10 4 14 8
8 10 18 11 11
17 2 0 1 18
17 2 2 12 25
17 2 17 12 10
3 19 0 1 21
3 19 2 12 8
3 19 17 12 21
10 13 0 1 22
10 13 2 12 9
10 13 17 12 8
8 10 0 1 17
8 10 2 12 8
8 10 17 12 11
17 2 6 9 18
17 2 16 6 5
17 2 7 19 27
3 19 6 9 13
3 19 16 6 26
3 19 7 19 4
10 13 6 9 8
10 13 16 6 13
10 13 7 19 9
8 10 6 9 3
8 10 16 6 12
8 10 7 19 10
17 2 19 8 8
17 2 9 14 20
17 2 18 17 16
3 19 19 8 27
3 19 9 14 11
3 19 18 17 17
10 13 19 8 14
10 13 9 14 2
10 13 18 17 12
8 10 19 8 13
8 10 9 14 5
8 10 18 17 17
17 2 12 3 6
17 2 10 16 21
17 2 5 14 24
3 19 12 3 25
3 19 10 16 10
3 19 5 14 7
10 13 12 3 12
10 13 10 16 3
10 13 5 14 6
8 10 12 3 11
8 10 10 16 8
8 10 5 14 7
17 2 5 7 17
17 2 15 2 2
17 2 1 2 16
3 19 5 7 14
3 19 15 2 29
3 19 1 2 19
10 13 5 7 11
10 13 15 2 16
10 13 1 2 20
8 10 5 7 6
8 10 15 2 15
8 10 1 2 15
17 2 18 0 3
17 2 18 18 17
17 2 3 6 18
3 19 18 0 34
3 19 18 18 16
3 19 3 6 13
10 13 18 0 21
10 13 18 18 13
10 13 3 6 14
8 10 18 0 20
8 10 18 18 18
8 10 3 6 9
17 2 9 2 8
17 2 0 10 25
17 2 15 16 16
3 19 9 2 23
3 19 0 10 12
3 19 15 16 15
10 13 9 2 12
10 13 0 10 13
10 13 15 16 8
8 10 9 2 9
8 10 0 10 8
8 10 15 16 13
15 4 10 10 11
6 7 10 10 7
19 6 10 10 13
15 4 17 2 4
15 4 3 19 27
15 4 10 13 14
15 4 8 10 13
6 7 17 2 16
6 7 3 19 15
6 7 10 13 10
6 7 8 10 5
19 6 17 2 6
19 6 3 19 29
19 6 10 13 16
19 6 8 10 15
15 4 10 0 9
15 4 8 15 18
15 4 5 15 21
6 7 10 0 11
6 7 8 15 10
6 7 5 15 9
19 6 10 0 15
19 6 8 15 20
19 6 5 15 23
15 4 11 9 9
15 4 2 1 16
15 4 11 18 18
6 7 11 9 7
6 7 2 1 10
6 7 11 18 16
19 6 11 9 11
19 6 2 1 22
19 6 11 18 20
15 4 6 10 15
15 4 0 17 28
15 4 19 10 10
6 7 6 10 3
6 7 0 17 16
6 7 19 10 16
19 6 6 10 17
19 6 0 17 30
19 6 19 10 4
15 4 4 2 13
15 4 4 14 21
15 4 18 11 10
6 7 4 2 7
6 7 4 14 9
6 7 18 11 16
19 6 4 2 19
19 6 4 14 23
19 6 18 11 6
15 4 0 1 18
15 4 2 12 21
15 4 17 12 10
6 7 0 1 12
6 7 2 12 9
6 7 17 12 16
19 6 0 1 24
19 6 2 12 23
19 6 17 12 8
15 4 6 9 14
15 4 16 6 3
15 4 7 19 23
6 7 6 9 2
6 7 16 6 11
6 7 7 19 13
19 6 6 9 16
19 6 16 6 3
19 6 7 19 25
15 4 19 8 8
15 4 9 14 16
15 4 18 17 16
6 7 19 8 14
6 7 9 14 10
6 7 18 17 22
19 6 19 8 2
19 6 9 14 18
19 6 18 17 12
15 4 12 3 4
15 4 10 16 17
15 4 5 14 20
6 7 12 3 10
6 7 10 16 13
6 7 5 14 8
19 6 12 3 10
19 6 10 16 19
19 6 5 14 22
15 4 5 7 13
15 4 15 2 2
15 4 1 2 16
6 7 5 7 1
6 7 15 2 14
6 7 1 2 10
19 6 5 7 15
19 6 15 2 8
19 6 1 2 22
15 4 18 0 7
15 4 18 18 17
15 4 3 6 14
6 7 18 0 19
6 7 18 18 23
6 7 3 6 4
19 6 18 0 7
19 6 18 18 13
19 6 3 6 16
15 4 9 2 8
15 4 0 10 21
15 4 15 16 12
6 7 9 2 8
6 7 0 10 9
6 7 15 16 18
19 6 9 2 14
19 6 0 10 23
19 6 15 16 14
10 0 10 10 10
8 15 10 10 7
5 15 10 10 10
10 0 17 2 9
10 0 3 19 26
10 0 10 13 13
10 0 8 10 12
8 15 17 2 22
8 15 3 19 9
8 15 10 13 4
8 15 8 10 5
5 15 17 2 25
5 15 3 19 6
5 15 10 13 7
5 15 8 10 8
10 0 15 4 9
10 0 6 7 11
10 0 19 6 15
8 15 15 4 18
8 15 6 7 10
8 15 19 6 20
5 15 15 4 21
5 15 6 7 9
5 15 19 6 23
10 0 11 9 10
10 0 2 1 9
10 0 11 18 19
8 15 11 9 9
8 15 2 1 20
8 15 11 18 6
5 15 11 9 12
5 15 2 1 17
5 15 11 18 9
10 0 6 10 14
10 0 0 17 27
10 0 19 10 19
8 15 6 10 7
8 15 0 17 10
8 15 19 10 16
5 15 6 10 6
5 15 0 17 7
5 15 19 10 19
10 0 4 2 8
10 0 4 14 20
10 0 18 11 19
8 15 4 2 17
8 15 4 14 5
8 15 18 11 14
5 15 4 2 14
5 15 4 14 2
5 15 18 11 17
10 0 0 1 11
10 0 2 12 20
10 0 17 12 19
8 15 0 1 22
8 15 2 12 9
8 15 17 12 12
5 15 0 1 19
5 15 2 12 6
5 15 17 12 15
10 0 6 9 13
10 0 16 6 12
10 0 7 19 22
8 15 6 9 8
8 15 16 6 17
8 15 7 19 5
5 15 6 9 7
5 15 16 6 20
5 15 7 19 6
10 0 19 8 17
10 0 9 14 15
10 0 18 17 25
8 15 19 8 18
8 15 9 14 2
8 15 18 17 12
5 15 19 8 21
5 15 9 14 5
5 15 18 17 15
10 0 12 3 5
10 0 10 16 16
10 0 5 14 19
8 15 12 3 16
8 15 10 16 3
8 15 5 14 4
5 15 12 3 19
5 15 10 16 6
5 15 5 14 1
10 0 5 7 12
10 0 15 2 7
10 0 1 2 11
8 15 5 7 11
8 15 15 2 20
8 15 1 2 20
5 15 5 7 8
5 15 15 2 23
5 15 1 2 17
10 0 18 0 8
10 0 18 18 26
10 0 3 6 13
8 15 18 0 25
8 15 18 18 13
8 15 3 6 14
5 15 18 0 28
5 15 18 18 16
5 15 3 6 11
10 0 9 2 3
10 0 0 10 20
10 0 15 16 21
8 15 9 2 14
8 15 0 10 13
8 15 15 16 8
5 15 9 2 17
5 15 0 10 10
5 15 15 16 11
11 9 10 10 2
2 1 10 10 17
11 18 10 10 9
11 9 17 2 13
11 9 3 19 18
11 9 10 13 5
11 9 8 10 4
2 1 17 2 16
2 1 3 19 19
2 1 10 13 20
2 1 8 10 15
11 18 17 2 22
11 18 3 19 9
11 18 10 13 6
11 18 8 10 11
11 9 15 4 9
11 9 6 7 7
11 9 19 6 11
2 1 15 4 16
2 1 6 7 10
2 1 19 6 22
11 18 15 4 18
11 18 6 7 16
11 18 19 6 20
11 9 10 0 10
11 9 8 15 9
11 9 5 15 12
2 1 10 0 9
2 1 8 15 20
2 1 5 15 17
11 18 10 0 19
11 18 8 15 6
11 18 5 15 9
11 9 6 10 6
11 9 0 17 19
11 9 19 10 9
2 1 6 10 13
2 1 0 17 18
2 1 19 10 26
11 18 6 10 13
11 18 0 17 12
11 18 19 10 16
11 9 4 2 14
11 9 4 14 12
11 9 18 11 9
2 1 4 2 3
2 1 4 14 15
2 1 18 11 26
11 18 4 2 23
11 18 4 14 11
11 18 18 11 14
11 9 0 1 19
11 9 2 12 12
11 9 17 12 9
2 1 0 1 2
2 1 2 12 11
2 1 17 12 26
11 18 0 1 28
11 18 2 12 15
11 18 17 12 12
11 9 6 9 5
11 9 16 6 8
11 9 7 19 14
2 1 6 9 12
2 1 16 6 19
2 1 7 19 23
11 18 6 9 14
11 18 16 6 17
11 18 7 19 5
11 9 19 8 9
11 9 9 14 7
11 9 18 17 15
2 1 19 8 24
2 1 9 14 20
2 1 18 17 32
11 18 19 8 18
11 18 9 14 6
11 18 18 17 8
11 9 12 3 7
11 9 10 16 8
11 9 5 14 11
2 1 12 3 12
2 1 10 16 23
2 1 5 14 16
11 18 12 3 16
11 18 10 16 3
11 18 5 14 10
11 9 5 7 8
11 9 15 2 11
11 9 1 2 17
2 1 5 7 9
2 1 15 2 14
2 1 1 2 2
11 18 5 7 17
11 18 15 2 20
11 18 1 2 26
11 9 18 0 16
11 9 18 18 16
11 9 3 6 11
2 1 18 0 17
2 1 18 18 33
2 1 3 6 6
11 18 18 0 25
11 18 18 18 7
11 18 3 6 20
11 9 9 2 9
11 9 0 10 12
11 9 15 16 11
2 1 9 2 8
2 1 0 10 11
2 1 15 16 28
11 18 9 2 18
11 18 0 10 19
11 18 15 16 6
6 10 10 10 4
0 17 10 10 17
19 10 10 10 9
6 10 17 2 19
6 10 3 19 12
6 10 10 13 7
6 10 8 10 2
0 17 17 2 32
0 17 3 19 5
0 17 10 13 14
0 17 8 10 15
19 10 17 2 10
19 10 3 19 25
19 10 10 13 12
19 10 8 10 11
6 10 15 4 15
6 10 6 7 3
6 10 19 6 17
0 17 15 4 28
0 17 6 7 16
0 17 19 6 30
19 10 15 4 10
19 10 6 7 16
19 10 19 6 4
6 10 10 0 14
6 10 8 15 7
6 10 5 15 6
0 17 10 0 27
0 17 8 15 10
0 17 5 15 7
19 10 10 0 19
19 10 8 15 16
19 10 5 15 19
6 10 11 9 6
6 10 2 1 13
6 10 11 18 13
0 17 11 9 19
0 17 2 1 18
0 17 11 18 12
19 10 11 9 9
19 10 2 1 26
19 10 11 18 16
6 10 4 2 10
6 10 4 14 6
6 10 18 11 13
0 17 4 2 19
0 17 4 14 7
0 17 18 11 24
19 10 4 2 23
19 10 4 14 19
19 10 18 11 2
6 10 0 1 15
6 10 2 12 6
6 10 17 12 13
0 17 0 1 16
0 17 2 12 7
0 17 17 12 22
19 10 0 1 28
19 10 2 12 19
19 10 17 12 4
6 10 6 9 1
6 10 16 6 14
6 10 7 19 10
0 17 6 9 14
0 17 16 6 27
0 17 7 19 9
19 10 6 9 14
19 10 16 6 7
19 10 7 19 21
6 10 19 8 15
6 10 9 14 7
6 10 18 17 19
0 17 19 8 28
0 17 9 14 12
0 17 18 17 18
19 10 19 8 2
19 10 9 14 14
19 10 18 17 8
6 10 12 3 13
6 10 10 16 10
6 10 5 14 5
0 17 12 3 26
0 17 10 16 11
0 17 5 14 8
19 10 12 3 14
19 10 10 16 15
19 10 5 14 18
6 10 5 7 4
6 10 15 2 17
6 10 1 2 13
0 17 5 7 15
0 17 15 2 30
0 17 1 2 16
19 10 5 7 17
19 10 15 2 12
19 10 1 2 26
6 10 18 0 22
6 10 18 18 20
6 10 3 6 7
0 17 18 0 35
0 17 18 18 19
0 17 3 6 14
19 10 18 0 11
19 10 18 18 9
19 10 3 6 20
6 10 9 2 11
6 10 0 10 6
6 10 15 16 15
0 17 9 2 24
0 17 0 10 7
0 17 15 16 16
19 10 9 2 18
19 10 0 10 19
19 10 15 16 10
4 2 10 10 14
4 14 10 10 10
18 11 10 10 9
4 2 17 2 13
4 2 3 19 18
4 2 10 13 17
4 2 8 10 12
4 14 17 2 25
4 14 3 19 6
4 14 10 13 7
4 14 8 10 8
18 11 17 2 10
18 11 3 19 23
18 11 10 13 10
18 11 8 10 11
4 2 15 4 13
4 2 6 7 7
4 2 19 6 19
4 14 15 4 21
4 14 6 7 9
4 14 19 6 23
18 11 15 4 10
18 11 6 7 16
18 11 19 6 6
4 2 10 0 8
4 2 8 15 17
4 2 5 15 14
4 14 10 0 20
4 14 8 15 5
4 14 5 15 2
18 11 10 0 19
18 11 8 15 14
18 11 5 15 17
4 2 11 9 14
4 2 2 1 3
4 2 11 18 23
4 14 11 9 12
4 14 2 1 15
4 14 11 18 11
18 11 11 9 9
18 11 2 1 26
18 11 11 18 14
4 2 6 10 10
4 2 0 17 19
4 2 19 10 23
4 14 6 10 6
4 14 0 17 7
4 14 19 10 19
18 11 6 10 13
18 11 0 17 24
18 11 19 10 2
4 2 0 1 5
4 2 2 12 12
4 2 17 12 23
4 14 0 1 17
4 14 2 12 4
4 14 17 12 15
18 11 0 1 28
18 11 2 12 17
18 11 17 12 2
4 2 6 9 9
4 2 16 6 16
4 2 7 19 20
4 14 6 9 7
4 14 16 6 20
4 14 7 19 8
18 11 6 9 14
18 11 16 6 7
18 11 7 19 19
4 2 19 8 21
4 2 9 14 17
4 2 18 17 29
4 14 19 8 21
4 14 9 14 5
4 14 18 17 17
18 11 19 8 4
18 11 9 14 12
18 11 18 17 6
4 2 12 3 9
4 2 10 16 20
4 2 5 14 13
4 14 12 3 19
4 14 10 16 8
4 14 5 14 1
18 11 12 3 14
18 11 10 16 13
18 11 5 14 16
4 2 5 7 6
4 2 15 2 11
4 2 1 2 3
4 14 5 7 8
4 14 15 2 23
4 14 1 2 15
18 11 5 7 17
18 11 15 2 12
18 11 1 2 26
4 2 18 0 16
4 2 18 18 30
4 2 3 6 5
4 14 18 0 28
4 14 18 18 18
4 14 3 6 9
18 11 18 0 11
18 11 18 18 7
18 11 3 6 20
4 2 9 2 5
4 2 0 10 12
4 2 15 16 25
4 14 9 2 17
4 14 0 10 8
4 14 15 16 13
18 11 9 2 18
18 11 0 10 19
18 11 15 16 8
0 1 10 10 19
2 12 10 10 10
17 12 10 10 9
0 1 17 2 18
0 1 3 19 21
0 1 10 13 22
0 1 8 10 17
2 12 17 2 25
2 12 3 19 8
2 12 10 13 9
2 12 8 10 8
17 12 17 2 10
17 12 3 19 21
17 12 10 13 8
17 12 8 10 11
0 1 15 4 18
0 1 6 7 12
0 1 19 6 24
2 12 15 4 21
2 12 6 7 9
2 12 19 6 23
17 12 15 4 10
17 12 6 7 16
17 12 19 6 8
0 1 10 0 11
0 1 8 15 22
0 1 5 15 19
2 12 10 0 20
2 12 8 15 9
2 12 5 15 6
17 12 10 0 19
17 12 8 15 12
17 12 5 15 15
0 1 11 9 19
0 1 2 1 2
0 1 11 18 28
2 12 11 9 12
2 12 2 1 11
2 12 11 18 15
17 12 11 9 9
17 12 2 1 26
17 12 11 18 12
0 1 6 10 15
0 1 0 17 16
0 1 19 10 28
2 12 6 10 6
2 12 0 17 7
2 12 19 10 19
17 12 6 10 13
17 12 0 17 22
17 12 19 10 4
0 1 4 2 5
0 1 4 14 17
0 1 18 11 28
2 12 4 2 12
2 12 4 14 4
2 12 18 11 17
17 12 4 2 23
17 12 4 14 15
17 12 18 11 2
0 1 6 9 14
0 1 16 6 21
0 1 7 19 25
2 12 6 9 7
2 12 16 6 20
2 12 7 19 12
17 12 6 9 14
17 12 16 6 7
17 12 7 19 17
0 1 19 8 26
0 1 9 14 22
0 1 18 17 34
2 12 19 8 21
2 12 9 14 9
2 12 18 17 21
17 12 19 8 6
17 12 9 14 10
17 12 18 17 6
0 1 12 3 14
0 1 10 16 25
0 1 5 14 18
2 12 12 3 19
2 12 10 16 12
2 12 5 14 5
17 12 12 3 14
17 12 10 16 11
17 12 5 14 14
0 1 5 7 11
0 1 15 2 16
0 1 1 2 2
2 12 5 7 8
2 12 15 2 23
2 12 1 2 11
17 12 5 7 17
17 12 15 2 12
17 12 1 2 26
0 1 18 0 19
0 1 18 18 35
0 1 3 6 8
2 12 18 0 28
2 12 18 18 22
2 12 3 6 7
17 12 18 0 13
17 12 18 18 7
17 12 3 6 20
0 1 9 2 10
0 1 0 10 9
0 1 15 16 30
2 12 9 2 17
2 12 0 10 4
2 12 15 16 17
17 12 9 2 18
17 12 0 10 19
17 12 15 16 6
6 9 10 10 5
16 6 10 10 10
7 19 10 10 12
6 9 17 2 18
6 9 3 19 13
6 9 10 13 8
6 9 8 10 3
16 6 17 2 5
16 6 3 19 26
16 6 10 13 13
16 6 8 10 12
7 19 17 2 27
7 19 3 19 4
7 19 10 13 9
7 19 8 10 10
6 9 15 4 14
6 9 6 7 2
6 9 19 6 16
16 6 15 4 3
16 6 6 7 11
16 6 19 6 3
7 19 15 4 23
7 19 6 7 13
7 19 19 6 25
6 9 10 0 13
6 9 8 15 8
6 9 5 15 7
16 6 10 0 12
16 6 8 15 17
16 6 5 15 20
7 19 10 0 22
7 19 8 15 5
7 19 5 15 6
6 9 11 9 5
6 9 2 1 12
6 9 11 18 14
16 6 11 9 8
16 6 2 1 19
16 6 11 18 17
7 19 11 9 14
7 19 2 1 23
7 19 11 18 5
6 9 6 10 1
6 9 0 17 14
6 9 19 10 14
16 6 6 10 14
16 6 0 17 27
16 6 19 10 7
7 19 6 10 10
7 19 0 17 9
7 19 19 10 21
6 9 4 2 9
6 9 4 14 7
6 9 18 11 14
16 6 4 2 16
16 6 4 14 20
16 6 18 11 7
7 19 4 2 20
7 19 4 14 8
7 19 18 11 19
6 9 0 1 14
6 9 2 12 7
6 9 17 12 14
16 6 0 1 21
16 6 2 12 20
16 6 17 12 7
7 19 0 1 25
7 19 2 12 12
7 19 17 12 17
6 9 19 8 14
6 9 9 14 8
6 9 18 17 20
16 6 19 8 5
16 6 9 14 15
16 6 18 17 13
7 19 19 8 23
7 19 9 14 7
7 19 18 17 13
6 9 12 3 12
6 9 10 16 11
6 9 5 14 6
16 6 12 3 7
16 6 10 16 16
16 6 5 14 19
7 19 12 3 21
7 19 10 16 6
7 19 5 14 7
6 9 5 7 3
6 9 15 2 16
6 9 1 2 12
16 6 5 7 12
16 6 15 2 5
16 6 1 2 19
7 19 5 7 14
7 19 15 2 25
7 19 1 2 23
6 9 18 0 21
6 9 18 18 21
6 9 3 6 6
16 6 18 0 8
16 6 18 18 14
16 6 3 6 13
7 19 18 0 30
7 19 18 18 12
7 19 3 6 17
6 9 9 2 10
6 9 0 10 7
6 9 15 16 16
16 6 9 2 11
16 6 0 10 20
16 6 15 16 11
7 19 9 2 19
7 19 0 10 16
7 19 15 16 11
19 8 10 10 11
9 14 10 10 5
18 17 10 10 15
19 8 17 2 8
19 8 3 19 27
19 8 10 13 14
19 8 8 10 13
9 14 17 2 20
9 14 3 19 11
9 14 10 13 2
9 14 8 10 5
18 17 17 2 16
18 17 3 19 17
18 17 10 13 12
18 17 8 10 17
19 8 15 4 8
19 8 6 7 14
19 8 19 6 2
9 14 15 4 16
9 14 6 7 10
9 14 19 6 18
18 17 15 4 16
18 17 6 7 22
18 17 19 6 12
19 8 10 0 17
19 8 8 15 18
19 8 5 15 21
9 14 10 0 15
9 14 8 15 2
9 14 5 15 5
18 17 10 0 25
18 17 8 15 12
18 17 5 15 15
19 8 11 9 9
19 8 2 1 24
19 8 11 18 18
9 14 11 9 7
9 14 2 1 20
9 14 11 18 6
18 17 11 9 15
18 17 2 1 32
18 17 11 18 8
19 8 6 10 15
19 8 0 17 28
19 8 19 10 2
9 14 6 10 7
9 14 0 17 12
9 14 19 10 14
18 17 6 10 19
18 17 0 17 18
18 17 19 10 8
19 8 4 2 21
19 8 4 14 21
19 8 18 11 4
9 14 4 2 17
9 14 4 14 5
9 14 18 11 12
18 17 4 2 29
18 17 4 14 17
18 17 18 11 6
19 8 0 1 26
19 8 2 12 21
19 8 17 12 6
9 14 0 1 22
9 14 2 12 9
9 14 17 12 10
18 17 0 1 34
18 17 2 12 21
18 17 17 12 6
19 8 6 9 14
19 8 16 6 5
19 8 7 19 23
9 14 6 9 8
9 14 16 6 15
9 14 7 19 7
18 17 6 9 20
18 17 16 6 13
18 17 7 19 13
19 8 12 3 12
19 8 10 16 17
19 8 5 14 20
9 14 12 3 14
9 14 10 16 3
9 14 5 14 4
18 17 12 3 20
18 17 10 16 9
18 17 5 14 16
19 8 5 7 15
19 8 15 2 10
19 8 1 2 24
9 14 5 7 11
9 14 15 2 18
9 14 1 2 20
18 17 5 7 23
18 17 15 2 18
18 17 1 2 32
19 8 18 0 9
19 8 18 18 11
19 8 3 6 18
9 14 18 0 23
9 14 18 18 13
9 14 3 6 14
18 17 18 0 17
18 17 18 18 1
18 17 3 6 26
19 8 9 2 16
19 8 0 10 21
19 8 15 16 12
9 14 9 2 12
9 14 0 10 13
9 14 15 16 8
18 17 9 2 24
18 17 0 10 25
18 17 15 16 4
12 3 10 10 9
10 16 10 10 6
5 14 10 10 9
12 3 17 2 6
12 3 3 19 25
12 3 10 13 12
12 3 8 10 11
10 16 17 2 21
10 16 3 19 10
10 16 10 13 3
10 16 8 10 8
5 14 17 2 24
5 14 3 19 7
5 14 10 13 6
5 14 8 10 7
12 3 15 4 4
12 3 6 7 10
12 3 19 6 10
10 16 15 4 17
10 16 6 7 13
10 16 19 6 19
5 14 15 4 20
5 14 6 7 8
5 14 19 6 22
12 3 10 0 5
12 3 8 15 16
12 3 5 15 19
10 16 10 0 16
10 16 8 15 3
10 16 5 15 6
5 14 10 0 19
5 14 8 15 4
5 14 5 15 1
12 3 11 9 7
12 3 2 1 12
12 3 11 18 16
10 16 11 9 8
10 16 2 1 23
10 16 11 18 3
5 14 11 9 11
5 14 2 1 16
5 14 11 18 10
12 3 6 10 13
12 3 0 17 26
12 3 19 10 14
10 16 6 10 10
10 16 0 17 11
10 16 19 10 15
5 14 6 10 5
5 14 0 17 8
5 14 19 10 18
12 3 4 2 9
12 3 4 14 19
12 3 18 11 14
10 16 4 2 20
10 16 4 14 8
10 16 18 11 13
5 14 4 2 13
5 14 4 14 1
5 14 18 11 16
12 3 0 1 14
12 3 2 12 19
12 3 17 12 14
10 16 0 1 25
10 16 2 12 12
10 16 17 12 11
5 14 0 1 18
5 14 2 12 5
5 14 17 12 14
12 3 6 9 12
12 3 16 6 7
12 3 7 19 21
10 16 6 9 11
10 16 16 6 16
10 16 7 19 6
5 14 6 9 6
5 14 16 6 19
5 14 7 19 7
12 3 19 8 12
12 3 9 14 14
12 3 18 17 20
10 16 19 8 17
10 16 9 14 3
10 16 18 17 9
5 14 19 8 20
5 14 9 14 4
5 14 18 17 16
12 3 5 7 11
12 3 15 2 4
12 3 1 2 12
10 16 5 7 14
10 16 15 2 19
10 16 1 2 23
5 14 5 7 7
5 14 15 2 22
5 14 1 2 16
12 3 18 0 9
12 3 18 18 21
12 3 3 6 12
10 16 18 0 24
10 16 18 18 10
10 16 3 6 17
5 14 18 0 27
5 14 18 18 17
5 14 3 6 10
12 3 9 2 4
12 3 0 10 19
12 3 15 16 16
10 16 9 2 15
10 16 0 10 16
10 16 15 16 5
5 14 9 2 16
5 14 0 10 9
5 14 15 16 12
5 7 10 10 8
15 2 10 10 13
1 2 10 10 17
5 7 17 2 17
5 7 3 19 14
5 7 10 13 11
5 7 8 10 6
15 2 17 2 2
15 2 3 19 29
15 2 10 13 16
15 2 8 10 15
1 2 17 2 16
1 2 3 19 19
1 2 10 13 20
1 2 8 10 15
5 7 15 4 13
5 7 6 7 1
5 7 19 6 15
15 2 15 4 2
15 2 6 7 14
15 2 19 6 8
1 2 15 4 16
1 2 6 7 10
1 2 19 6 22
5 7 10 0 12
5 7 8 15 11
5 7 5 15 8
15 2 10 0 7
15 2 8 15 20
15 2 5 15 23
1 2 10 0 11
1 2 8 15 20
1 2 5 15 17
5 7 11 9 8
5 7 2 1 9
5 7 11 18 17
15 2 11 9 11
15 2 2 1 14
15 2 11 18 20
1 2 11 9 17
1 2 2 1 2
1 2 11 18 26
5 7 6 10 4
5 7 0 17 15
5 7 19 10 17
15 2 6 10 17
15 2 0 17 30
15 2 19 10 12
1 2 6 10 13
1 2 0 17 16
1 2 19 10 26
5 7 4 2 6
5 7 4 14 8
5 7 18 11 17
15 2 4 2 11
15 2 4 14 23
15 2 18 11 12
1 2 4 2 3
1 2 4 14 15
1 2 18 11 26
5 7 0 1 11
5 7 2 12 8
5 7 17 12 17
15 2 0 1 16
15 2 2 12 23
15 2 17 12 12
1 2 0 1 2
1 2 2 12 11
1 2 17 12 26
5 7 6 9 3
5 7 16 6 12
5 7 7 19 14
15 2 6 9 16
15 2 16 6 5
15 2 7 19 25
1 2 6 9 12
1 2 16 6 19
1 2 7 19 23
5 7 19 8 15
5 7 9 14 11
5 7 18 17 23
15 2 19 8 10
15 2 9 14 18
15 2 18 17 18
1 2 19 8 24
1 2 9 14 20
1 2 18 17 32
5 7 12 3 11
5 7 10 16 14
5 7 5 14 7
15 2 12 3 4
15 2 10 16 19
15 2 5 14 22
1 2 12 3 12
1 2 10 16 23
1 2 5 14 16
5 7 18 0 20
5 7 18 18 24
5 7 3 6 3
15 2 18 0 5
15 2 18 18 19
15 2 3 6 16
1 2 18 0 19
1 2 18 18 33
1 2 3 6 6
5 7 9 2 9
5 7 0 10 8
5 7 15 16 19
15 2 9 2 6
15 2 0 10 23
15 2 15 16 14
1 2 9 2 8
1 2 0 10 9
1 2 15 16 28
18 0 10 10 18
18 18 10 10 16
3 6 10 10 11
18 0 17 2 3
18 0 3 19 34
18 0 10 13 21
18 0 8 10 20
18 18 17 2 17
18 18 3 19 16
18 18 10 13 13
18 18 8 10 18
3 6 17 2 18
3 6 3 19 13
3 6 10 13 14
3 6 8 10 9
18 0 15 4 7
18 0 6 7 19
18 0 19 6 7
18 18 15 4 17
18 18 6 7 23
18 18 19 6 13
3 6 15 4 14
3 6 6 7 4
3 6 19 6 16
18 0 10 0 8
18 0 8 15 25
18 0 5 15 28
18 18 10 0 26
18 18 8 15 13
18 18 5 15 16
3 6 10 0 13
3 6 8 15 14
3 6 5 15 11
18 0 11 9 16
18 0 2 1 17
18 0 11 18 25
18 18 11 9 16
18 18 2 1 33
18 18 11 18 7
3 6 11 9 11
3 6 2 1 6
3 6 11 18 20
18 0 6 10 22
18 0 0 17 35
18 0 19 10 11
18 18 6 10 20
18 18 0 17 19
18 18 19 10 9
3 6 6 10 7
3 6 0 17 14
3 6 19 10 20
18 0 4 2 16
18 0 4 14 28
18 0 18 11 11
18 18 4 2 30
18 18 4 14 18
18 18 18 11 7
3 6 4 2 5
3 6 4 14 9
3 6 18 11 20
18 0 0 1 19
18 0 2 12 28
18 0 17 12 13
18 18 0 1 35
18 18 2 12 22
18 18 17 12 7
3 6 0 1 8
3 6 2 12 7
3 6 17 12 20
18 0 6 9 21
18 0 16 6 8
18 0 7 19 30
18 18 6 9 21
18 18 16 6 14
18 18 7 19 12
3 6 6 9 6
3 6 16 6 13
3 6 7 19 17
18 0 19 8 9
18 0 9 14 23
18 0 18 17 17
18 18 19 8 11
18 18 9 14 13
18 18 18 17 1
3 6 19 8 18
3 6 9 14 14
3 6 18 17 26
18 0 12 3 9
18 0 10 16 24
18 0 5 14 27
18 18 12 3 21
18 18 10 16 10
18 18 5 14 17
3 6 12 3 12
3 6 10 16 17
3 6 5 14 10
18 0 5 7 20
18 0 15 2 5
18 0 1 2 19
18 18 5 7 24
18 18 15 2 19
18 18 1 2 33
3 6 5 7 3
3 6 15 2 16
3 6 1 2 6
18 0 9 2 11
18 0 0 10 28
18 0 15 16 19
18 18 9 2 25
18 18 0 10 26
18 18 15 16 5
3 6 9 2 10
3 6 0 10 7
3 6 15 16 22
9 2 10 10 9
0 10 10 10 10
15 16 10 10 11
9 2 17 2 8
9 2 3 19 23
9 2 10 13 12
9 2 8 10 9
0 10 17 2 25
0 10 3 19 12
0 10 10 13 13
0 10 8 10 8
15 16 17 2 16
15 16 3 19 15
15 16 10 13 8
15 16 8 10 13
9 2 15 4 8
9 2 6 7 8
9 2 19 6 14
0 10 15 4 21
0 10 6 7 9
0 10 19 6 23
15 16 15 4 12
15 16 6 7 18
15 16 19 6 14
9 2 10 0 3
9 2 8 15 14
9 2 5 15 17
0 10 10 0 20
0 10 8 15 13
0 10 5 15 10
15 16 10 0 21
15 16 8 15 8
15 16 5 15 11
9 2 11 9 9
9 2 2 1 8
9 2 11 18 18
0 10 11 9 12
0 10 2 1 11
0 10 11 18 19
15 16 11 9 11
15 16 2 1 28
15 16 11 18 6
9 2 6 10 11
9 2 0 17 24
9 2 19 10 18
0 10 6 10 6
0 10 0 17 7
0 10 19 10 19
15 16 6 10 15
15 16 0 17 16
15 16 19 10 10
9 2 4 2 5
9 2 4 14 17
9 2 18 11 18
0 10 4 2 12
0 10 4 14 8
0 10 18 11 19
15 16 4 2 25
15 16 4 14 13
15 16 18 11 8
9 2 0 1 10
9 2 2 12 17
9 2 17 12 18
0 10 0 1 9
0 10 2 12 4
0 10 17 12 19
15 16 0 1 30
15 16 2 12 17
15 16 17 12 6
9 2 6 9 10
9 2 16 6 11
9 2 7 19 19
0 10 6 9 7
0 10 16 6 20
0 10 7 19 16
15 16 6 9 16
15 16 16 6 11
15 16 7 19 11
9 2 19 8 16
9 2 9 14 12
9 2 18 17 24
0 10 19 8 21
0 10 9 14 13
0 10 18 17 25
15 16 19 8 12
15 16 9 14 8
15 16 18 17 4
9 2 12 3 4
9 2 10 16 15
9 2 5 14 16
0 10 12 3 19
0 10 10 16 16
0 10 5 14 9
15 16 12 3 16
15 16 10 16 5
15 16 5 14 12
9 2 5 7 9
9 2 15 2 6
9 2 1 2 8
0 10 5 7 8
0 10 15 2 23
0 10 1 2 9
15 16 5 7 19
15 16 15 2 14
15 16 1 2 28
9 2 18 0 11
9 2 18 18 25
9 2 3 6 10
0 10 18 0 28
0 10 18 18 26
0 10 3 6 7
15 16 18 0 19
15 16 18 18 5
15 16 3 6 22
