1600 70 8 5 40
8 Clusters:
0 17 35 0
1 3 2 6
1 3 3 6
1 4 3 6
1 3 4 6
2 36 7 25
2 34 11 25
2 34 14 25
2 29 3 25
2 37 15 25
2 35 15 25
2 37 17 25
3 1 33 12
3 4 35 12
3 2 24 12
3 0 23 12
4 36 35 31
4 35 25 31
4 29 36 31
4 38 31 31
4 38 30 31
4 25 37 31
4 32 28 31
4 33 35 31
5 24 22 14
5 22 9 14
5 19 11 14
5 19 26 14
5 22 24 14
5 33 18 14
5 21 10 14
5 25 12 14
5 28 26 14
5 9 22 14
5 28 24 14
5 24 8 14
5 31 12 14
5 12 16 14
5 23 9 14
5 10 22 14
6 19 31 19
6 11 37 19
6 19 38 19
6 6 31 19
6 26 31 19
6 4 30 19
6 24 37 19
6 10 32 19
6 16 34 19
6 20 38 19
6 8 33 19
6 21 39 19
6 14 37 19
6 6 27 19
7 5 10 17
7 6 22 17
7 2 12 17
7 0 12 17
7 1 16 17
7 3 11 17
7 4 14 17
7 2 17 17
7 3 15 17
7 7 14 17
8 12 3 21
8 9 3 21
8 12 10 21
8 23 2 21
8 16 5 21
8 24 6 21
4166 Arcs:
17 35 3 2 47
17 35 3 3 46
17 35 4 3 45
17 35 3 4 45
17 35 36 7 47
17 35 34 11 41
17 35 34 14 38
17 35 29 3 44
17 35 37 15 40
17 35 35 15 38
17 35 37 17 38
17 35 1 33 18
17 35 4 35 13
17 35 2 24 26
17 35 0 23 29
17 35 36 35 19
17 35 35 25 28
17 35 29 36 13
17 35 38 31 25
17 35 38 30 26
17 35 25 37 10
17 35 32 28 22
17 35 33 35 16
17 35 24 22 20
17 35 22 9 31
17 35 19 11 26
17 35 19 26 11
17 35 22 24 16
17 35 33 18 33
17 35 21 10 29
17 35 25 12 31
17 35 28 26 20
17 35 9 22 21
17 35 28 24 22
17 35 24 8 34
17 35 31 12 37
17 35 12 16 24
17 35 23 9 32
17 35 10 22 20
17 35 19 31 6
17 35 11 37 8
17 35 19 38 5
17 35 6 31 15
17 35 26 31 13
17 35 4 30 18
17 35 24 37 9
17 35 10 32 10
17 35 16 34 2
17 35 20 38 6
17 35 8 33 11
17 35 21 39 8
17 35 14 37 5
17 35 6 27 19
17 35 5 10 37
17 35 6 22 24
17 35 2 12 38
17 35 0 12 40
17 35 1 16 35
17 35 3 11 38
17 35 4 14 34
17 35 2 17 33
17 35 3 15 34
17 35 7 14 31
17 35 12 3 37
17 35 9 3 40
17 35 12 10 30
17 35 23 2 39
17 35 16 5 31
17 35 24 6 36
3 2 17 35 47
3 3 17 35 46
4 3 17 35 45
3 4 17 35 45
3 2 36 7 38
3 2 34 11 40
3 2 34 14 43
3 2 29 3 27
3 2 37 15 47
3 2 35 15 45
3 2 37 17 49
3 3 36 7 37
3 3 34 11 39
3 3 34 14 42
3 3 29 3 26
3 3 37 15 46
3 3 35 15 44
3 3 37 17 48
4 3 36 7 36
4 3 34 11 38
4 3 34 14 41
4 3 29 3 25
4 3 37 15 45
4 3 35 15 43
4 3 37 17 47
3 4 36 7 36
3 4 34 11 38
3 4 34 14 41
3 4 29 3 27
3 4 37 15 45
3 4 35 15 43
3 4 37 17 47
3 2 1 33 33
3 2 4 35 34
3 2 2 24 23
3 2 0 23 24
3 3 1 33 32
3 3 4 35 33
3 3 2 24 22
3 3 0 23 23
4 3 1 33 33
4 3 4 35 32
4 3 2 24 23
4 3 0 23 24
3 4 1 33 31
3 4 4 35 32
3 4 2 24 21
3 4 0 23 22
3 2 36 35 66
3 2 35 25 55
3 2 29 36 60
3 2 38 31 64
3 2 38 30 63
3 2 25 37 57
3 2 32 28 55
3 2 33 35 63
3 3 36 35 65
3 3 35 25 54
3 3 29 36 59
3 3 38 31 63
3 3 38 30 62
3 3 25 37 56
3 3 32 28 54
3 3 33 35 62
4 3 36 35 64
4 3 35 25 53
4 3 29 36 58
4 3 38 31 62
4 3 38 30 61
4 3 25 37 55
4 3 32 28 53
4 3 33 35 61
3 4 36 35 64
3 4 35 25 53
3 4 29 36 58
3 4 38 31 62
3 4 38 30 61
3 4 25 37 55
3 4 32 28 53
3 4 33 35 61
3 2 24 22 41
3 2 22 9 26
3 2 19 11 25
3 2 19 26 40
3 2 22 24 41
3 2 33 18 46
3 2 21 10 26
3 2 25 12 32
3 2 28 26 49
3 2 9 22 26
3 2 28 24 47
3 2 24 8 27
3 2 31 12 38
3 2 12 16 23
3 2 23 9 27
3 2 10 22 27
3 3 24 22 40
3 3 22 9 25
3 3 19 11 24
3 3 19 26 39
3 3 22 24 40
3 3 33 18 45
3 3 21 10 25
3 3 25 12 31
3 3 28 26 48
3 3 9 22 25
3 3 28 24 46
3 3 24 8 26
3 3 31 12 37
3 3 12 16 22
3 3 23 9 26
3 3 10 22 26
4 3 24 22 39
4 3 22 9 24
4 3 19 11 23
4 3 19 26 38
4 3 22 24 39
4 3 33 18 44
4 3 21 10 24
4 3 25 12 30
4 3 28 26 47
4 3 9 22 24
4 3 28 24 45
4 3 24 8 25
4 3 31 12 36
4 3 12 16 21
4 3 23 9 25
4 3 10 22 25
3 4 24 22 39
3 4 22 9 24
3 4 19 11 23
3 4 19 26 38
3 4 22 24 39
3 4 33 18 44
3 4 21 10 24
3 4 25 12 30
3 4 28 26 47
3 4 9 22 24
3 4 28 24 45
3 4 24 8 25
3 4 31 12 36
3 4 12 16 21
3 4 23 9 25
3 4 10 22 25
3 2 19 31 45
3 2 11 37 43
3 2 19 38 52
3 2 6 31 32
3 2 26 31 52
3 2 4 30 29
3 2 24 37 56
3 2 10 32 37
3 2 16 34 45
3 2 20 38 53
3 2 8 33 36
3 2 21 39 55
3 2 14 37 46
3 2 6 27 28
3 3 19 31 44
3 3 11 37 42
3 3 19 38 51
3 3 6 31 31
3 3 26 31 51
3 3 4 30 28
3 3 24 37 55
3 3 10 32 36
3 3 16 34 44
3 3 20 38 52
3 3 8 33 35
3 3 21 39 54
3 3 14 37 45
3 3 6 27 27
4 3 19 31 43
4 3 11 37 41
4 3 19 38 50
4 3 6 31 30
4 3 26 31 50
4 3 4 30 27
4 3 24 37 54
4 3 10 32 35
4 3 16 34 43
4 3 20 38 51
4 3 8 33 34
4 3 21 39 53
4 3 14 37 44
4 3 6 27 26
3 4 19 31 43
3 4 11 37 41
3 4 19 38 50
3 4 6 31 30
3 4 26 31 50
3 4 4 30 27
3 4 24 37 54
3 4 10 32 35
3 4 16 34 43
3 4 20 38 51
3 4 8 33 34
3 4 21 39 53
3 4 14 37 44
3 4 6 27 26
3 2 5 10 10
3 2 6 22 23
3 2 2 12 11
3 2 0 12 13
3 2 1 16 16
3 2 3 11 9
3 2 4 14 13
3 2 2 17 16
3 2 3 15 13
3 2 7 14 16
3 3 5 10 9
3 3 6 22 22
3 3 2 12 10
3 3 0 12 12
3 3 1 16 15
3 3 3 11 8
3 3 4 14 12
3 3 2 17 15
3 3 3 15 12
3 3 7 14 15
4 3 5 10 8
4 3 6 22 21
4 3 2 12 11
4 3 0 12 13
4 3 1 16 16
4 3 3 11 9
4 3 4 14 11
4 3 2 17 16
4 3 3 15 13
4 3 7 14 14
3 4 5 10 8
3 4 6 22 21
3 4 2 12 9
3 4 0 12 11
3 4 1 16 14
3 4 3 11 7
3 4 4 14 11
3 4 2 17 14
3 4 3 15 11
3 4 7 14 14
3 2 12 3 10
3 2 9 3 7
3 2 12 10 17
3 2 23 2 20
3 2 16 5 16
3 2 24 6 25
3 3 12 3 9
3 3 9 3 6
3 3 12 10 16
3 3 23 2 21
3 3 16 5 15
3 3 24 6 24
4 3 12 3 8
4 3 9 3 5
4 3 12 10 15
4 3 23 2 20
4 3 16 5 14
4 3 24 6 23
3 4 12 3 10
3 4 9 3 7
3 4 12 10 15
3 4 23 2 22
3 4 16 5 14
3 4 24 6 23
36 7 17 35 47
34 11 17 35 41
34 14 17 35 38
29 3 17 35 44
37 15 17 35 40
35 15 17 35 38
37 17 17 35 38
36 7 3 2 38
36 7 3 3 37
36 7 4 3 36
36 7 3 4 36
34 11 3 2 40
34 11 3 3 39
34 11 4 3 38
34 11 3 4 38
34 14 3 2 43
34 14 3 3 42
34 14 4 3 41
34 14 3 4 41
29 3 3 2 27
29 3 3 3 26
29 3 4 3 25
29 3 3 4 27
37 15 3 2 47
37 15 3 3 46
37 15 4 3 45
37 15 3 4 45
35 15 3 2 45
35 15 3 3 44
35 15 4 3 43
35 15 3 4 43
37 17 3 2 49
37 17 3 3 48
37 17 4 3 47
37 17 3 4 47
36 7 1 33 61
36 7 4 35 60
36 7 2 24 51
36 7 0 23 52
34 11 1 33 55
34 11 4 35 54
34 11 2 24 45
34 11 0 23 46
34 14 1 33 52
34 14 4 35 51
34 14 2 24 42
34 14 0 23 43
29 3 1 33 58
29 3 4 35 57
29 3 2 24 48
29 3 0 23 49
37 15 1 33 54
37 15 4 35 53
37 15 2 24 44
37 15 0 23 45
35 15 1 33 52
35 15 4 35 51
35 15 2 24 42
35 15 0 23 43
37 17 1 33 52
37 17 4 35 51
37 17 2 24 42
37 17 0 23 43
36 7 36 35 28
36 7 35 25 19
36 7 29 36 36
36 7 38 31 26
36 7 38 30 25
36 7 25 37 41
36 7 32 28 25
36 7 33 35 31
34 11 36 35 26
34 11 35 25 15
34 11 29 36 30
34 11 38 31 24
34 11 38 30 23
34 11 25 37 35
34 11 32 28 19
34 11 33 35 25
34 14 36 35 23
34 14 35 25 12
34 14 29 36 27
34 14 38 31 21
34 14 38 30 20
34 14 25 37 32
34 14 32 28 16
34 14 33 35 22
29 3 36 35 39
29 3 35 25 28
29 3 29 36 33
29 3 38 31 37
29 3 38 30 36
29 3 25 37 38
29 3 32 28 28
29 3 33 35 36
37 15 36 35 21
37 15 35 25 12
37 15 29 36 29
37 15 38 31 17
37 15 38 30 16
37 15 25 37 34
37 15 32 28 18
37 15 33 35 24
35 15 36 35 21
35 15 35 25 10
35 15 29 36 27
35 15 38 31 19
35 15 38 30 18
35 15 25 37 32
35 15 32 28 16
35 15 33 35 22
37 17 36 35 19
37 17 35 25 10
37 17 29 36 27
37 17 38 31 15
37 17 38 30 14
37 17 25 37 32
37 17 32 28 16
37 17 33 35 22
36 7 24 22 27
36 7 22 9 16
36 7 19 11 21
36 7 19 26 36
36 7 22 24 31
36 7 33 18 14
36 7 21 10 18
36 7 25 12 16
36 7 28 26 27
36 7 9 22 42
36 7 28 24 25
36 7 24 8 13
36 7 31 12 10
36 7 12 16 33
36 7 23 9 15
36 7 10 22 41
34 11 24 22 21
34 11 22 9 14
34 11 19 11 15
34 11 19 26 30
34 11 22 24 25
34 11 33 18 8
34 11 21 10 14
34 11 25 12 10
34 11 28 26 21
34 11 9 22 36
34 11 28 24 19
34 11 24 8 13
34 11 31 12 4
34 11 12 16 27
34 11 23 9 13
34 11 10 22 35
34 14 24 22 18
34 14 22 9 17
34 14 19 11 18
34 14 19 26 27
34 14 22 24 22
34 14 33 18 5
34 14 21 10 17
34 14 25 12 11
34 14 28 26 18
34 14 9 22 33
34 14 28 24 16
34 14 24 8 16
34 14 31 12 5
34 14 12 16 24
34 14 23 9 16
34 14 10 22 32
29 3 24 22 24
29 3 22 9 13
29 3 19 11 18
29 3 19 26 33
29 3 22 24 28
29 3 33 18 19
29 3 21 10 15
29 3 25 12 13
29 3 28 26 24
29 3 9 22 39
29 3 28 24 22
29 3 24 8 10
29 3 31 12 11
29 3 12 16 30
29 3 23 9 12
29 3 10 22 38
37 15 24 22 20
37 15 22 9 21
37 15 19 11 22
37 15 19 26 29
37 15 22 24 24
37 15 33 18 7
37 15 21 10 21
37 15 25 12 15
37 15 28 26 20
37 15 9 22 35
37 15 28 24 18
37 15 24 8 20
37 15 31 12 9
37 15 12 16 26
37 15 23 9 20
37 15 10 22 34
35 15 24 22 18
35 15 22 9 19
35 15 19 11 20
35 15 19 26 27
35 15 22 24 22
35 15 33 18 5
35 15 21 10 19
35 15 25 12 13
35 15 28 26 18
35 15 9 22 33
35 15 28 24 16
35 15 24 8 18
35 15 31 12 7
35 15 12 16 24
35 15 23 9 18
35 15 10 22 32
37 17 24 22 18
37 17 22 9 23
37 17 19 11 24
37 17 19 26 27
37 17 22 24 22
37 17 33 18 5
37 17 21 10 23
37 17 25 12 17
37 17 28 26 18
37 17 9 22 33
37 17 28 24 16
37 17 24 8 22
37 17 31 12 11
37 17 12 16 26
37 17 23 9 22
37 17 10 22 32
36 7 19 31 41
36 7 11 37 55
36 7 19 38 48
36 7 6 31 54
36 7 26 31 34
36 7 4 30 55
36 7 24 37 42
36 7 10 32 51
36 7 16 34 47
36 7 20 38 47
36 7 8 33 54
36 7 21 39 47
36 7 14 37 52
36 7 6 27 50
34 11 19 31 35
34 11 11 37 49
34 11 19 38 42
34 11 6 31 48
34 11 26 31 28
34 11 4 30 49
34 11 24 37 36
34 11 10 32 45
34 11 16 34 41
34 11 20 38 41
34 11 8 33 48
34 11 21 39 41
34 11 14 37 46
34 11 6 27 44
34 14 19 31 32
34 14 11 37 46
34 14 19 38 39
34 14 6 31 45
34 14 26 31 25
34 14 4 30 46
34 14 24 37 33
34 14 10 32 42
34 14 16 34 38
34 14 20 38 38
34 14 8 33 45
34 14 21 39 38
34 14 14 37 43
34 14 6 27 41
29 3 19 31 38
29 3 11 37 52
29 3 19 38 45
29 3 6 31 51
29 3 26 31 31
29 3 4 30 52
29 3 24 37 39
29 3 10 32 48
29 3 16 34 44
29 3 20 38 44
29 3 8 33 51
29 3 21 39 44
29 3 14 37 49
29 3 6 27 47
37 15 19 31 34
37 15 11 37 48
37 15 19 38 41
37 15 6 31 47
37 15 26 31 27
37 15 4 30 48
37 15 24 37 35
37 15 10 32 44
37 15 16 34 40
37 15 20 38 40
37 15 8 33 47
37 15 21 39 40
37 15 14 37 45
37 15 6 27 43
35 15 19 31 32
35 15 11 37 46
35 15 19 38 39
35 15 6 31 45
35 15 26 31 25
35 15 4 30 46
35 15 24 37 33
35 15 10 32 42
35 15 16 34 38
35 15 20 38 38
35 15 8 33 45
35 15 21 39 38
35 15 14 37 43
35 15 6 27 41
37 17 19 31 32
37 17 11 37 46
37 17 19 38 39
37 17 6 31 45
37 17 26 31 25
37 17 4 30 46
37 17 24 37 33
37 17 10 32 42
37 17 16 34 38
37 17 20 38 38
37 17 8 33 45
37 17 21 39 38
37 17 14 37 43
37 17 6 27 41
36 7 5 10 34
36 7 6 22 45
36 7 2 12 39
36 7 0 12 41
36 7 1 16 44
36 7 3 11 37
36 7 4 14 39
36 7 2 17 44
36 7 3 15 41
36 7 7 14 36
34 11 5 10 30
34 11 6 22 39
34 11 2 12 33
34 11 0 12 35
34 11 1 16 38
34 11 3 11 31
34 11 4 14 33
34 11 2 17 38
34 11 3 15 35
34 11 7 14 30
34 14 5 10 33
34 14 6 22 36
34 14 2 12 34
34 14 0 12 36
34 14 1 16 35
34 14 3 11 34
34 14 4 14 30
34 14 2 17 35
34 14 3 15 32
34 14 7 14 27
29 3 5 10 31
29 3 6 22 42
29 3 2 12 36
29 3 0 12 38
29 3 1 16 41
29 3 3 11 34
29 3 4 14 36
29 3 2 17 41
29 3 3 15 38
29 3 7 14 33
37 15 5 10 37
37 15 6 22 38
37 15 2 12 38
37 15 0 12 40
37 15 1 16 37
37 15 3 11 38
37 15 4 14 34
37 15 2 17 37
37 15 3 15 34
37 15 7 14 31
35 15 5 10 35
35 15 6 22 36
35 15 2 12 36
35 15 0 12 38
35 15 1 16 35
35 15 3 11 36
35 15 4 14 32
35 15 2 17 35
35 15 3 15 32
35 15 7 14 29
37 17 5 10 39
37 17 6 22 36
37 17 2 12 40
37 17 0 12 42
37 17 1 16 37
37 17 3 11 40
37 17 4 14 36
37 17 2 17 35
37 17 3 15 36
37 17 7 14 33
36 7 12 3 28
36 7 9 3 31
36 7 12 10 27
36 7 23 2 18
36 7 16 5 22
36 7 24 6 13
34 11 12 3 30
34 11 9 3 33
34 11 12 10 23
34 11 23 2 20
34 11 16 5 24
34 11 24 6 15
34 14 12 3 33
34 14 9 3 36
34 14 12 10 26
34 14 23 2 23
34 14 16 5 27
34 14 24 6 18
29 3 12 3 17
29 3 9 3 20
29 3 12 10 24
29 3 23 2 7
29 3 16 5 15
29 3 24 6 8
37 15 12 3 37
37 15 9 3 40
37 15 12 10 30
37 15 23 2 27
37 15 16 5 31
37 15 24 6 22
35 15 12 3 35
35 15 9 3 38
35 15 12 10 28
35 15 23 2 25
35 15 16 5 29
35 15 24 6 20
37 17 12 3 39
37 17 9 3 42
37 17 12 10 32
37 17 23 2 29
37 17 16 5 33
37 17 24 6 24
1 33 17 35 18
4 35 17 35 13
2 24 17 35 26
0 23 17 35 29
1 33 3 2 33
1 33 3 3 32
1 33 4 3 33
1 33 3 4 31
4 35 3 2 34
4 35 3 3 33
4 35 4 3 32
4 35 3 4 32
2 24 3 2 23
2 24 3 3 22
2 24 4 3 23
2 24 3 4 21
0 23 3 2 24
0 23 3 3 23
0 23 4 3 24
0 23 3 4 22
1 33 36 7 61
1 33 34 11 55
1 33 34 14 52
1 33 29 3 58
1 33 37 15 54
1 33 35 15 52
1 33 37 17 52
4 35 36 7 60
4 35 34 11 54
4 35 34 14 51
4 35 29 3 57
4 35 37 15 53
4 35 35 15 51
4 35 37 17 51
2 24 36 7 51
2 24 34 11 45
2 24 34 14 42
2 24 29 3 48
2 24 37 15 44
2 24 35 15 42
2 24 37 17 42
0 23 36 7 52
0 23 34 11 46
0 23 34 14 43
0 23 29 3 49
0 23 37 15 45
0 23 35 15 43
0 23 37 17 43
1 33 36 35 37
1 33 35 25 42
1 33 29 36 31
1 33 38 31 39
1 33 38 30 40
1 33 25 37 28
1 33 32 28 36
1 33 33 35 34
4 35 36 35 32
4 35 35 25 41
4 35 29 36 26
4 35 38 31 38
4 35 38 30 39
4 35 25 37 23
4 35 32 28 35
4 35 33 35 29
2 24 36 35 45
2 24 35 25 34
2 24 29 36 39
2 24 38 31 43
2 24 38 30 42
2 24 25 37 36
2 24 32 28 34
2 24 33 35 42
0 23 36 35 48
0 23 35 25 37
0 23 29 36 42
0 23 38 31 46
0 23 38 30 45
0 23 25 37 39
0 23 32 28 37
0 23 33 35 45
1 33 24 22 34
1 33 22 9 45
1 33 19 11 40
1 33 19 26 25
1 33 22 24 30
1 33 33 18 47
1 33 21 10 43
1 33 25 12 45
1 33 28 26 34
1 33 9 22 19
1 33 28 24 36
1 33 24 8 48
1 33 31 12 51
1 33 12 16 28
1 33 23 9 46
1 33 10 22 20
4 35 24 22 33
4 35 22 9 44
4 35 19 11 39
4 35 19 26 24
4 35 22 24 29
4 35 33 18 46
4 35 21 10 42
4 35 25 12 44
4 35 28 26 33
4 35 9 22 18
4 35 28 24 35
4 35 24 8 47
4 35 31 12 50
4 35 12 16 27
4 35 23 9 45
4 35 10 22 19
2 24 24 22 24
2 24 22 9 35
2 24 19 11 30
2 24 19 26 19
2 24 22 24 20
2 24 33 18 37
2 24 21 10 33
2 24 25 12 35
2 24 28 26 28
2 24 9 22 9
2 24 28 24 26
2 24 24 8 38
2 24 31 12 41
2 24 12 16 18
2 24 23 9 36
2 24 10 22 10
0 23 24 22 25
0 23 22 9 36
0 23 19 11 31
0 23 19 26 22
0 23 22 24 23
0 23 33 18 38
0 23 21 10 34
0 23 25 12 36
0 23 28 26 31
0 23 9 22 10
0 23 28 24 29
0 23 24 8 39
0 23 31 12 42
0 23 12 16 19
0 23 23 9 37
0 23 10 22 11
1 33 19 31 20
1 33 11 37 14
1 33 19 38 23
1 33 6 31 7
1 33 26 31 27
1 33 4 30 6
1 33 24 37 27
1 33 10 32 10
1 33 16 34 16
1 33 20 38 24
1 33 8 33 7
1 33 21 39 26
1 33 14 37 17
1 33 6 27 11
4 35 19 31 19
4 35 11 37 9
4 35 19 38 18
4 35 6 31 6
4 35 26 31 26
4 35 4 30 5
4 35 24 37 22
4 35 10 32 9
4 35 16 34 13
4 35 20 38 19
4 35 8 33 6
4 35 21 39 21
4 35 14 37 12
4 35 6 27 10
2 24 19 31 24
2 24 11 37 22
2 24 19 38 31
2 24 6 31 11
2 24 26 31 31
2 24 4 30 8
2 24 24 37 35
2 24 10 32 16
2 24 16 34 24
2 24 20 38 32
2 24 8 33 15
2 24 21 39 34
2 24 14 37 25
2 24 6 27 7
0 23 19 31 27
0 23 11 37 25
0 23 19 38 34
0 23 6 31 14
0 23 26 31 34
0 23 4 30 11
0 23 24 37 38
0 23 10 32 19
0 23 16 34 27
0 23 20 38 35
0 23 8 33 18
0 23 21 39 37
0 23 14 37 28
0 23 6 27 10
1 33 5 10 27
1 33 6 22 16
1 33 2 12 22
1 33 0 12 22
1 33 1 16 17
1 33 3 11 24
1 33 4 14 22
1 33 2 17 17
1 33 3 15 20
1 33 7 14 25
4 35 5 10 26
4 35 6 22 15
4 35 2 12 25
4 35 0 12 27
4 35 1 16 22
4 35 3 11 25
4 35 4 14 21
4 35 2 17 20
4 35 3 15 21
4 35 7 14 24
2 24 5 10 17
2 24 6 22 6
2 24 2 12 12
2 24 0 12 14
2 24 1 16 9
2 24 3 11 14
2 24 4 14 12
2 24 2 17 7
2 24 3 15 10
2 24 7 14 15
0 23 5 10 18
0 23 6 22 7
0 23 2 12 13
0 23 0 12 11
0 23 1 16 8
0 23 3 11 15
0 23 4 14 13
0 23 2 17 8
0 23 3 15 11
0 23 7 14 16
1 33 12 3 41
1 33 9 3 38
1 33 12 10 34
1 33 23 2 53
1 33 16 5 43
1 33 24 6 50
4 35 12 3 40
4 35 9 3 37
4 35 12 10 33
4 35 23 2 52
4 35 16 5 42
4 35 24 6 49
2 24 12 3 31
2 24 9 3 28
2 24 12 10 24
2 24 23 2 43
2 24 16 5 33
2 24 24 6 40
0 23 12 3 32
0 23 9 3 29
0 23 12 10 25
0 23 23 2 44
0 23 16 5 34
0 23 24 6 41
36 35 17 35 19
35 25 17 35 28
29 36 17 35 13
38 31 17 35 25
38 30 17 35 26
25 37 17 35 10
32 28 17 35 22
33 35 17 35 16
36 35 3 2 66
36 35 3 3 65
36 35 4 3 64
36 35 3 4 64
35 25 3 2 55
35 25 3 3 54
35 25 4 3 53
35 25 3 4 53
29 36 3 2 60
29 36 3 3 59
29 36 4 3 58
29 36 3 4 58
38 31 3 2 64
38 31 3 3 63
38 31 4 3 62
38 31 3 4 62
38 30 3 2 63
38 30 3 3 62
38 30 4 3 61
38 30 3 4 61
25 37 3 2 57
25 37 3 3 56
25 37 4 3 55
25 37 3 4 55
32 28 3 2 55
32 28 3 3 54
32 28 4 3 53
32 28 3 4 53
33 35 3 2 63
33 35 3 3 62
33 35 4 3 61
33 35 3 4 61
36 35 36 7 28
36 35 34 11 26
36 35 34 14 23
36 35 29 3 39
36 35 37 15 21
36 35 35 15 21
36 35 37 17 19
35 25 36 7 19
35 25 34 11 15
35 25 34 14 12
35 25 29 3 28
35 25 37 15 12
35 25 35 15 10
35 25 37 17 10
29 36 36 7 36
29 36 34 11 30
29 36 34 14 27
29 36 29 3 33
29 36 37 15 29
29 36 35 15 27
29 36 37 17 27
38 31 36 7 26
38 31 34 11 24
38 31 34 14 21
38 31 29 3 37
38 31 37 15 17
38 31 35 15 19
38 31 37 17 15
38 30 36 7 25
38 30 34 11 23
38 30 34 14 20
38 30 29 3 36
38 30 37 15 16
38 30 35 15 18
38 30 37 17 14
25 37 36 7 41
25 37 34 11 35
25 37 34 14 32
25 37 29 3 38
25 37 37 15 34
25 37 35 15 32
25 37 37 17 32
32 28 36 7 25
32 28 34 11 19
32 28 34 14 16
32 28 29 3 28
32 28 37 15 18
32 28 35 15 16
32 28 37 17 16
33 35 36 7 31
33 35 34 11 25
33 35 34 14 22
33 35 29 3 36
33 35 37 15 24
33 35 35 15 22
33 35 37 17 22
36 35 1 33 37
36 35 4 35 32
36 35 2 24 45
36 35 0 23 48
35 25 1 33 42
35 25 4 35 41
35 25 2 24 34
35 25 0 23 37
29 36 1 33 31
29 36 4 35 26
29 36 2 24 39
29 36 0 23 42
38 31 1 33 39
38 31 4 35 38
38 31 2 24 43
38 31 0 23 46
38 30 1 33 40
38 30 4 35 39
38 30 2 24 42
38 30 0 23 45
25 37 1 33 28
25 37 4 35 23
25 37 2 24 36
25 37 0 23 39
32 28 1 33 36
32 28 4 35 35
32 28 2 24 34
32 28 0 23 37
33 35 1 33 34
33 35 4 35 29
33 35 2 24 42
33 35 0 23 45
36 35 24 22 25
36 35 22 9 40
36 35 19 11 41
36 35 19 26 26
36 35 22 24 25
36 35 33 18 20
36 35 21 10 40
36 35 25 12 34
36 35 28 26 17
36 35 9 22 40
36 35 28 24 19
36 35 24 8 39
36 35 31 12 28
36 35 12 16 43
36 35 23 9 39
36 35 10 22 39
35 25 24 22 14
35 25 22 9 29
35 25 19 11 30
35 25 19 26 17
35 25 22 24 14
35 25 33 18 9
35 25 21 10 29
35 25 25 12 23
35 25 28 26 8
35 25 9 22 29
35 25 28 24 8
35 25 24 8 28
35 25 31 12 17
35 25 12 16 32
35 25 23 9 28
35 25 10 22 28
29 36 24 22 19
29 36 22 9 34
29 36 19 11 35
29 36 19 26 20
29 36 22 24 19
29 36 33 18 22
29 36 21 10 34
29 36 25 12 28
29 36 28 26 11
29 36 9 22 34
29 36 28 24 13
29 36 24 8 33
29 36 31 12 26
29 36 12 16 37
29 36 23 9 33
29 36 10 22 33
38 31 24 22 23
38 31 22 9 38
38 31 19 11 39
38 31 19 26 24
38 31 22 24 23
38 31 33 18 18
38 31 21 10 38
38 31 25 12 32
38 31 28 26 15
38 31 9 22 38
38 31 28 24 17
38 31 24 8 37
38 31 31 12 26
38 31 12 16 41
38 31 23 9 37
38 31 10 22 37
38 30 24 22 22
38 30 22 9 37
38 30 19 11 38
38 30 19 26 23
38 30 22 24 22
38 30 33 18 17
38 30 21 10 37
38 30 25 12 31
38 30 28 26 14
38 30 9 22 37
38 30 28 24 16
38 30 24 8 36
38 30 31 12 25
38 30 12 16 40
38 30 23 9 36
38 30 10 22 36
25 37 24 22 16
25 37 22 9 31
25 37 19 11 32
25 37 19 26 17
25 37 22 24 16
25 37 33 18 27
25 37 21 10 31
25 37 25 12 25
25 37 28 26 14
25 37 9 22 31
25 37 28 24 16
25 37 24 8 30
25 37 31 12 31
25 37 12 16 34
25 37 23 9 30
25 37 10 22 30
32 28 24 22 14
32 28 22 9 29
32 28 19 11 30
32 28 19 26 15
32 28 22 24 14
32 28 33 18 11
32 28 21 10 29
32 28 25 12 23
32 28 28 26 6
32 28 9 22 29
32 28 28 24 8
32 28 24 8 28
32 28 31 12 17
32 28 12 16 32
32 28 23 9 28
32 28 10 22 28
33 35 24 22 22
33 35 22 9 37
33 35 19 11 38
33 35 19 26 23
33 35 22 24 22
33 35 33 18 17
33 35 21 10 37
33 35 25 12 31
33 35 28 26 14
33 35 9 22 37
33 35 28 24 16
33 35 24 8 36
33 35 31 12 25
33 35 12 16 40
33 35 23 9 36
33 35 10 22 36
36 35 19 31 21
36 35 11 37 27
36 35 19 38 20
36 35 6 31 34
36 35 26 31 14
36 35 4 30 37
36 35 24 37 14
36 35 10 32 29
36 35 16 34 21
36 35 20 38 19
36 35 8 33 30
36 35 21 39 19
36 35 14 37 24
36 35 6 27 38
35 25 19 31 22
35 25 11 37 36
35 25 19 38 29
35 25 6 31 35
35 25 26 31 15
35 25 4 30 36
35 25 24 37 23
35 25 10 32 32
35 25 16 34 28
35 25 20 38 28
35 25 8 33 35
35 25 21 39 28
35 25 14 37 33
35 25 6 27 31
29 36 19 31 15
29 36 11 37 19
29 36 19 38 12
29 36 6 31 28
29 36 26 31 8
29 36 4 30 31
29 36 24 37 6
29 36 10 32 23
29 36 16 34 15
29 36 20 38 11
29 36 8 33 24
29 36 21 39 11
29 36 14 37 16
29 36 6 27 32
38 31 19 31 19
38 31 11 37 33
38 31 19 38 26
38 31 6 31 32
38 31 26 31 12
38 31 4 30 35
38 31 24 37 20
38 31 10 32 29
38 31 16 34 25
38 31 20 38 25
38 31 8 33 32
38 31 21 39 25
38 31 14 37 30
38 31 6 27 36
38 30 19 31 20
38 30 11 37 34
38 30 19 38 27
38 30 6 31 33
38 30 26 31 13
38 30 4 30 34
38 30 24 37 21
38 30 10 32 30
38 30 16 34 26
38 30 20 38 26
38 30 8 33 33
38 30 21 39 26
38 30 14 37 31
38 30 6 27 35
25 37 19 31 12
25 37 11 37 14
25 37 19 38 7
25 37 6 31 25
25 37 26 31 7
25 37 4 30 28
25 37 24 37 1
25 37 10 32 20
25 37 16 34 12
25 37 20 38 6
25 37 8 33 21
25 37 21 39 6
25 37 14 37 11
25 37 6 27 29
32 28 19 31 16
32 28 11 37 30
32 28 19 38 23
32 28 6 31 29
32 28 26 31 9
32 28 4 30 30
32 28 24 37 17
32 28 10 32 26
32 28 16 34 22
32 28 20 38 22
32 28 8 33 29
32 28 21 39 22
32 28 14 37 27
32 28 6 27 27
33 35 19 31 18
33 35 11 37 24
33 35 19 38 17
33 35 6 31 31
33 35 26 31 11
33 35 4 30 34
33 35 24 37 11
33 35 10 32 26
33 35 16 34 18
33 35 20 38 16
33 35 8 33 27
33 35 21 39 16
33 35 14 37 21
33 35 6 27 35
36 35 5 10 56
36 35 6 22 43
36 35 2 12 57
36 35 0 12 59
36 35 1 16 54
36 35 3 11 57
36 35 4 14 53
36 35 2 17 52
36 35 3 15 53
36 35 7 14 50
35 25 5 10 45
35 25 6 22 32
35 25 2 12 46
35 25 0 12 48
35 25 1 16 43
35 25 3 11 46
35 25 4 14 42
35 25 2 17 41
35 25 3 15 42
35 25 7 14 39
29 36 5 10 50
29 36 6 22 37
29 36 2 12 51
29 36 0 12 53
29 36 1 16 48
29 36 3 11 51
29 36 4 14 47
29 36 2 17 46
29 36 3 15 47
29 36 7 14 44
38 31 5 10 54
38 31 6 22 41
38 31 2 12 55
38 31 0 12 57
38 31 1 16 52
38 31 3 11 55
38 31 4 14 51
38 31 2 17 50
38 31 3 15 51
38 31 7 14 48
38 30 5 10 53
38 30 6 22 40
38 30 2 12 54
38 30 0 12 56
38 30 1 16 51
38 30 3 11 54
38 30 4 14 50
38 30 2 17 49
38 30 3 15 50
38 30 7 14 47
25 37 5 10 47
25 37 6 22 34
25 37 2 12 48
25 37 0 12 50
25 37 1 16 45
25 37 3 11 48
25 37 4 14 44
25 37 2 17 43
25 37 3 15 44
25 37 7 14 41
32 28 5 10 45
32 28 6 22 32
32 28 2 12 46
32 28 0 12 48
32 28 1 16 43
32 28 3 11 46
32 28 4 14 42
32 28 2 17 41
32 28 3 15 42
32 28 7 14 39
33 35 5 10 53
33 35 6 22 40
33 35 2 12 54
33 35 0 12 56
33 35 1 16 51
33 35 3 11 54
33 35 4 14 50
33 35 2 17 49
33 35 3 15 50
33 35 7 14 47
36 35 12 3 56
36 35 9 3 59
36 35 12 10 49
36 35 23 2 46
36 35 16 5 50
36 35 24 6 41
35 25 12 3 45
35 25 9 3 48
35 25 12 10 38
35 25 23 2 35
35 25 16 5 39
35 25 24 6 30
29 36 12 3 50
29 36 9 3 53
29 36 12 10 43
29 36 23 2 40
29 36 16 5 44
29 36 24 6 35
38 31 12 3 54
38 31 9 3 57
38 31 12 10 47
38 31 23 2 44
38 31 16 5 48
38 31 24 6 39
38 30 12 3 53
38 30 9 3 56
38 30 12 10 46
38 30 23 2 43
38 30 16 5 47
38 30 24 6 38
25 37 12 3 47
25 37 9 3 50
25 37 12 10 40
25 37 23 2 37
25 37 16 5 41
25 37 24 6 32
32 28 12 3 45
32 28 9 3 48
32 28 12 10 38
32 28 23 2 35
32 28 16 5 39
32 28 24 6 30
33 35 12 3 53
33 35 9 3 56
33 35 12 10 46
33 35 23 2 43
33 35 16 5 47
33 35 24 6 38
24 22 17 35 20
22 9 17 35 31
19 11 17 35 26
19 26 17 35 11
22 24 17 35 16
33 18 17 35 33
21 10 17 35 29
25 12 17 35 31
28 26 17 35 20
9 22 17 35 21
28 24 17 35 22
24 8 17 35 34
31 12 17 35 37
12 16 17 35 24
23 9 17 35 32
10 22 17 35 20
24 22 3 2 41
24 22 3 3 40
24 22 4 3 39
24 22 3 4 39
22 9 3 2 26
22 9 3 3 25
22 9 4 3 24
22 9 3 4 24
19 11 3 2 25
19 11 3 3 24
19 11 4 3 23
19 11 3 4 23
19 26 3 2 40
19 26 3 3 39
19 26 4 3 38
19 26 3 4 38
22 24 3 2 41
22 24 3 3 40
22 24 4 3 39
22 24 3 4 39
33 18 3 2 46
33 18 3 3 45
33 18 4 3 44
33 18 3 4 44
21 10 3 2 26
21 10 3 3 25
21 10 4 3 24
21 10 3 4 24
25 12 3 2 32
25 12 3 3 31
25 12 4 3 30
25 12 3 4 30
28 26 3 2 49
28 26 3 3 48
28 26 4 3 47
28 26 3 4 47
9 22 3 2 26
9 22 3 3 25
9 22 4 3 24
9 22 3 4 24
28 24 3 2 47
28 24 3 3 46
28 24 4 3 45
28 24 3 4 45
24 8 3 2 27
24 8 3 3 26
24 8 4 3 25
24 8 3 4 25
31 12 3 2 38
31 12 3 3 37
31 12 4 3 36
31 12 3 4 36
12 16 3 2 23
12 16 3 3 22
12 16 4 3 21
12 16 3 4 21
23 9 3 2 27
23 9 3 3 26
23 9 4 3 25
23 9 3 4 25
10 22 3 2 27
10 22 3 3 26
10 22 4 3 25
10 22 3 4 25
24 22 36 7 27
24 22 34 11 21
24 22 34 14 18
24 22 29 3 24
24 22 37 15 20
24 22 35 15 18
24 22 37 17 18
22 9 36 7 16
22 9 34 11 14
22 9 34 14 17
22 9 29 3 13
22 9 37 15 21
22 9 35 15 19
22 9 37 17 23
19 11 36 7 21
19 11 34 11 15
19 11 34 14 18
19 11 29 3 18
19 11 37 15 22
19 11 35 15 20
19 11 37 17 24
19 26 36 7 36
19 26 34 11 30
19 26 34 14 27
19 26 29 3 33
19 26 37 15 29
19 26 35 15 27
19 26 37 17 27
22 24 36 7 31
22 24 34 11 25
22 24 34 14 22
22 24 29 3 28
22 24 37 15 24
22 24 35 15 22
22 24 37 17 22
33 18 36 7 14
33 18 34 11 8
33 18 34 14 5
33 18 29 3 19
33 18 37 15 7
33 18 35 15 5
33 18 37 17 5
21 10 36 7 18
21 10 34 11 14
21 10 34 14 17
21 10 29 3 15
21 10 37 15 21
21 10 35 15 19
21 10 37 17 23
25 12 36 7 16
25 12 34 11 10
25 12 34 14 11
25 12 29 3 13
25 12 37 15 15
25 12 35 15 13
25 12 37 17 17
28 26 36 7 27
28 26 34 11 21
28 26 34 14 18
28 26 29 3 24
28 26 37 15 20
28 26 35 15 18
28 26 37 17 18
9 22 36 7 42
9 22 34 11 36
9 22 34 14 33
9 22 29 3 39
9 22 37 15 35
9 22 35 15 33
9 22 37 17 33
28 24 36 7 25
28 24 34 11 19
28 24 34 14 16
28 24 29 3 22
28 24 37 15 18
28 24 35 15 16
28 24 37 17 16
24 8 36 7 13
24 8 34 11 13
24 8 34 14 16
24 8 29 3 10
24 8 37 15 20
24 8 35 15 18
24 8 37 17 22
31 12 36 7 10
31 12 34 11 4
31 12 34 14 5
31 12 29 3 11
31 12 37 15 9
31 12 35 15 7
31 12 37 17 11
12 16 36 7 33
12 16 34 11 27
12 16 34 14 24
12 16 29 3 30
12 16 37 15 26
12 16 35 15 24
12 16 37 17 26
23 9 36 7 15
23 9 34 11 13
23 9 34 14 16
23 9 29 3 12
23 9 37 15 20
23 9 35 15 18
23 9 37 17 22
10 22 36 7 41
10 22 34 11 35
10 22 34 14 32
10 22 29 3 38
10 22 37 15 34
10 22 35 15 32
10 22 37 17 32
24 22 1 33 34
24 22 4 35 33
24 22 2 24 24
24 22 0 23 25
22 9 1 33 45
22 9 4 35 44
22 9 2 24 35
22 9 0 23 36
19 11 1 33 40
19 11 4 35 39
19 11 2 24 30
19 11 0 23 31
19 26 1 33 25
19 26 4 35 24
19 26 2 24 19
19 26 0 23 22
22 24 1 33 30
22 24 4 35 29
22 24 2 24 20
22 24 0 23 23
33 18 1 33 47
33 18 4 35 46
33 18 2 24 37
33 18 0 23 38
21 10 1 33 43
21 10 4 35 42
21 10 2 24 33
21 10 0 23 34
25 12 1 33 45
25 12 4 35 44
25 12 2 24 35
25 12 0 23 36
28 26 1 33 34
28 26 4 35 33
28 26 2 24 28
28 26 0 23 31
9 22 1 33 19
9 22 4 35 18
9 22 2 24 9
9 22 0 23 10
28 24 1 33 36
28 24 4 35 35
28 24 2 24 26
28 24 0 23 29
24 8 1 33 48
24 8 4 35 47
24 8 2 24 38
24 8 0 23 39
31 12 1 33 51
31 12 4 35 50
31 12 2 24 41
31 12 0 23 42
12 16 1 33 28
12 16 4 35 27
12 16 2 24 18
12 16 0 23 19
23 9 1 33 46
23 9 4 35 45
23 9 2 24 36
23 9 0 23 37
10 22 1 33 20
10 22 4 35 19
10 22 2 24 10
10 22 0 23 11
24 22 36 35 25
24 22 35 25 14
24 22 29 36 19
24 22 38 31 23
24 22 38 30 22
24 22 25 37 16
24 22 32 28 14
24 22 33 35 22
22 9 36 35 40
22 9 35 25 29
22 9 29 36 34
22 9 38 31 38
22 9 38 30 37
22 9 25 37 31
22 9 32 28 29
22 9 33 35 37
19 11 36 35 41
19 11 35 25 30
19 11 29 36 35
19 11 38 31 39
19 11 38 30 38
19 11 25 37 32
19 11 32 28 30
19 11 33 35 38
19 26 36 35 26
19 26 35 25 17
19 26 29 36 20
19 26 38 31 24
19 26 38 30 23
19 26 25 37 17
19 26 32 28 15
19 26 33 35 23
22 24 36 35 25
22 24 35 25 14
22 24 29 36 19
22 24 38 31 23
22 24 38 30 22
22 24 25 37 16
22 24 32 28 14
22 24 33 35 22
33 18 36 35 20
33 18 35 25 9
33 18 29 36 22
33 18 38 31 18
33 18 38 30 17
33 18 25 37 27
33 18 32 28 11
33 18 33 35 17
21 10 36 35 40
21 10 35 25 29
21 10 29 36 34
21 10 38 31 38
21 10 38 30 37
21 10 25 37 31
21 10 32 28 29
21 10 33 35 37
25 12 36 35 34
25 12 35 25 23
25 12 29 36 28
25 12 38 31 32
25 12 38 30 31
25 12 25 37 25
25 12 32 28 23
25 12 33 35 31
28 26 36 35 17
28 26 35 25 8
28 26 29 36 11
28 26 38 31 15
28 26 38 30 14
28 26 25 37 14
28 26 32 28 6
28 26 33 35 14
9 22 36 35 40
9 22 35 25 29
9 22 29 36 34
9 22 38 31 38
9 22 38 30 37
9 22 25 37 31
9 22 32 28 29
9 22 33 35 37
28 24 36 35 19
28 24 35 25 8
28 24 29 36 13
28 24 38 31 17
28 24 38 30 16
28 24 25 37 16
28 24 32 28 8
28 24 33 35 16
24 8 36 35 39
24 8 35 25 28
24 8 29 36 33
24 8 38 31 37
24 8 38 30 36
24 8 25 37 30
24 8 32 28 28
24 8 33 35 36
31 12 36 35 28
31 12 35 25 17
31 12 29 36 26
31 12 38 31 26
31 12 38 30 25
31 12 25 37 31
31 12 32 28 17
31 12 33 35 25
12 16 36 35 43
12 16 35 25 32
12 16 29 36 37
12 16 38 31 41
12 16 38 30 40
12 16 25 37 34
12 16 32 28 32
12 16 33 35 40
23 9 36 35 39
23 9 35 25 28
23 9 29 36 33
23 9 38 31 37
23 9 38 30 36
23 9 25 37 30
23 9 32 28 28
23 9 33 35 36
10 22 36 35 39
10 22 35 25 28
10 22 29 36 33
10 22 38 31 37
10 22 38 30 36
10 22 25 37 30
10 22 32 28 28
10 22 33 35 36
24 22 19 31 14
24 22 11 37 28
24 22 19 38 21
24 22 6 31 27
24 22 26 31 11
24 22 4 30 28
24 22 24 37 15
24 22 10 32 24
24 22 16 34 20
24 22 20 38 20
24 22 8 33 27
24 22 21 39 20
24 22 14 37 25
24 22 6 27 23
22 9 19 31 25
22 9 11 37 39
22 9 19 38 32
22 9 6 31 38
22 9 26 31 26
22 9 4 30 39
22 9 24 37 30
22 9 10 32 35
22 9 16 34 31
22 9 20 38 31
22 9 8 33 38
22 9 21 39 31
22 9 14 37 36
22 9 6 27 34
19 11 19 31 20
19 11 11 37 34
19 11 19 38 27
19 11 6 31 33
19 11 26 31 27
19 11 4 30 34
19 11 24 37 31
19 11 10 32 30
19 11 16 34 26
19 11 20 38 28
19 11 8 33 33
19 11 21 39 30
19 11 14 37 31
19 11 6 27 29
19 26 19 31 5
19 26 11 37 19
19 26 19 38 12
19 26 6 31 18
19 26 26 31 12
19 26 4 30 19
19 26 24 37 16
19 26 10 32 15
19 26 16 34 11
19 26 20 38 13
19 26 8 33 18
19 26 21 39 15
19 26 14 37 16
19 26 6 27 14
22 24 19 31 10
22 24 11 37 24
22 24 19 38 17
22 24 6 31 23
22 24 26 31 11
22 24 4 30 24
22 24 24 37 15
22 24 10 32 20
22 24 16 34 16
22 24 20 38 16
22 24 8 33 23
22 24 21 39 16
22 24 14 37 21
22 24 6 27 19
33 18 19 31 27
33 18 11 37 41
33 18 19 38 34
33 18 6 31 40
33 18 26 31 20
33 18 4 30 41
33 18 24 37 28
33 18 10 32 37
33 18 16 34 33
33 18 20 38 33
33 18 8 33 40
33 18 21 39 33
33 18 14 37 38
33 18 6 27 36
21 10 19 31 23
21 10 11 37 37
21 10 19 38 30
21 10 6 31 36
21 10 26 31 26
21 10 4 30 37
21 10 24 37 30
21 10 10 32 33
21 10 16 34 29
21 10 20 38 29
21 10 8 33 36
21 10 21 39 29
21 10 14 37 34
21 10 6 27 32
25 12 19 31 25
25 12 11 37 39
25 12 19 38 32
25 12 6 31 38
25 12 26 31 20
25 12 4 30 39
25 12 24 37 26
25 12 10 32 35
25 12 16 34 31
25 12 20 38 31
25 12 8 33 38
25 12 21 39 31
25 12 14 37 36
25 12 6 27 34
28 26 19 31 14
28 26 11 37 28
28 26 19 38 21
28 26 6 31 27
28 26 26 31 7
28 26 4 30 28
28 26 24 37 15
28 26 10 32 24
28 26 16 34 20
28 26 20 38 20
28 26 8 33 27
28 26 21 39 20
28 26 14 37 25
28 26 6 27 23
9 22 19 31 19
9 22 11 37 17
9 22 19 38 26
9 22 6 31 12
9 22 26 31 26
9 22 4 30 13
9 22 24 37 30
9 22 10 32 11
9 22 16 34 19
9 22 20 38 27
9 22 8 33 12
9 22 21 39 29
9 22 14 37 20
9 22 6 27 8
28 24 19 31 16
28 24 11 37 30
28 24 19 38 23
28 24 6 31 29
28 24 26 31 9
28 24 4 30 30
28 24 24 37 17
28 24 10 32 26
28 24 16 34 22
28 24 20 38 22
28 24 8 33 29
28 24 21 39 22
28 24 14 37 27
28 24 6 27 25
24 8 19 31 28
24 8 11 37 42
24 8 19 38 35
24 8 6 31 41
24 8 26 31 25
24 8 4 30 42
24 8 24 37 29
24 8 10 32 38
24 8 16 34 34
24 8 20 38 34
24 8 8 33 41
24 8 21 39 34
24 8 14 37 39
24 8 6 27 37
31 12 19 31 31
31 12 11 37 45
31 12 19 38 38
31 12 6 31 44
31 12 26 31 24
31 12 4 30 45
31 12 24 37 32
31 12 10 32 41
31 12 16 34 37
31 12 20 38 37
31 12 8 33 44
31 12 21 39 37
31 12 14 37 42
31 12 6 27 40
12 16 19 31 22
12 16 11 37 22
12 16 19 38 29
12 16 6 31 21
12 16 26 31 29
12 16 4 30 22
12 16 24 37 33
12 16 10 32 18
12 16 16 34 22
12 16 20 38 30
12 16 8 33 21
12 16 21 39 32
12 16 14 37 23
12 16 6 27 17
23 9 19 31 26
23 9 11 37 40
23 9 19 38 33
23 9 6 31 39
23 9 26 31 25
23 9 4 30 40
23 9 24 37 29
23 9 10 32 36
23 9 16 34 32
23 9 20 38 32
23 9 8 33 39
23 9 21 39 32
23 9 14 37 37
23 9 6 27 35
10 22 19 31 18
10 22 11 37 16
10 22 19 38 25
10 22 6 31 13
10 22 26 31 25
10 22 4 30 14
10 22 24 37 29
10 22 10 32 10
10 22 16 34 18
10 22 20 38 26
10 22 8 33 13
10 22 21 39 28
10 22 14 37 19
10 22 6 27 9
24 22 5 10 31
24 22 6 22 18
24 22 2 12 32
24 22 0 12 34
24 22 1 16 29
24 22 3 11 32
24 22 4 14 28
24 22 2 17 27
24 22 3 15 28
24 22 7 14 25
22 9 5 10 18
22 9 6 22 29
22 9 2 12 23
22 9 0 12 25
22 9 1 16 28
22 9 3 11 21
22 9 4 14 23
22 9 2 17 28
22 9 3 15 25
22 9 7 14 20
19 11 5 10 15
19 11 6 22 24
19 11 2 12 18
19 11 0 12 20
19 11 1 16 23
19 11 3 11 16
19 11 4 14 18
19 11 2 17 23
19 11 3 15 20
19 11 7 14 15
19 26 5 10 30
19 26 6 22 17
19 26 2 12 31
19 26 0 12 33
19 26 1 16 28
19 26 3 11 31
19 26 4 14 27
19 26 2 17 26
19 26 3 15 27
19 26 7 14 24
22 24 5 10 31
22 24 6 22 18
22 24 2 12 32
22 24 0 12 34
22 24 1 16 29
22 24 3 11 32
22 24 4 14 28
22 24 2 17 27
22 24 3 15 28
22 24 7 14 25
33 18 5 10 36
33 18 6 22 31
33 18 2 12 37
33 18 0 12 39
33 18 1 16 34
33 18 3 11 37
33 18 4 14 33
33 18 2 17 32
33 18 3 15 33
33 18 7 14 30
21 10 5 10 16
21 10 6 22 27
21 10 2 12 21
21 10 0 12 23
21 10 1 16 26
21 10 3 11 19
21 10 4 14 21
21 10 2 17 26
21 10 3 15 23
21 10 7 14 18
25 12 5 10 22
25 12 6 22 29
25 12 2 12 23
25 12 0 12 25
25 12 1 16 28
25 12 3 11 23
25 12 4 14 23
25 12 2 17 28
25 12 3 15 25
25 12 7 14 20
28 26 5 10 39
28 26 6 22 26
28 26 2 12 40
28 26 0 12 42
28 26 1 16 37
28 26 3 11 40
28 26 4 14 36
28 26 2 17 35
28 26 3 15 36
28 26 7 14 33
9 22 5 10 16
9 22 6 22 3
9 22 2 12 17
9 22 0 12 19
9 22 1 16 14
9 22 3 11 17
9 22 4 14 13
9 22 2 17 12
9 22 3 15 13
9 22 7 14 10
28 24 5 10 37
28 24 6 22 24
28 24 2 12 38
28 24 0 12 40
28 24 1 16 35
28 24 3 11 38
28 24 4 14 34
28 24 2 17 33
28 24 3 15 34
28 24 7 14 31
24 8 5 10 21
24 8 6 22 32
24 8 2 12 26
24 8 0 12 28
24 8 1 16 31
24 8 3 11 24
24 8 4 14 26
24 8 2 17 31
24 8 3 15 28
24 8 7 14 23
31 12 5 10 28
31 12 6 22 35
31 12 2 12 29
31 12 0 12 31
31 12 1 16 34
31 12 3 11 29
31 12 4 14 29
31 12 2 17 34
31 12 3 15 31
31 12 7 14 26
12 16 5 10 13
12 16 6 22 12
12 16 2 12 14
12 16 0 12 16
12 16 1 16 11
12 16 3 11 14
12 16 4 14 10
12 16 2 17 11
12 16 3 15 10
12 16 7 14 7
23 9 5 10 19
23 9 6 22 30
23 9 2 12 24
23 9 0 12 26
23 9 1 16 29
23 9 3 11 22
23 9 4 14 24
23 9 2 17 29
23 9 3 15 26
23 9 7 14 21
10 22 5 10 17
10 22 6 22 4
10 22 2 12 18
10 22 0 12 20
10 22 1 16 15
10 22 3 11 18
10 22 4 14 14
10 22 2 17 13
10 22 3 15 14
10 22 7 14 11
24 22 12 3 31
24 22 9 3 34
24 22 12 10 24
24 22 23 2 21
24 22 16 5 25
24 22 24 6 16
22 9 12 3 16
22 9 9 3 19
22 9 12 10 11
22 9 23 2 8
22 9 16 5 10
22 9 24 6 5
19 11 12 3 15
19 11 9 3 18
19 11 12 10 8
19 11 23 2 13
19 11 16 5 9
19 11 24 6 10
19 26 12 3 30
19 26 9 3 33
19 26 12 10 23
19 26 23 2 28
19 26 16 5 24
19 26 24 6 25
22 24 12 3 31
22 24 9 3 34
22 24 12 10 24
22 24 23 2 23
22 24 16 5 25
22 24 24 6 20
33 18 12 3 36
33 18 9 3 39
33 18 12 10 29
33 18 23 2 26
33 18 16 5 30
33 18 24 6 21
21 10 12 3 16
21 10 9 3 19
21 10 12 10 9
21 10 23 2 10
21 10 16 5 10
21 10 24 6 7
25 12 12 3 22
25 12 9 3 25
25 12 12 10 15
25 12 23 2 12
25 12 16 5 16
25 12 24 6 7
28 26 12 3 39
28 26 9 3 42
28 26 12 10 32
28 26 23 2 29
28 26 16 5 33
28 26 24 6 24
9 22 12 3 22
9 22 9 3 19
9 22 12 10 15
9 22 23 2 34
9 22 16 5 24
9 22 24 6 31
28 24 12 3 37
28 24 9 3 40
28 24 12 10 30
28 24 23 2 27
28 24 16 5 31
28 24 24 6 22
24 8 12 3 17
24 8 9 3 20
24 8 12 10 14
24 8 23 2 7
24 8 16 5 11
24 8 24 6 2
31 12 12 3 28
31 12 9 3 31
31 12 12 10 21
31 12 23 2 18
31 12 16 5 22
31 12 24 6 13
12 16 12 3 13
12 16 9 3 16
12 16 12 10 6
12 16 23 2 25
12 16 16 5 15
12 16 24 6 22
23 9 12 3 17
23 9 9 3 20
23 9 12 10 12
23 9 23 2 7
23 9 16 5 11
23 9 24 6 4
10 22 12 3 21
10 22 9 3 20
10 22 12 10 14
10 22 23 2 33
10 22 16 5 23
10 22 24 6 30
19 31 17 35 6
11 37 17 35 8
19 38 17 35 5
6 31 17 35 15
26 31 17 35 13
4 30 17 35 18
24 37 17 35 9
10 32 17 35 10
16 34 17 35 2
20 38 17 35 6
8 33 17 35 11
21 39 17 35 8
14 37 17 35 5
6 27 17 35 19
19 31 3 2 45
19 31 3 3 44
19 31 4 3 43
19 31 3 4 43
11 37 3 2 43
11 37 3 3 42
11 37 4 3 41
11 37 3 4 41
19 38 3 2 52
19 38 3 3 51
19 38 4 3 50
19 38 3 4 50
6 31 3 2 32
6 31 3 3 31
6 31 4 3 30
6 31 3 4 30
26 31 3 2 52
26 31 3 3 51
26 31 4 3 50
26 31 3 4 50
4 30 3 2 29
4 30 3 3 28
4 30 4 3 27
4 30 3 4 27
24 37 3 2 56
24 37 3 3 55
24 37 4 3 54
24 37 3 4 54
10 32 3 2 37
10 32 3 3 36
10 32 4 3 35
10 32 3 4 35
16 34 3 2 45
16 34 3 3 44
16 34 4 3 43
16 34 3 4 43
20 38 3 2 53
20 38 3 3 52
20 38 4 3 51
20 38 3 4 51
8 33 3 2 36
8 33 3 3 35
8 33 4 3 34
8 33 3 4 34
21 39 3 2 55
21 39 3 3 54
21 39 4 3 53
21 39 3 4 53
14 37 3 2 46
14 37 3 3 45
14 37 4 3 44
14 37 3 4 44
6 27 3 2 28
6 27 3 3 27
6 27 4 3 26
6 27 3 4 26
19 31 36 7 41
19 31 34 11 35
19 31 34 14 32
19 31 29 3 38
19 31 37 15 34
19 31 35 15 32
19 31 37 17 32
11 37 36 7 55
11 37 34 11 49
11 37 34 14 46
11 37 29 3 52
11 37 37 15 48
11 37 35 15 46
11 37 37 17 46
19 38 36 7 48
19 38 34 11 42
19 38 34 14 39
19 38 29 3 45
19 38 37 15 41
19 38 35 15 39
19 38 37 17 39
6 31 36 7 54
6 31 34 11 48
6 31 34 14 45
6 31 29 3 51
6 31 37 15 47
6 31 35 15 45
6 31 37 17 45
26 31 36 7 34
26 31 34 11 28
26 31 34 14 25
26 31 29 3 31
26 31 37 15 27
26 31 35 15 25
26 31 37 17 25
4 30 36 7 55
4 30 34 11 49
4 30 34 14 46
4 30 29 3 52
4 30 37 15 48
4 30 35 15 46
4 30 37 17 46
24 37 36 7 42
24 37 34 11 36
24 37 34 14 33
24 37 29 3 39
24 37 37 15 35
24 37 35 15 33
24 37 37 17 33
10 32 36 7 51
10 32 34 11 45
10 32 34 14 42
10 32 29 3 48
10 32 37 15 44
10 32 35 15 42
10 32 37 17 42
16 34 36 7 47
16 34 34 11 41
16 34 34 14 38
16 34 29 3 44
16 34 37 15 40
16 34 35 15 38
16 34 37 17 38
20 38 36 7 47
20 38 34 11 41
20 38 34 14 38
20 38 29 3 44
20 38 37 15 40
20 38 35 15 38
20 38 37 17 38
8 33 36 7 54
8 33 34 11 48
8 33 34 14 45
8 33 29 3 51
8 33 37 15 47
8 33 35 15 45
8 33 37 17 45
21 39 36 7 47
21 39 34 11 41
21 39 34 14 38
21 39 29 3 44
21 39 37 15 40
21 39 35 15 38
21 39 37 17 38
14 37 36 7 52
14 37 34 11 46
14 37 34 14 43
14 37 29 3 49
14 37 37 15 45
14 37 35 15 43
14 37 37 17 43
6 27 36 7 50
6 27 34 11 44
6 27 34 14 41
6 27 29 3 47
6 27 37 15 43
6 27 35 15 41
6 27 37 17 41
19 31 1 33 20
19 31 4 35 19
19 31 2 24 24
19 31 0 23 27
11 37 1 33 14
11 37 4 35 9
11 37 2 24 22
11 37 0 23 25
19 38 1 33 23
19 38 4 35 18
19 38 2 24 31
19 38 0 23 34
6 31 1 33 7
6 31 4 35 6
6 31 2 24 11
6 31 0 23 14
26 31 1 33 27
26 31 4 35 26
26 31 2 24 31
26 31 0 23 34
4 30 1 33 6
4 30 4 35 5
4 30 2 24 8
4 30 0 23 11
24 37 1 33 27
24 37 4 35 22
24 37 2 24 35
24 37 0 23 38
10 32 1 33 10
10 32 4 35 9
10 32 2 24 16
10 32 0 23 19
16 34 1 33 16
16 34 4 35 13
16 34 2 24 24
16 34 0 23 27
20 38 1 33 24
20 38 4 35 19
20 38 2 24 32
20 38 0 23 35
8 33 1 33 7
8 33 4 35 6
8 33 2 24 15
8 33 0 23 18
21 39 1 33 26
21 39 4 35 21
21 39 2 24 34
21 39 0 23 37
14 37 1 33 17
14 37 4 35 12
14 37 2 24 25
14 37 0 23 28
6 27 1 33 11
6 27 4 35 10
6 27 2 24 7
6 27 0 23 10
19 31 36 35 21
19 31 35 25 22
19 31 29 36 15
19 31 38 31 19
19 31 38 30 20
19 31 25 37 12
19 31 32 28 16
19 31 33 35 18
11 37 36 35 27
11 37 35 25 36
11 37 29 36 19
11 37 38 31 33
11 37 38 30 34
11 37 25 37 14
11 37 32 28 30
11 37 33 35 24
19 38 36 35 20
19 38 35 25 29
19 38 29 36 12
19 38 38 31 26
19 38 38 30 27
19 38 25 37 7
19 38 32 28 23
19 38 33 35 17
6 31 36 35 34
6 31 35 25 35
6 31 29 36 28
6 31 38 31 32
6 31 38 30 33
6 31 25 37 25
6 31 32 28 29
6 31 33 35 31
26 31 36 35 14
26 31 35 25 15
26 31 29 36 8
26 31 38 31 12
26 31 38 30 13
26 31 25 37 7
26 31 32 28 9
26 31 33 35 11
4 30 36 35 37
4 30 35 25 36
4 30 29 36 31
4 30 38 31 35
4 30 38 30 34
4 30 25 37 28
4 30 32 28 30
4 30 33 35 34
24 37 36 35 14
24 37 35 25 23
24 37 29 36 6
24 37 38 31 20
24 37 38 30 21
24 37 25 37 1
24 37 32 28 17
24 37 33 35 11
10 32 36 35 29
10 32 35 25 32
10 32 29 36 23
10 32 38 31 29
10 32 38 30 30
10 32 25 37 20
10 32 32 28 26
10 32 33 35 26
16 34 36 35 21
16 34 35 25 28
16 34 29 36 15
16 34 38 31 25
16 34 38 30 26
16 34 25 37 12
16 34 32 28 22
16 34 33 35 18
20 38 36 35 19
20 38 35 25 28
20 38 29 36 11
20 38 38 31 25
20 38 38 30 26
20 38 25 37 6
20 38 32 28 22
20 38 33 35 16
8 33 36 35 30
8 33 35 25 35
8 33 29 36 24
8 33 38 31 32
8 33 38 30 33
8 33 25 37 21
8 33 32 28 29
8 33 33 35 27
21 39 36 35 19
21 39 35 25 28
21 39 29 36 11
21 39 38 31 25
21 39 38 30 26
21 39 25 37 6
21 39 32 28 22
21 39 33 35 16
14 37 36 35 24
14 37 35 25 33
14 37 29 36 16
14 37 38 31 30
14 37 38 30 31
14 37 25 37 11
14 37 32 28 27
14 37 33 35 21
6 27 36 35 38
6 27 35 25 31
6 27 29 36 32
6 27 38 31 36
6 27 38 30 35
6 27 25 37 29
6 27 32 28 27
6 27 33 35 35
19 31 24 22 14
19 31 22 9 25
19 31 19 11 20
19 31 19 26 5
19 31 22 24 10
19 31 33 18 27
19 31 21 10 23
19 31 25 12 25
19 31 28 26 14
19 31 9 22 19
19 31 28 24 16
19 31 24 8 28
19 31 31 12 31
19 31 12 16 22
19 31 23 9 26
19 31 10 22 18
11 37 24 22 28
11 37 22 9 39
11 37 19 11 34
11 37 19 26 19
11 37 22 24 24
11 37 33 18 41
11 37 21 10 37
11 37 25 12 39
11 37 28 26 28
11 37 9 22 17
11 37 28 24 30
11 37 24 8 42
11 37 31 12 45
11 37 12 16 22
11 37 23 9 40
11 37 10 22 16
19 38 24 22 21
19 38 22 9 32
19 38 19 11 27
19 38 19 26 12
19 38 22 24 17
19 38 33 18 34
19 38 21 10 30
19 38 25 12 32
19 38 28 26 21
19 38 9 22 26
19 38 28 24 23
19 38 24 8 35
19 38 31 12 38
19 38 12 16 29
19 38 23 9 33
19 38 10 22 25
6 31 24 22 27
6 31 22 9 38
6 31 19 11 33
6 31 19 26 18
6 31 22 24 23
6 31 33 18 40
6 31 21 10 36
6 31 25 12 38
6 31 28 26 27
6 31 9 22 12
6 31 28 24 29
6 31 24 8 41
6 31 31 12 44
6 31 12 16 21
6 31 23 9 39
6 31 10 22 13
26 31 24 22 11
26 31 22 9 26
26 31 19 11 27
26 31 19 26 12
26 31 22 24 11
26 31 33 18 20
26 31 21 10 26
26 31 25 12 20
26 31 28 26 7
26 31 9 22 26
26 31 28 24 9
26 31 24 8 25
26 31 31 12 24
26 31 12 16 29
26 31 23 9 25
26 31 10 22 25
4 30 24 22 28
4 30 22 9 39
4 30 19 11 34
4 30 19 26 19
4 30 22 24 24
4 30 33 18 41
4 30 21 10 37
4 30 25 12 39
4 30 28 26 28
4 30 9 22 13
4 30 28 24 30
4 30 24 8 42
4 30 31 12 45
4 30 12 16 22
4 30 23 9 40
4 30 10 22 14
24 37 24 22 15
24 37 22 9 30
24 37 19 11 31
24 37 19 26 16
24 37 22 24 15
24 37 33 18 28
24 37 21 10 30
24 37 25 12 26
24 37 28 26 15
24 37 9 22 30
24 37 28 24 17
24 37 24 8 29
24 37 31 12 32
24 37 12 16 33
24 37 23 9 29
24 37 10 22 29
10 32 24 22 24
10 32 22 9 35
10 32 19 11 30
10 32 19 26 15
10 32 22 24 20
10 32 33 18 37
10 32 21 10 33
10 32 25 12 35
10 32 28 26 24
10 32 9 22 11
10 32 28 24 26
10 32 24 8 38
10 32 31 12 41
10 32 12 16 18
10 32 23 9 36
10 32 10 22 10
16 34 24 22 20
16 34 22 9 31
16 34 19 11 26
16 34 19 26 11
16 34 22 24 16
16 34 33 18 33
16 34 21 10 29
16 34 25 12 31
16 34 28 26 20
16 34 9 22 19
16 34 28 24 22
16 34 24 8 34
16 34 31 12 37
16 34 12 16 22
16 34 23 9 32
16 34 10 22 18
20 38 24 22 20
20 38 22 9 31
20 38 19 11 28
20 38 19 26 13
20 38 22 24 16
20 38 33 18 33
20 38 21 10 29
20 38 25 12 31
20 38 28 26 20
20 38 9 22 27
20 38 28 24 22
20 38 24 8 34
20 38 31 12 37
20 38 12 16 30
20 38 23 9 32
20 38 10 22 26
8 33 24 22 27
8 33 22 9 38
8 33 19 11 33
8 33 19 26 18
8 33 22 24 23
8 33 33 18 40
8 33 21 10 36
8 33 25 12 38
8 33 28 26 27
8 33 9 22 12
8 33 28 24 29
8 33 24 8 41
8 33 31 12 44
8 33 12 16 21
8 33 23 9 39
8 33 10 22 13
21 39 24 22 20
21 39 22 9 31
21 39 19 11 30
21 39 19 26 15
21 39 22 24 16
21 39 33 18 33
21 39 21 10 29
21 39 25 12 31
21 39 28 26 20
21 39 9 22 29
21 39 28 24 22
21 39 24 8 34
21 39 31 12 37
21 39 12 16 32
21 39 23 9 32
21 39 10 22 28
14 37 24 22 25
14 37 22 9 36
14 37 19 11 31
14 37 19 26 16
14 37 22 24 21
14 37 33 18 38
14 37 21 10 34
14 37 25 12 36
14 37 28 26 25
14 37 9 22 20
14 37 28 24 27
14 37 24 8 39
14 37 31 12 42
14 37 12 16 23
14 37 23 9 37
14 37 10 22 19
6 27 24 22 23
6 27 22 9 34
6 27 19 11 29
6 27 19 26 14
6 27 22 24 19
6 27 33 18 36
6 27 21 10 32
6 27 25 12 34
6 27 28 26 23
6 27 9 22 8
6 27 28 24 25
6 27 24 8 37
6 27 31 12 40
6 27 12 16 17
6 27 23 9 35
6 27 10 22 9
19 31 5 10 35
19 31 6 22 22
19 31 2 12 36
19 31 0 12 38
19 31 1 16 33
19 31 3 11 36
19 31 4 14 32
19 31 2 17 31
19 31 3 15 32
19 31 7 14 29
11 37 5 10 33
11 37 6 22 20
11 37 2 12 34
11 37 0 12 36
11 37 1 16 31
11 37 3 11 34
11 37 4 14 30
11 37 2 17 29
11 37 3 15 30
11 37 7 14 27
19 38 5 10 42
19 38 6 22 29
19 38 2 12 43
19 38 0 12 45
19 38 1 16 40
19 38 3 11 43
19 38 4 14 39
19 38 2 17 38
19 38 3 15 39
19 38 7 14 36
6 31 5 10 22
6 31 6 22 9
6 31 2 12 23
6 31 0 12 25
6 31 1 16 20
6 31 3 11 23
6 31 4 14 19
6 31 2 17 18
6 31 3 15 19
6 31 7 14 18
26 31 5 10 42
26 31 6 22 29
26 31 2 12 43
26 31 0 12 45
26 31 1 16 40
26 31 3 11 43
26 31 4 14 39
26 31 2 17 38
26 31 3 15 39
26 31 7 14 36
4 30 5 10 21
4 30 6 22 10
4 30 2 12 20
4 30 0 12 22
4 30 1 16 17
4 30 3 11 20
4 30 4 14 16
4 30 2 17 15
4 30 3 15 16
4 30 7 14 19
24 37 5 10 46
24 37 6 22 33
24 37 2 12 47
24 37 0 12 49
24 37 1 16 44
24 37 3 11 47
24 37 4 14 43
24 37 2 17 42
24 37 3 15 43
24 37 7 14 40
10 32 5 10 27
10 32 6 22 14
10 32 2 12 28
10 32 0 12 30
10 32 1 16 25
10 32 3 11 28
10 32 4 14 24
10 32 2 17 23
10 32 3 15 24
10 32 7 14 21
16 34 5 10 35
16 34 6 22 22
16 34 2 12 36
16 34 0 12 38
16 34 1 16 33
16 34 3 11 36
16 34 4 14 32
16 34 2 17 31
16 34 3 15 32
16 34 7 14 29
20 38 5 10 43
20 38 6 22 30
20 38 2 12 44
20 38 0 12 46
20 38 1 16 41
20 38 3 11 44
20 38 4 14 40
20 38 2 17 39
20 38 3 15 40
20 38 7 14 37
8 33 5 10 26
8 33 6 22 13
8 33 2 12 27
8 33 0 12 29
8 33 1 16 24
8 33 3 11 27
8 33 4 14 23
8 33 2 17 22
8 33 3 15 23
8 33 7 14 20
21 39 5 10 45
21 39 6 22 32
21 39 2 12 46
21 39 0 12 48
21 39 1 16 43
21 39 3 11 46
21 39 4 14 42
21 39 2 17 41
21 39 3 15 42
21 39 7 14 39
14 37 5 10 36
14 37 6 22 23
14 37 2 12 37
14 37 0 12 39
14 37 1 16 34
14 37 3 11 37
14 37 4 14 33
14 37 2 17 32
14 37 3 15 33
14 37 7 14 30
6 27 5 10 18
6 27 6 22 5
6 27 2 12 19
6 27 0 12 21
6 27 1 16 16
6 27 3 11 19
6 27 4 14 15
6 27 2 17 14
6 27 3 15 15
6 27 7 14 14
19 31 12 3 35
19 31 9 3 38
19 31 12 10 28
19 31 23 2 33
19 31 16 5 29
19 31 24 6 30
11 37 12 3 35
11 37 9 3 36
11 37 12 10 28
11 37 23 2 47
11 37 16 5 37
11 37 24 6 44
19 38 12 3 42
19 38 9 3 45
19 38 12 10 35
19 38 23 2 40
19 38 16 5 36
19 38 24 6 37
6 31 12 3 34
6 31 9 3 31
6 31 12 10 27
6 31 23 2 46
6 31 16 5 36
6 31 24 6 43
26 31 12 3 42
26 31 9 3 45
26 31 12 10 35
26 31 23 2 32
26 31 16 5 36
26 31 24 6 27
4 30 12 3 35
4 30 9 3 32
4 30 12 10 28
4 30 23 2 47
4 30 16 5 37
4 30 24 6 44
24 37 12 3 46
24 37 9 3 49
24 37 12 10 39
24 37 23 2 36
24 37 16 5 40
24 37 24 6 31
10 32 12 3 31
10 32 9 3 30
10 32 12 10 24
10 32 23 2 43
10 32 16 5 33
10 32 24 6 40
16 34 12 3 35
16 34 9 3 38
16 34 12 10 28
16 34 23 2 39
16 34 16 5 29
16 34 24 6 36
20 38 12 3 43
20 38 9 3 46
20 38 12 10 36
20 38 23 2 39
20 38 16 5 37
20 38 24 6 36
8 33 12 3 34
8 33 9 3 31
8 33 12 10 27
8 33 23 2 46
8 33 16 5 36
8 33 24 6 43
21 39 12 3 45
21 39 9 3 48
21 39 12 10 38
21 39 23 2 39
21 39 16 5 39
21 39 24 6 36
14 37 12 3 36
14 37 9 3 39
14 37 12 10 29
14 37 23 2 44
14 37 16 5 34
14 37 24 6 41
6 27 12 3 30
6 27 9 3 27
6 27 12 10 23
6 27 23 2 42
6 27 16 5 32
6 27 24 6 39
5 10 17 35 37
6 22 17 35 24
2 12 17 35 38
0 12 17 35 40
1 16 17 35 35
3 11 17 35 38
4 14 17 35 34
2 17 17 35 33
3 15 17 35 34
7 14 17 35 31
5 10 3 2 10
5 10 3 3 9
5 10 4 3 8
5 10 3 4 8
6 22 3 2 23
6 22 3 3 22
6 22 4 3 21
6 22 3 4 21
2 12 3 2 11
2 12 3 3 10
2 12 4 3 11
2 12 3 4 9
0 12 3 2 13
0 12 3 3 12
0 12 4 3 13
0 12 3 4 11
1 16 3 2 16
1 16 3 3 15
1 16 4 3 16
1 16 3 4 14
3 11 3 2 9
3 11 3 3 8
3 11 4 3 9
3 11 3 4 7
4 14 3 2 13
4 14 3 3 12
4 14 4 3 11
4 14 3 4 11
2 17 3 2 16
2 17 3 3 15
2 17 4 3 16
2 17 3 4 14
3 15 3 2 13
3 15 3 3 12
3 15 4 3 13
3 15 3 4 11
7 14 3 2 16
7 14 3 3 15
7 14 4 3 14
7 14 3 4 14
5 10 36 7 34
5 10 34 11 30
5 10 34 14 33
5 10 29 3 31
5 10 37 15 37
5 10 35 15 35
5 10 37 17 39
6 22 36 7 45
6 22 34 11 39
6 22 34 14 36
6 22 29 3 42
6 22 37 15 38
6 22 35 15 36
6 22 37 17 36
2 12 36 7 39
2 12 34 11 33
2 12 34 14 34
2 12 29 3 36
2 12 37 15 38
2 12 35 15 36
2 12 37 17 40
0 12 36 7 41
0 12 34 11 35
0 12 34 14 36
0 12 29 3 38
0 12 37 15 40
0 12 35 15 38
0 12 37 17 42
1 16 36 7 44
1 16 34 11 38
1 16 34 14 35
1 16 29 3 41
1 16 37 15 37
1 16 35 15 35
1 16 37 17 37
3 11 36 7 37
3 11 34 11 31
3 11 34 14 34
3 11 29 3 34
3 11 37 15 38
3 11 35 15 36
3 11 37 17 40
4 14 36 7 39
4 14 34 11 33
4 14 34 14 30
4 14 29 3 36
4 14 37 15 34
4 14 35 15 32
4 14 37 17 36
2 17 36 7 44
2 17 34 11 38
2 17 34 14 35
2 17 29 3 41
2 17 37 15 37
2 17 35 15 35
2 17 37 17 35
3 15 36 7 41
3 15 34 11 35
3 15 34 14 32
3 15 29 3 38
3 15 37 15 34
3 15 35 15 32
3 15 37 17 36
7 14 36 7 36
7 14 34 11 30
7 14 34 14 27
7 14 29 3 33
7 14 37 15 31
7 14 35 15 29
7 14 37 17 33
5 10 1 33 27
5 10 4 35 26
5 10 2 24 17
5 10 0 23 18
6 22 1 33 16
6 22 4 35 15
6 22 2 24 6
6 22 0 23 7
2 12 1 33 22
2 12 4 35 25
2 12 2 24 12
2 12 0 23 13
0 12 1 33 22
0 12 4 35 27
0 12 2 24 14
0 12 0 23 11
1 16 1 33 17
1 16 4 35 22
1 16 2 24 9
1 16 0 23 8
3 11 1 33 24
3 11 4 35 25
3 11 2 24 14
3 11 0 23 15
4 14 1 33 22
4 14 4 35 21
4 14 2 24 12
4 14 0 23 13
2 17 1 33 17
2 17 4 35 20
2 17 2 24 7
2 17 0 23 8
3 15 1 33 20
3 15 4 35 21
3 15 2 24 10
3 15 0 23 11
7 14 1 33 25
7 14 4 35 24
7 14 2 24 15
7 14 0 23 16
5 10 36 35 56
5 10 35 25 45
5 10 29 36 50
5 10 38 31 54
5 10 38 30 53
5 10 25 37 47
5 10 32 28 45
5 10 33 35 53
6 22 36 35 43
6 22 35 25 32
6 22 29 36 37
6 22 38 31 41
6 22 38 30 40
6 22 25 37 34
6 22 32 28 32
6 22 33 35 40
2 12 36 35 57
2 12 35 25 46
2 12 29 36 51
2 12 38 31 55
2 12 38 30 54
2 12 25 37 48
2 12 32 28 46
2 12 33 35 54
0 12 36 35 59
0 12 35 25 48
0 12 29 36 53
0 12 38 31 57
0 12 38 30 56
0 12 25 37 50
0 12 32 28 48
0 12 33 35 56
1 16 36 35 54
1 16 35 25 43
1 16 29 36 48
1 16 38 31 52
1 16 38 30 51
1 16 25 37 45
1 16 32 28 43
1 16 33 35 51
3 11 36 35 57
3 11 35 25 46
3 11 29 36 51
3 11 38 31 55
3 11 38 30 54
3 11 25 37 48
3 11 32 28 46
3 11 33 35 54
4 14 36 35 53
4 14 35 25 42
4 14 29 36 47
4 14 38 31 51
4 14 38 30 50
4 14 25 37 44
4 14 32 28 42
4 14 33 35 50
2 17 36 35 52
2 17 35 25 41
2 17 29 36 46
2 17 38 31 50
2 17 38 30 49
2 17 25 37 43
2 17 32 28 41
2 17 33 35 49
3 15 36 35 53
3 15 35 25 42
3 15 29 36 47
3 15 38 31 51
3 15 38 30 50
3 15 25 37 44
3 15 32 28 42
3 15 33 35 50
7 14 36 35 50
7 14 35 25 39
7 14 29 36 44
7 14 38 31 48
7 14 38 30 47
7 14 25 37 41
7 14 32 28 39
7 14 33 35 47
5 10 24 22 31
5 10 22 9 18
5 10 19 11 15
5 10 19 26 30
5 10 22 24 31
5 10 33 18 36
5 10 21 10 16
5 10 25 12 22
5 10 28 26 39
5 10 9 22 16
5 10 28 24 37
5 10 24 8 21
5 10 31 12 28
5 10 12 16 13
5 10 23 9 19
5 10 10 22 17
6 22 24 22 18
6 22 22 9 29
6 22 19 11 24
6 22 19 26 17
6 22 22 24 18
6 22 33 18 31
6 22 21 10 27
6 22 25 12 29
6 22 28 26 26
6 22 9 22 3
6 22 28 24 24
6 22 24 8 32
6 22 31 12 35
6 22 12 16 12
6 22 23 9 30
6 22 10 22 4
2 12 24 22 32
2 12 22 9 23
2 12 19 11 18
2 12 19 26 31
2 12 22 24 32
2 12 33 18 37
2 12 21 10 21
2 12 25 12 23
2 12 28 26 40
2 12 9 22 17
2 12 28 24 38
2 12 24 8 26
2 12 31 12 29
2 12 12 16 14
2 12 23 9 24
2 12 10 22 18
0 12 24 22 34
0 12 22 9 25
0 12 19 11 20
0 12 19 26 33
0 12 22 24 34
0 12 33 18 39
0 12 21 10 23
0 12 25 12 25
0 12 28 26 42
0 12 9 22 19
0 12 28 24 40
0 12 24 8 28
0 12 31 12 31
0 12 12 16 16
0 12 23 9 26
0 12 10 22 20
1 16 24 22 29
1 16 22 9 28
1 16 19 11 23
1 16 19 26 28
1 16 22 24 29
1 16 33 18 34
1 16 21 10 26
1 16 25 12 28
1 16 28 26 37
1 16 9 22 14
1 16 28 24 35
1 16 24 8 31
1 16 31 12 34
1 16 12 16 11
1 16 23 9 29
1 16 10 22 15
3 11 24 22 32
3 11 22 9 21
3 11 19 11 16
3 11 19 26 31
3 11 22 24 32
3 11 33 18 37
3 11 21 10 19
3 11 25 12 23
3 11 28 26 40
3 11 9 22 17
3 11 28 24 38
3 11 24 8 24
3 11 31 12 29
3 11 12 16 14
3 11 23 9 22
3 11 10 22 18
4 14 24 22 28
4 14 22 9 23
4 14 19 11 18
4 14 19 26 27
4 14 22 24 28
4 14 33 18 33
4 14 21 10 21
4 14 25 12 23
4 14 28 26 36
4 14 9 22 13
4 14 28 24 34
4 14 24 8 26
4 14 31 12 29
4 14 12 16 10
4 14 23 9 24
4 14 10 22 14
2 17 24 22 27
2 17 22 9 28
2 17 19 11 23
2 17 19 26 26
2 17 22 24 27
2 17 33 18 32
2 17 21 10 26
2 17 25 12 28
2 17 28 26 35
2 17 9 22 12
2 17 28 24 33
2 17 24 8 31
2 17 31 12 34
2 17 12 16 11
2 17 23 9 29
2 17 10 22 13
3 15 24 22 28
3 15 22 9 25
3 15 19 11 20
3 15 19 26 27
3 15 22 24 28
3 15 33 18 33
3 15 21 10 23
3 15 25 12 25
3 15 28 26 36
3 15 9 22 13
3 15 28 24 34
3 15 24 8 28
3 15 31 12 31
3 15 12 16 10
3 15 23 9 26
3 15 10 22 14
7 14 24 22 25
7 14 22 9 20
7 14 19 11 15
7 14 19 26 24
7 14 22 24 25
7 14 33 18 30
7 14 21 10 18
7 14 25 12 20
7 14 28 26 33
7 14 9 22 10
7 14 28 24 31
7 14 24 8 23
7 14 31 12 26
7 14 12 16 7
7 14 23 9 21
7 14 10 22 11
5 10 19 31 35
5 10 11 37 33
5 10 19 38 42
5 10 6 31 22
5 10 26 31 42
5 10 4 30 21
5 10 24 37 46
5 10 10 32 27
5 10 16 34 35
5 10 20 38 43
5 10 8 33 26
5 10 21 39 45
5 10 14 37 36
5 10 6 27 18
6 22 19 31 22
6 22 11 37 20
6 22 19 38 29
6 22 6 31 9
6 22 26 31 29
6 22 4 30 10
6 22 24 37 33
6 22 10 32 14
6 22 16 34 22
6 22 20 38 30
6 22 8 33 13
6 22 21 39 32
6 22 14 37 23
6 22 6 27 5
2 12 19 31 36
2 12 11 37 34
2 12 19 38 43
2 12 6 31 23
2 12 26 31 43
2 12 4 30 20
2 12 24 37 47
2 12 10 32 28
2 12 16 34 36
2 12 20 38 44
2 12 8 33 27
2 12 21 39 46
2 12 14 37 37
2 12 6 27 19
0 12 19 31 38
0 12 11 37 36
0 12 19 38 45
0 12 6 31 25
0 12 26 31 45
0 12 4 30 22
0 12 24 37 49
0 12 10 32 30
0 12 16 34 38
0 12 20 38 46
0 12 8 33 29
0 12 21 39 48
0 12 14 37 39
0 12 6 27 21
1 16 19 31 33
1 16 11 37 31
1 16 19 38 40
1 16 6 31 20
1 16 26 31 40
1 16 4 30 17
1 16 24 37 44
1 16 10 32 25
1 16 16 34 33
1 16 20 38 41
1 16 8 33 24
1 16 21 39 43
1 16 14 37 34
1 16 6 27 16
3 11 19 31 36
3 11 11 37 34
3 11 19 38 43
3 11 6 31 23
3 11 26 31 43
3 11 4 30 20
3 11 24 37 47
3 11 10 32 28
3 11 16 34 36
3 11 20 38 44
3 11 8 33 27
3 11 21 39 46
3 11 14 37 37
3 11 6 27 19
4 14 19 31 32
4 14 11 37 30
4 14 19 38 39
4 14 6 31 19
4 14 26 31 39
4 14 4 30 16
4 14 24 37 43
4 14 10 32 24
4 14 16 34 32
4 14 20 38 40
4 14 8 33 23
4 14 21 39 42
4 14 14 37 33
4 14 6 27 15
2 17 19 31 31
2 17 11 37 29
2 17 19 38 38
2 17 6 31 18
2 17 26 31 38
2 17 4 30 15
2 17 24 37 42
2 17 10 32 23
2 17 16 34 31
2 17 20 38 39
2 17 8 33 22
2 17 21 39 41
2 17 14 37 32
2 17 6 27 14
3 15 19 31 32
3 15 11 37 30
3 15 19 38 39
3 15 6 31 19
3 15 26 31 39
3 15 4 30 16
3 15 24 37 43
3 15 10 32 24
3 15 16 34 32
3 15 20 38 40
3 15 8 33 23
3 15 21 39 42
3 15 14 37 33
3 15 6 27 15
7 14 19 31 29
7 14 11 37 27
7 14 19 38 36
7 14 6 31 18
7 14 26 31 36
7 14 4 30 19
7 14 24 37 40
7 14 10 32 21
7 14 16 34 29
7 14 20 38 37
7 14 8 33 20
7 14 21 39 39
7 14 14 37 30
7 14 6 27 14
5 10 12 3 14
5 10 9 3 11
5 10 12 10 7
5 10 23 2 26
5 10 16 5 16
5 10 24 6 23
6 22 12 3 25
6 22 9 3 22
6 22 12 10 18
6 22 23 2 37
6 22 16 5 27
6 22 24 6 34
2 12 12 3 19
2 12 9 3 16
2 12 12 10 12
2 12 23 2 31
2 12 16 5 21
2 12 24 6 28
0 12 12 3 21
0 12 9 3 18
0 12 12 10 14
0 12 23 2 33
0 12 16 5 23
0 12 24 6 30
1 16 12 3 24
1 16 9 3 21
1 16 12 10 17
1 16 23 2 36
1 16 16 5 26
1 16 24 6 33
3 11 12 3 17
3 11 9 3 14
3 11 12 10 10
3 11 23 2 29
3 11 16 5 19
3 11 24 6 26
4 14 12 3 19
4 14 9 3 16
4 14 12 10 12
4 14 23 2 31
4 14 16 5 21
4 14 24 6 28
2 17 12 3 24
2 17 9 3 21
2 17 12 10 17
2 17 23 2 36
2 17 16 5 26
2 17 24 6 33
3 15 12 3 21
3 15 9 3 18
3 15 12 10 14
3 15 23 2 33
3 15 16 5 23
3 15 24 6 30
7 14 12 3 16
7 14 9 3 13
7 14 12 10 9
7 14 23 2 28
7 14 16 5 18
7 14 24 6 25
12 3 17 35 37
9 3 17 35 40
12 10 17 35 30
23 2 17 35 39
16 5 17 35 31
24 6 17 35 36
12 3 3 2 10
12 3 3 3 9
12 3 4 3 8
12 3 3 4 10
9 3 3 2 7
9 3 3 3 6
9 3 4 3 5
9 3 3 4 7
12 10 3 2 17
12 10 3 3 16
12 10 4 3 15
12 10 3 4 15
23 2 3 2 20
23 2 3 3 21
23 2 4 3 20
23 2 3 4 22
16 5 3 2 16
16 5 3 3 15
16 5 4 3 14
16 5 3 4 14
24 6 3 2 25
24 6 3 3 24
24 6 4 3 23
24 6 3 4 23
12 3 36 7 28
12 3 34 11 30
12 3 34 14 33
12 3 29 3 17
12 3 37 15 37
12 3 35 15 35
12 3 37 17 39
9 3 36 7 31
9 3 34 11 33
9 3 34 14 36
9 3 29 3 20
9 3 37 15 40
9 3 35 15 38
9 3 37 17 42
12 10 36 7 27
12 10 34 11 23
12 10 34 14 26
12 10 29 3 24
12 10 37 15 30
12 10 35 15 28
12 10 37 17 32
23 2 36 7 18
23 2 34 11 20
23 2 34 14 23
23 2 29 3 7
23 2 37 15 27
23 2 35 15 25
23 2 37 17 29
16 5 36 7 22
16 5 34 11 24
16 5 34 14 27
16 5 29 3 15
16 5 37 15 31
16 5 35 15 29
16 5 37 17 33
24 6 36 7 13
24 6 34 11 15
24 6 34 14 18
24 6 29 3 8
24 6 37 15 22
24 6 35 15 20
24 6 37 17 24
12 3 1 33 41
12 3 4 35 40
12 3 2 24 31
12 3 0 23 32
9 3 1 33 38
9 3 4 35 37
9 3 2 24 28
9 3 0 23 29
12 10 1 33 34
12 10 4 35 33
12 10 2 24 24
12 10 0 23 25
23 2 1 33 53
23 2 4 35 52
23 2 2 24 43
23 2 0 23 44
16 5 1 33 43
16 5 4 35 42
16 5 2 24 33
16 5 0 23 34
24 6 1 33 50
24 6 4 35 49
24 6 2 24 40
24 6 0 23 41
12 3 36 35 56
12 3 35 25 45
12 3 29 36 50
12 3 38 31 54
12 3 38 30 53
12 3 25 37 47
12 3 32 28 45
12 3 33 35 53
9 3 36 35 59
9 3 35 25 48
9 3 29 36 53
9 3 38 31 57
9 3 38 30 56
9 3 25 37 50
9 3 32 28 48
9 3 33 35 56
12 10 36 35 49
12 10 35 25 38
12 10 29 36 43
12 10 38 31 47
12 10 38 30 46
12 10 25 37 40
12 10 32 28 38
12 10 33 35 46
23 2 36 35 46
23 2 35 25 35
23 2 29 36 40
23 2 38 31 44
23 2 38 30 43
23 2 25 37 37
23 2 32 28 35
23 2 33 35 43
16 5 36 35 50
16 5 35 25 39
16 5 29 36 44
16 5 38 31 48
16 5 38 30 47
16 5 25 37 41
16 5 32 28 39
16 5 33 35 47
24 6 36 35 41
24 6 35 25 30
24 6 29 36 35
24 6 38 31 39
24 6 38 30 38
24 6 25 37 32
24 6 32 28 30
24 6 33 35 38
12 3 24 22 31
12 3 22 9 16
12 3 19 11 15
12 3 19 26 30
12 3 22 24 31
12 3 33 18 36
12 3 21 10 16
12 3 25 12 22
12 3 28 26 39
12 3 9 22 22
12 3 28 24 37
12 3 24 8 17
12 3 31 12 28
12 3 12 16 13
12 3 23 9 17
12 3 10 22 21
9 3 24 22 34
9 3 22 9 19
9 3 19 11 18
9 3 19 26 33
9 3 22 24 34
9 3 33 18 39
9 3 21 10 19
9 3 25 12 25
9 3 28 26 42
9 3 9 22 19
9 3 28 24 40
9 3 24 8 20
9 3 31 12 31
9 3 12 16 16
9 3 23 9 20
9 3 10 22 20
12 10 24 22 24
12 10 22 9 11
12 10 19 11 8
12 10 19 26 23
12 10 22 24 24
12 10 33 18 29
12 10 21 10 9
12 10 25 12 15
12 10 28 26 32
12 10 9 22 15
12 10 28 24 30
12 10 24 8 14
12 10 31 12 21
12 10 12 16 6
12 10 23 9 12
12 10 10 22 14
23 2 24 22 21
23 2 22 9 8
23 2 19 11 13
23 2 19 26 28
23 2 22 24 23
23 2 33 18 26
23 2 21 10 10
23 2 25 12 12
23 2 28 26 29
23 2 9 22 34
23 2 28 24 27
23 2 24 8 7
23 2 31 12 18
23 2 12 16 25
23 2 23 9 7
23 2 10 22 33
16 5 24 22 25
16 5 22 9 10
16 5 19 11 9
16 5 19 26 24
16 5 22 24 25
16 5 33 18 30
16 5 21 10 10
16 5 25 12 16
16 5 28 26 33
16 5 9 22 24
16 5 28 24 31
16 5 24 8 11
16 5 31 12 22
16 5 12 16 15
16 5 23 9 11
16 5 10 22 23
24 6 24 22 16
24 6 22 9 5
24 6 19 11 10
24 6 19 26 25
24 6 22 24 20
24 6 33 18 21
24 6 21 10 7
24 6 25 12 7
24 6 28 26 24
24 6 9 22 31
24 6 28 24 22
24 6 24 8 2
24 6 31 12 13
24 6 12 16 22
24 6 23 9 4
24 6 10 22 30
12 3 19 31 35
12 3 11 37 35
12 3 19 38 42
12 3 6 31 34
12 3 26 31 42
12 3 4 30 35
12 3 24 37 46
12 3 10 32 31
12 3 16 34 35
12 3 20 38 43
12 3 8 33 34
12 3 21 39 45
12 3 14 37 36
12 3 6 27 30
9 3 19 31 38
9 3 11 37 36
9 3 19 38 45
9 3 6 31 31
9 3 26 31 45
9 3 4 30 32
9 3 24 37 49
9 3 10 32 30
9 3 16 34 38
9 3 20 38 46
9 3 8 33 31
9 3 21 39 48
9 3 14 37 39
9 3 6 27 27
12 10 19 31 28
12 10 11 37 28
12 10 19 38 35
12 10 6 31 27
12 10 26 31 35
12 10 4 30 28
12 10 24 37 39
12 10 10 32 24
12 10 16 34 28
12 10 20 38 36
12 10 8 33 27
12 10 21 39 38
12 10 14 37 29
12 10 6 27 23
23 2 19 31 33
23 2 11 37 47
23 2 19 38 40
23 2 6 31 46
23 2 26 31 32
23 2 4 30 47
23 2 24 37 36
23 2 10 32 43
23 2 16 34 39
23 2 20 38 39
23 2 8 33 46
23 2 21 39 39
23 2 14 37 44
23 2 6 27 42
16 5 19 31 29
16 5 11 37 37
16 5 19 38 36
16 5 6 31 36
16 5 26 31 36
16 5 4 30 37
16 5 24 37 40
16 5 10 32 33
16 5 16 34 29
16 5 20 38 37
16 5 8 33 36
16 5 21 39 39
16 5 14 37 34
16 5 6 27 32
24 6 19 31 30
24 6 11 37 44
24 6 19 38 37
24 6 6 31 43
24 6 26 31 27
24 6 4 30 44
24 6 24 37 31
24 6 10 32 40
24 6 16 34 36
24 6 20 38 36
24 6 8 33 43
24 6 21 39 36
24 6 14 37 41
24 6 6 27 39
12 3 5 10 14
12 3 6 22 25
12 3 2 12 19
12 3 0 12 21
12 3 1 16 24
12 3 3 11 17
12 3 4 14 19
12 3 2 17 24
12 3 3 15 21
12 3 7 14 16
9 3 5 10 11
9 3 6 22 22
9 3 2 12 16
9 3 0 12 18
9 3 1 16 21
9 3 3 11 14
9 3 4 14 16
9 3 2 17 21
9 3 3 15 18
9 3 7 14 13
12 10 5 10 7
12 10 6 22 18
12 10 2 12 12
12 10 0 12 14
12 10 1 16 17
12 10 3 11 10
12 10 4 14 12
12 10 2 17 17
12 10 3 15 14
12 10 7 14 9
23 2 5 10 26
23 2 6 22 37
23 2 2 12 31
23 2 0 12 33
23 2 1 16 36
23 2 3 11 29
23 2 4 14 31
23 2 2 17 36
23 2 3 15 33
23 2 7 14 28
16 5 5 10 16
16 5 6 22 27
16 5 2 12 21
16 5 0 12 23
16 5 1 16 26
16 5 3 11 19
16 5 4 14 21
16 5 2 17 26
16 5 3 15 23
16 5 7 14 18
24 6 5 10 23
24 6 6 22 34
24 6 2 12 28
24 6 0 12 30
24 6 1 16 33
24 6 3 11 26
24 6 4 14 28
24 6 2 17 33
24 6 3 15 30
24 6 7 14 25