225 23 7 13 15
7 Clusters:
0 6 1 0
1 8 11 6
1 14 1 6
1 3 10 6
1 1 7 6
2 4 10 9
2 10 14 9
2 4 0 9
3 5 8 4
3 13 11 4
3 4 8 4
4 2 14 10
4 10 5 10
4 8 4 10
5 9 5 12
5 8 14 12
5 4 7 12
6 8 3 3
6 2 13 3
6 10 12 3
7 11 10 1
7 2 4 1
7 1 1 1
458 Arcs:
6 1 8 11 12
6 1 14 1 8
6 1 3 10 12
6 1 1 7 11
6 1 4 10 11
6 1 10 14 17
6 1 4 0 3
6 1 5 8 8
6 1 13 11 17
6 1 4 8 9
6 1 2 14 17
6 1 10 5 8
6 1 8 4 5
6 1 9 5 7
6 1 8 14 15
6 1 4 7 8
6 1 8 3 4
6 1 2 13 16
6 1 10 12 15
6 1 11 10 14
6 1 2 4 7
6 1 1 1 5
8 11 6 1 12
14 1 6 1 8
3 10 6 1 12
1 7 6 1 11
8 11 4 10 5
8 11 10 14 5
8 11 4 0 15
14 1 4 10 19
14 1 10 14 17
14 1 4 0 11
3 10 4 10 1
3 10 10 14 11
3 10 4 0 11
1 7 4 10 6
1 7 10 14 16
1 7 4 0 10
8 11 5 8 6
8 11 13 11 5
8 11 4 8 7
14 1 5 8 16
14 1 13 11 11
14 1 4 8 17
3 10 5 8 4
3 10 13 11 11
3 10 4 8 3
1 7 5 8 5
1 7 13 11 16
1 7 4 8 4
8 11 2 14 9
8 11 10 5 8
8 11 8 4 7
14 1 2 14 25
14 1 10 5 8
14 1 8 4 9
3 10 2 14 5
3 10 10 5 12
3 10 8 4 11
1 7 2 14 8
1 7 10 5 11
1 7 8 4 10
8 11 9 5 7
8 11 8 14 3
8 11 4 7 8
14 1 9 5 9
14 1 8 14 19
14 1 4 7 16
3 10 9 5 11
3 10 8 14 9
3 10 4 7 4
1 7 9 5 10
1 7 8 14 14
1 7 4 7 3
8 11 8 3 8
8 11 2 13 8
8 11 10 12 3
14 1 8 3 8
14 1 2 13 24
14 1 10 12 15
3 10 8 3 12
3 10 2 13 4
3 10 10 12 9
1 7 8 3 11
1 7 2 13 7
1 7 10 12 14
8 11 11 10 4
8 11 2 4 13
8 11 1 1 17
14 1 11 10 12
14 1 2 4 15
14 1 1 1 13
3 10 11 10 8
3 10 2 4 7
3 10 1 1 11
1 7 11 10 13
1 7 2 4 4
1 7 1 1 6
4 10 6 1 11
10 14 6 1 17
4 0 6 1 3
4 10 8 11 5
4 10 14 1 19
4 10 3 10 1
4 10 1 7 6
10 14 8 11 5
10 14 14 1 17
10 14 3 10 11
10 14 1 7 16
4 0 8 11 15
4 0 14 1 11
4 0 3 10 11
4 0 1 7 10
4 10 5 8 3
4 10 13 11 10
4 10 4 8 2
10 14 5 8 11
10 14 13 11 6
10 14 4 8 12
4 0 5 8 9
4 0 13 11 20
4 0 4 8 8
4 10 2 14 6
4 10 10 5 11
4 10 8 4 10
10 14 2 14 8
10 14 10 5 9
10 14 8 4 12
4 0 2 14 16
4 0 10 5 11
4 0 8 4 8
4 10 9 5 10
4 10 8 14 8
4 10 4 7 3
10 14 9 5 10
10 14 8 14 2
10 14 4 7 13
4 0 9 5 10
4 0 8 14 18
4 0 4 7 7
4 10 8 3 11
4 10 2 13 5
4 10 10 12 8
10 14 8 3 13
10 14 2 13 9
10 14 10 12 2
4 0 8 3 7
4 0 2 13 15
4 0 10 12 18
4 10 11 10 7
4 10 2 4 8
4 10 1 1 12
10 14 11 10 5
10 14 2 4 18
10 14 1 1 22
4 0 11 10 17
4 0 2 4 6
4 0 1 1 4
5 8 6 1 8
13 11 6 1 17
4 8 6 1 9
5 8 8 11 6
5 8 14 1 16
5 8 3 10 4
5 8 1 7 5
13 11 8 11 5
13 11 14 1 11
13 11 3 10 11
13 11 1 7 16
4 8 8 11 7
4 8 14 1 17
4 8 3 10 3
4 8 1 7 4
5 8 4 10 3
5 8 10 14 11
5 8 4 0 9
13 11 4 10 10
13 11 10 14 6
13 11 4 0 20
4 8 4 10 2
4 8 10 14 12
4 8 4 0 8
5 8 2 14 9
5 8 10 5 8
5 8 8 4 7
13 11 2 14 14
13 11 10 5 9
13 11 8 4 12
4 8 2 14 8
4 8 10 5 9
4 8 8 4 8
5 8 9 5 7
5 8 8 14 9
5 8 4 7 2
13 11 9 5 10
13 11 8 14 8
13 11 4 7 13
4 8 9 5 8
4 8 8 14 10
4 8 4 7 1
5 8 8 3 8
5 8 2 13 8
5 8 10 12 9
13 11 8 3 13
13 11 2 13 13
13 11 10 12 4
4 8 8 3 9
4 8 2 13 7
4 8 10 12 10
5 8 11 10 8
5 8 2 4 7
5 8 1 1 11
13 11 11 10 3
13 11 2 4 18
13 11 1 1 22
4 8 11 10 9
4 8 2 4 6
4 8 1 1 10
2 14 6 1 17
10 5 6 1 8
8 4 6 1 5
2 14 8 11 9
2 14 14 1 25
2 14 3 10 5
2 14 1 7 8
10 5 8 11 8
10 5 14 1 8
10 5 3 10 12
10 5 1 7 11
8 4 8 11 7
8 4 14 1 9
8 4 3 10 11
8 4 1 7 10
2 14 4 10 6
2 14 10 14 8
2 14 4 0 16
10 5 4 10 11
10 5 10 14 9
10 5 4 0 11
8 4 4 10 10
8 4 10 14 12
8 4 4 0 8
2 14 5 8 9
2 14 13 11 14
2 14 4 8 8
10 5 5 8 8
10 5 13 11 9
10 5 4 8 9
8 4 5 8 7
8 4 13 11 12
8 4 4 8 8
2 14 9 5 16
2 14 8 14 6
2 14 4 7 9
10 5 9 5 1
10 5 8 14 11
10 5 4 7 8
8 4 9 5 2
8 4 8 14 10
8 4 4 7 7
2 14 8 3 17
2 14 2 13 1
2 14 10 12 10
10 5 8 3 4
10 5 2 13 16
10 5 10 12 7
8 4 8 3 1
8 4 2 13 15
8 4 10 12 10
2 14 11 10 13
2 14 2 4 10
2 14 1 1 14
10 5 11 10 6
10 5 2 4 9
10 5 1 1 13
8 4 11 10 9
8 4 2 4 6
8 4 1 1 10
9 5 6 1 7
8 14 6 1 15
4 7 6 1 8
9 5 8 11 7
9 5 14 1 9
9 5 3 10 11
9 5 1 7 10
8 14 8 11 3
8 14 14 1 19
8 14 3 10 9
8 14 1 7 14
4 7 8 11 8
4 7 14 1 16
4 7 3 10 4
4 7 1 7 3
9 5 4 10 10
9 5 10 14 10
9 5 4 0 10
8 14 4 10 8
8 14 10 14 2
8 14 4 0 18
4 7 4 10 3
4 7 10 14 13
4 7 4 0 7
9 5 5 8 7
9 5 13 11 10
9 5 4 8 8
8 14 5 8 9
8 14 13 11 8
8 14 4 8 10
4 7 5 8 2
4 7 13 11 13
4 7 4 8 1
9 5 2 14 16
9 5 10 5 1
9 5 8 4 2
8 14 2 14 6
8 14 10 5 11
8 14 8 4 10
4 7 2 14 9
4 7 10 5 8
4 7 8 4 7
9 5 8 3 3
9 5 2 13 15
9 5 10 12 8
8 14 8 3 11
8 14 2 13 7
8 14 10 12 4
4 7 8 3 8
4 7 2 13 8
4 7 10 12 11
9 5 11 10 7
9 5 2 4 8
9 5 1 1 12
8 14 11 10 7
8 14 2 4 16
8 14 1 1 20
4 7 11 10 10
4 7 2 4 5
4 7 1 1 9
8 3 6 1 4
2 13 6 1 16
10 12 6 1 15
8 3 8 11 8
8 3 14 1 8
8 3 3 10 12
8 3 1 7 11
2 13 8 11 8
2 13 14 1 24
2 13 3 10 4
2 13 1 7 7
10 12 8 11 3
10 12 14 1 15
10 12 3 10 9
10 12 1 7 14
8 3 4 10 11
8 3 10 14 13
8 3 4 0 7
2 13 4 10 5
2 13 10 14 9
2 13 4 0 15
10 12 4 10 8
10 12 10 14 2
10 12 4 0 18
8 3 5 8 8
8 3 13 11 13
8 3 4 8 9
2 13 5 8 8
2 13 13 11 13
2 13 4 8 7
10 12 5 8 9
10 12 13 11 4
10 12 4 8 10
8 3 2 14 17
8 3 10 5 4
8 3 8 4 1
2 13 2 14 1
2 13 10 5 16
2 13 8 4 15
10 12 2 14 10
10 12 10 5 7
10 12 8 4 10
8 3 9 5 3
8 3 8 14 11
8 3 4 7 8
2 13 9 5 15
2 13 8 14 7
2 13 4 7 8
10 12 9 5 8
10 12 8 14 4
10 12 4 7 11
8 3 11 10 10
8 3 2 4 7
8 3 1 1 9
2 13 11 10 12
2 13 2 4 9
2 13 1 1 13
10 12 11 10 3
10 12 2 4 16
10 12 1 1 20
11 10 6 1 14
2 4 6 1 7
1 1 6 1 5
11 10 8 11 4
11 10 14 1 12
11 10 3 10 8
11 10 1 7 13
2 4 8 11 13
2 4 14 1 15
2 4 3 10 7
2 4 1 7 4
1 1 8 11 17
1 1 14 1 13
1 1 3 10 11
1 1 1 7 6
11 10 4 10 7
11 10 10 14 5
11 10 4 0 17
2 4 4 10 8
2 4 10 14 18
2 4 4 0 6
1 1 4 10 12
1 1 10 14 22
1 1 4 0 4
11 10 5 8 8
11 10 13 11 3
11 10 4 8 9
2 4 5 8 7
2 4 13 11 18
2 4 4 8 6
1 1 5 8 11
1 1 13 11 22
1 1 4 8 10
11 10 2 14 13
11 10 10 5 6
11 10 8 4 9
2 4 2 14 10
2 4 10 5 9
2 4 8 4 6
1 1 2 14 14
1 1 10 5 13
1 1 8 4 10
11 10 9 5 7
11 10 8 14 7
11 10 4 7 10
2 4 9 5 8
2 4 8 14 16
2 4 4 7 5
1 1 9 5 12
1 1 8 14 20
1 1 4 7 9
11 10 8 3 10
11 10 2 13 12
11 10 10 12 3
2 4 8 3 7
2 4 2 13 9
2 4 10 12 16
1 1 8 3 9
1 1 2 13 13
1 1 10 12 20
