225 23 7 13 15
7 Clusters:
0 5 6 0
1 3 11 5
1 0 3 5
1 1 12 5
1 12 4 5
2 6 4 4
2 0 8 4
2 6 6 4
3 2 6 1
3 12 8 1
3 1 7 1
4 6 9 9
4 7 7 9
4 2 13 9
5 6 14 15
5 13 6 15
5 5 9 15
6 3 8 4
6 5 5 4
6 10 7 4
7 6 3 9
7 4 13 9
7 7 12 9
458 Arcs:
5 6 3 11 7
5 6 0 3 8
5 6 1 12 10
5 6 12 4 9
5 6 6 4 3
5 6 0 8 7
5 6 6 6 1
5 6 2 6 3
5 6 12 8 9
5 6 1 7 5
5 6 6 9 4
5 6 7 7 3
5 6 2 13 10
5 6 6 14 9
5 6 13 6 8
5 6 5 9 3
5 6 3 8 4
5 6 5 5 1
5 6 10 7 6
5 6 6 3 4
5 6 4 13 8
5 6 7 12 8
3 11 5 6 7
0 3 5 6 8
1 12 5 6 10
12 4 5 6 9
3 11 6 4 10
3 11 0 8 6
3 11 6 6 8
0 3 6 4 7
0 3 0 8 5
0 3 6 6 9
1 12 6 4 13
1 12 0 8 5
1 12 6 6 11
12 4 6 4 6
12 4 0 8 16
12 4 6 6 8
3 11 2 6 6
3 11 12 8 12
3 11 1 7 6
0 3 2 6 5
0 3 12 8 17
0 3 1 7 5
1 12 2 6 7
1 12 12 8 15
1 12 1 7 5
12 4 2 6 12
12 4 12 8 4
12 4 1 7 14
3 11 6 9 5
3 11 7 7 8
3 11 2 13 3
0 3 6 9 12
0 3 7 7 11
0 3 2 13 12
1 12 6 9 8
1 12 7 7 11
1 12 2 13 2
12 4 6 9 11
12 4 7 7 8
12 4 2 13 19
3 11 6 14 6
3 11 13 6 15
3 11 5 9 4
0 3 6 14 17
0 3 13 6 16
0 3 5 9 11
1 12 6 14 7
1 12 13 6 18
1 12 5 9 7
12 4 6 14 16
12 4 13 6 3
12 4 5 9 12
3 11 3 8 3
3 11 5 5 8
3 11 10 7 11
0 3 3 8 8
0 3 5 5 7
0 3 10 7 14
1 12 3 8 6
1 12 5 5 11
1 12 10 7 14
12 4 3 8 13
12 4 5 5 8
12 4 10 7 5
3 11 6 3 11
3 11 4 13 3
3 11 7 12 5
0 3 6 3 6
0 3 4 13 14
0 3 7 12 16
1 12 6 3 14
1 12 4 13 4
1 12 7 12 6
12 4 6 3 7
12 4 4 13 17
12 4 7 12 13
6 4 5 6 3
0 8 5 6 7
6 6 5 6 1
6 4 3 11 10
6 4 0 3 7
6 4 1 12 13
6 4 12 4 6
0 8 3 11 6
0 8 0 3 5
0 8 1 12 5
0 8 12 4 16
6 6 3 11 8
6 6 0 3 9
6 6 1 12 11
6 6 12 4 8
6 4 2 6 6
6 4 12 8 10
6 4 1 7 8
0 8 2 6 4
0 8 12 8 12
0 8 1 7 2
6 6 2 6 4
6 6 12 8 8
6 6 1 7 6
6 4 6 9 5
6 4 7 7 4
6 4 2 13 13
0 8 6 9 7
0 8 7 7 8
0 8 2 13 7
6 6 6 9 3
6 6 7 7 2
6 6 2 13 11
6 4 6 14 10
6 4 13 6 9
6 4 5 9 6
0 8 6 14 12
0 8 13 6 15
0 8 5 9 6
6 6 6 14 8
6 6 13 6 7
6 6 5 9 4
6 4 3 8 7
6 4 5 5 2
6 4 10 7 7
0 8 3 8 3
0 8 5 5 8
0 8 10 7 11
6 6 3 8 5
6 6 5 5 2
6 6 10 7 5
6 4 6 3 1
6 4 4 13 11
6 4 7 12 9
0 8 6 3 11
0 8 4 13 9
0 8 7 12 11
6 6 6 3 3
6 6 4 13 9
6 6 7 12 7
2 6 5 6 3
12 8 5 6 9
1 7 5 6 5
2 6 3 11 6
2 6 0 3 5
2 6 1 12 7
2 6 12 4 12
12 8 3 11 12
12 8 0 3 17
12 8 1 12 15
12 8 12 4 4
1 7 3 11 6
1 7 0 3 5
1 7 1 12 5
1 7 12 4 14
2 6 6 4 6
2 6 0 8 4
2 6 6 6 4
12 8 6 4 10
12 8 0 8 12
12 8 6 6 8
1 7 6 4 8
1 7 0 8 2
1 7 6 6 6
2 6 6 9 7
2 6 7 7 6
2 6 2 13 7
12 8 6 9 7
12 8 7 7 6
12 8 2 13 15
1 7 6 9 7
1 7 7 7 6
1 7 2 13 7
2 6 6 14 12
2 6 13 6 11
2 6 5 9 6
12 8 6 14 12
12 8 13 6 3
12 8 5 9 8
1 7 6 14 12
1 7 13 6 13
1 7 5 9 6
2 6 3 8 3
2 6 5 5 4
2 6 10 7 9
12 8 3 8 9
12 8 5 5 10
12 8 10 7 3
1 7 3 8 3
1 7 5 5 6
1 7 10 7 9
2 6 6 3 7
2 6 4 13 9
2 6 7 12 11
12 8 6 3 11
12 8 4 13 13
12 8 7 12 9
1 7 6 3 9
1 7 4 13 9
1 7 7 12 11
6 9 5 6 4
7 7 5 6 3
2 13 5 6 10
6 9 3 11 5
6 9 0 3 12
6 9 1 12 8
6 9 12 4 11
7 7 3 11 8
7 7 0 3 11
7 7 1 12 11
7 7 12 4 8
2 13 3 11 3
2 13 0 3 12
2 13 1 12 2
2 13 12 4 19
6 9 6 4 5
6 9 0 8 7
6 9 6 6 3
7 7 6 4 4
7 7 0 8 8
7 7 6 6 2
2 13 6 4 13
2 13 0 8 7
2 13 6 6 11
6 9 2 6 7
6 9 12 8 7
6 9 1 7 7
7 7 2 6 6
7 7 12 8 6
7 7 1 7 6
2 13 2 6 7
2 13 12 8 15
2 13 1 7 7
6 9 6 14 5
6 9 13 6 10
6 9 5 9 1
7 7 6 14 8
7 7 13 6 7
7 7 5 9 4
2 13 6 14 5
2 13 13 6 18
2 13 5 9 7
6 9 3 8 4
6 9 5 5 5
6 9 10 7 6
7 7 3 8 5
7 7 5 5 4
7 7 10 7 3
2 13 3 8 6
2 13 5 5 11
2 13 10 7 14
6 9 6 3 6
6 9 4 13 6
6 9 7 12 4
7 7 6 3 5
7 7 4 13 9
7 7 7 12 5
2 13 6 3 14
2 13 4 13 2
2 13 7 12 6
6 14 5 6 9
13 6 5 6 8
5 9 5 6 3
6 14 3 11 6
6 14 0 3 17
6 14 1 12 7
6 14 12 4 16
13 6 3 11 15
13 6 0 3 16
13 6 1 12 18
13 6 12 4 3
5 9 3 11 4
5 9 0 3 11
5 9 1 12 7
5 9 12 4 12
6 14 6 4 10
6 14 0 8 12
6 14 6 6 8
13 6 6 4 9
13 6 0 8 15
13 6 6 6 7
5 9 6 4 6
5 9 0 8 6
5 9 6 6 4
6 14 2 6 12
6 14 12 8 12
6 14 1 7 12
13 6 2 6 11
13 6 12 8 3
13 6 1 7 13
5 9 2 6 6
5 9 12 8 8
5 9 1 7 6
6 14 6 9 5
6 14 7 7 8
6 14 2 13 5
13 6 6 9 10
13 6 7 7 7
13 6 2 13 18
5 9 6 9 1
5 9 7 7 4
5 9 2 13 7
6 14 3 8 9
6 14 5 5 10
6 14 10 7 11
13 6 3 8 12
13 6 5 5 9
13 6 10 7 4
5 9 3 8 3
5 9 5 5 4
5 9 10 7 7
6 14 6 3 11
6 14 4 13 3
6 14 7 12 3
13 6 6 3 10
13 6 4 13 16
13 6 7 12 12
5 9 6 3 7
5 9 4 13 5
5 9 7 12 5
3 8 5 6 4
5 5 5 6 1
10 7 5 6 6
3 8 3 11 3
3 8 0 3 8
3 8 1 12 6
3 8 12 4 13
5 5 3 11 8
5 5 0 3 7
5 5 1 12 11
5 5 12 4 8
10 7 3 11 11
10 7 0 3 14
10 7 1 12 14
10 7 12 4 5
3 8 6 4 7
3 8 0 8 3
3 8 6 6 5
5 5 6 4 2
5 5 0 8 8
5 5 6 6 2
10 7 6 4 7
10 7 0 8 11
10 7 6 6 5
3 8 2 6 3
3 8 12 8 9
3 8 1 7 3
5 5 2 6 4
5 5 12 8 10
5 5 1 7 6
10 7 2 6 9
10 7 12 8 3
10 7 1 7 9
3 8 6 9 4
3 8 7 7 5
3 8 2 13 6
5 5 6 9 5
5 5 7 7 4
5 5 2 13 11
10 7 6 9 6
10 7 7 7 3
10 7 2 13 14
3 8 6 14 9
3 8 13 6 12
3 8 5 9 3
5 5 6 14 10
5 5 13 6 9
5 5 5 9 4
10 7 6 14 11
10 7 13 6 4
10 7 5 9 7
3 8 6 3 8
3 8 4 13 6
3 8 7 12 8
5 5 6 3 3
5 5 4 13 9
5 5 7 12 9
10 7 6 3 8
10 7 4 13 12
10 7 7 12 8
6 3 5 6 4
4 13 5 6 8
7 12 5 6 8
6 3 3 11 11
6 3 0 3 6
6 3 1 12 14
6 3 12 4 7
4 13 3 11 3
4 13 0 3 14
4 13 1 12 4
4 13 12 4 17
7 12 3 11 5
7 12 0 3 16
7 12 1 12 6
7 12 12 4 13
6 3 6 4 1
6 3 0 8 11
6 3 6 6 3
4 13 6 4 11
4 13 0 8 9
4 13 6 6 9
7 12 6 4 9
7 12 0 8 11
7 12 6 6 7
6 3 2 6 7
6 3 12 8 11
6 3 1 7 9
4 13 2 6 9
4 13 12 8 13
4 13 1 7 9
7 12 2 6 11
7 12 12 8 9
7 12 1 7 11
6 3 6 9 6
6 3 7 7 5
6 3 2 13 14
4 13 6 9 6
4 13 7 7 9
4 13 2 13 2
7 12 6 9 4
7 12 7 7 5
7 12 2 13 6
6 3 6 14 11
6 3 13 6 10
6 3 5 9 7
4 13 6 14 3
4 13 13 6 16
4 13 5 9 5
7 12 6 14 3
7 12 13 6 12
7 12 5 9 5
6 3 3 8 8
6 3 5 5 3
6 3 10 7 8
4 13 3 8 6
4 13 5 5 9
4 13 10 7 12
7 12 3 8 8
7 12 5 5 9
7 12 10 7 8
