225 23 7 13 15
7 Clusters:
0 7 3 0
1 8 7 3
1 0 6 3
1 0 4 3
1 0 7 3
2 4 3 14
2 2 0 14
2 4 13 14
3 0 3 13
3 5 3 13
3 11 3 13
4 8 1 11
4 11 0 11
4 4 11 11
5 10 7 10
5 5 10 10
5 8 14 10
6 14 5 11
6 10 13 11
6 12 11 11
7 0 1 5
7 7 14 5
7 9 4 5
458 Arcs:
7 3 8 7 5
7 3 0 6 10
7 3 0 4 8
7 3 0 7 11
7 3 4 3 3
7 3 2 0 8
7 3 4 13 13
7 3 0 3 7
7 3 5 3 2
7 3 11 3 4
7 3 8 1 3
7 3 11 0 7
7 3 4 11 11
7 3 10 7 7
7 3 5 10 9
7 3 8 14 12
7 3 14 5 9
7 3 10 13 13
7 3 12 11 13
7 3 0 1 9
7 3 7 14 11
7 3 9 4 3
8 7 7 3 5
0 6 7 3 10
0 4 7 3 8
0 7 7 3 11
8 7 4 3 8
8 7 2 0 13
8 7 4 13 10
0 6 4 3 7
0 6 2 0 8
0 6 4 13 11
0 4 4 3 5
0 4 2 0 6
0 4 4 13 13
0 7 4 3 8
0 7 2 0 9
0 7 4 13 10
8 7 0 3 12
8 7 5 3 7
8 7 11 3 7
0 6 0 3 3
0 6 5 3 8
0 6 11 3 14
0 4 0 3 1
0 4 5 3 6
0 4 11 3 12
0 7 0 3 4
0 7 5 3 9
0 7 11 3 15
8 7 8 1 6
8 7 11 0 10
8 7 4 11 8
0 6 8 1 13
0 6 11 0 17
0 6 4 11 9
0 4 8 1 11
0 4 11 0 15
0 4 4 11 11
0 7 8 1 14
0 7 11 0 18
0 7 4 11 8
8 7 10 7 2
8 7 5 10 6
8 7 8 14 7
0 6 10 7 11
0 6 5 10 9
0 6 8 14 16
0 4 10 7 13
0 4 5 10 11
0 4 8 14 18
0 7 10 7 10
0 7 5 10 8
0 7 8 14 15
8 7 14 5 8
8 7 10 13 8
8 7 12 11 8
0 6 14 5 15
0 6 10 13 17
0 6 12 11 17
0 4 14 5 15
0 4 10 13 19
0 4 12 11 19
0 7 14 5 16
0 7 10 13 16
0 7 12 11 16
8 7 0 1 14
8 7 7 14 8
8 7 9 4 4
0 6 0 1 5
0 6 7 14 15
0 6 9 4 11
0 4 0 1 3
0 4 7 14 17
0 4 9 4 9
0 7 0 1 6
0 7 7 14 14
0 7 9 4 12
4 3 7 3 3
2 0 7 3 8
4 13 7 3 13
4 3 8 7 8
4 3 0 6 7
4 3 0 4 5
4 3 0 7 8
2 0 8 7 13
2 0 0 6 8
2 0 0 4 6
2 0 0 7 9
4 13 8 7 10
4 13 0 6 11
4 13 0 4 13
4 13 0 7 10
4 3 0 3 4
4 3 5 3 1
4 3 11 3 7
2 0 0 3 5
2 0 5 3 6
2 0 11 3 12
4 13 0 3 14
4 13 5 3 11
4 13 11 3 17
4 3 8 1 6
4 3 11 0 10
4 3 4 11 8
2 0 8 1 7
2 0 11 0 9
2 0 4 11 13
4 13 8 1 16
4 13 11 0 20
4 13 4 11 2
4 3 10 7 10
4 3 5 10 8
4 3 8 14 15
2 0 10 7 15
2 0 5 10 13
2 0 8 14 20
4 13 10 7 12
4 13 5 10 4
4 13 8 14 5
4 3 14 5 12
4 3 10 13 16
4 3 12 11 16
2 0 14 5 17
2 0 10 13 21
2 0 12 11 21
4 13 14 5 18
4 13 10 13 6
4 13 12 11 10
4 3 0 1 6
4 3 7 14 14
4 3 9 4 6
2 0 0 1 3
2 0 7 14 19
2 0 9 4 11
4 13 0 1 16
4 13 7 14 4
4 13 9 4 14
0 3 7 3 7
5 3 7 3 2
11 3 7 3 4
0 3 8 7 12
0 3 0 6 3
0 3 0 4 1
0 3 0 7 4
5 3 8 7 7
5 3 0 6 8
5 3 0 4 6
5 3 0 7 9
11 3 8 7 7
11 3 0 6 14
11 3 0 4 12
11 3 0 7 15
0 3 4 3 4
0 3 2 0 5
0 3 4 13 14
5 3 4 3 1
5 3 2 0 6
5 3 4 13 11
11 3 4 3 7
11 3 2 0 12
11 3 4 13 17
0 3 8 1 10
0 3 11 0 14
0 3 4 11 12
5 3 8 1 5
5 3 11 0 9
5 3 4 11 9
11 3 8 1 5
11 3 11 0 3
11 3 4 11 15
0 3 10 7 14
0 3 5 10 12
0 3 8 14 19
5 3 10 7 9
5 3 5 10 7
5 3 8 14 14
11 3 10 7 5
11 3 5 10 13
11 3 8 14 14
0 3 14 5 16
0 3 10 13 20
0 3 12 11 20
5 3 14 5 11
5 3 10 13 15
5 3 12 11 15
11 3 14 5 5
11 3 10 13 11
11 3 12 11 9
0 3 0 1 2
0 3 7 14 18
0 3 9 4 10
5 3 0 1 7
5 3 7 14 13
5 3 9 4 5
11 3 0 1 13
11 3 7 14 15
11 3 9 4 3
8 1 7 3 3
11 0 7 3 7
4 11 7 3 11
8 1 8 7 6
8 1 0 6 13
8 1 0 4 11
8 1 0 7 14
11 0 8 7 10
11 0 0 6 17
11 0 0 4 15
11 0 0 7 18
4 11 8 7 8
4 11 0 6 9
4 11 0 4 11
4 11 0 7 8
8 1 4 3 6
8 1 2 0 7
8 1 4 13 16
11 0 4 3 10
11 0 2 0 9
11 0 4 13 20
4 11 4 3 8
4 11 2 0 13
4 11 4 13 2
8 1 0 3 10
8 1 5 3 5
8 1 11 3 5
11 0 0 3 14
11 0 5 3 9
11 0 11 3 3
4 11 0 3 12
4 11 5 3 9
4 11 11 3 15
8 1 10 7 8
8 1 5 10 12
8 1 8 14 13
11 0 10 7 8
11 0 5 10 16
11 0 8 14 17
4 11 10 7 10
4 11 5 10 2
4 11 8 14 7
8 1 14 5 10
8 1 10 13 14
8 1 12 11 14
11 0 14 5 8
11 0 10 13 14
11 0 12 11 12
4 11 14 5 16
4 11 10 13 8
4 11 12 11 8
8 1 0 1 8
8 1 7 14 14
8 1 9 4 4
11 0 0 1 12
11 0 7 14 18
11 0 9 4 6
4 11 0 1 14
4 11 7 14 6
4 11 9 4 12
10 7 7 3 7
5 10 7 3 9
8 14 7 3 12
10 7 8 7 2
10 7 0 6 11
10 7 0 4 13
10 7 0 7 10
5 10 8 7 6
5 10 0 6 9
5 10 0 4 11
5 10 0 7 8
8 14 8 7 7
8 14 0 6 16
8 14 0 4 18
8 14 0 7 15
10 7 4 3 10
10 7 2 0 15
10 7 4 13 12
5 10 4 3 8
5 10 2 0 13
5 10 4 13 4
8 14 4 3 15
8 14 2 0 20
8 14 4 13 5
10 7 0 3 14
10 7 5 3 9
10 7 11 3 5
5 10 0 3 12
5 10 5 3 7
5 10 11 3 13
8 14 0 3 19
8 14 5 3 14
8 14 11 3 14
10 7 8 1 8
10 7 11 0 8
10 7 4 11 10
5 10 8 1 12
5 10 11 0 16
5 10 4 11 2
8 14 8 1 13
8 14 11 0 17
8 14 4 11 7
10 7 14 5 6
10 7 10 13 6
10 7 12 11 6
5 10 14 5 14
5 10 10 13 8
5 10 12 11 8
8 14 14 5 15
8 14 10 13 3
8 14 12 11 7
10 7 0 1 16
10 7 7 14 10
10 7 9 4 4
5 10 0 1 14
5 10 7 14 6
5 10 9 4 10
8 14 0 1 21
8 14 7 14 1
8 14 9 4 11
14 5 7 3 9
10 13 7 3 13
12 11 7 3 13
14 5 8 7 8
14 5 0 6 15
14 5 0 4 15
14 5 0 7 16
10 13 8 7 8
10 13 0 6 17
10 13 0 4 19
10 13 0 7 16
12 11 8 7 8
12 11 0 6 17
12 11 0 4 19
12 11 0 7 16
14 5 4 3 12
14 5 2 0 17
14 5 4 13 18
10 13 4 3 16
10 13 2 0 21
10 13 4 13 6
12 11 4 3 16
12 11 2 0 21
12 11 4 13 10
14 5 0 3 16
14 5 5 3 11
14 5 11 3 5
10 13 0 3 20
10 13 5 3 15
10 13 11 3 11
12 11 0 3 20
12 11 5 3 15
12 11 11 3 9
14 5 8 1 10
14 5 11 0 8
14 5 4 11 16
10 13 8 1 14
10 13 11 0 14
10 13 4 11 8
12 11 8 1 14
12 11 11 0 12
12 11 4 11 8
14 5 10 7 6
14 5 5 10 14
14 5 8 14 15
10 13 10 7 6
10 13 5 10 8
10 13 8 14 3
12 11 10 7 6
12 11 5 10 8
12 11 8 14 7
14 5 0 1 18
14 5 7 14 16
14 5 9 4 6
10 13 0 1 22
10 13 7 14 4
10 13 9 4 10
12 11 0 1 22
12 11 7 14 8
12 11 9 4 10
0 1 7 3 9
7 14 7 3 11
9 4 7 3 3
0 1 8 7 14
0 1 0 6 5
0 1 0 4 3
0 1 0 7 6
7 14 8 7 8
7 14 0 6 15
7 14 0 4 17
7 14 0 7 14
9 4 8 7 4
9 4 0 6 11
9 4 0 4 9
9 4 0 7 12
0 1 4 3 6
0 1 2 0 3
0 1 4 13 16
7 14 4 3 14
7 14 2 0 19
7 14 4 13 4
9 4 4 3 6
9 4 2 0 11
9 4 4 13 14
0 1 0 3 2
0 1 5 3 7
0 1 11 3 13
7 14 0 3 18
7 14 5 3 13
7 14 11 3 15
9 4 0 3 10
9 4 5 3 5
9 4 11 3 3
0 1 8 1 8
0 1 11 0 12
0 1 4 11 14
7 14 8 1 14
7 14 11 0 18
7 14 4 11 6
9 4 8 1 4
9 4 11 0 6
9 4 4 11 12
0 1 10 7 16
0 1 5 10 14
0 1 8 14 21
7 14 10 7 10
7 14 5 10 6
7 14 8 14 1
9 4 10 7 4
9 4 5 10 10
9 4 8 14 11
0 1 14 5 18
0 1 10 13 22
0 1 12 11 22
7 14 14 5 16
7 14 10 13 4
7 14 12 11 8
9 4 14 5 6
9 4 10 13 10
9 4 12 11 10
