225 23 7 13 15
7 Clusters:
0 11 13 0
1 8 0 11
1 14 8 11
1 8 14 11
1 13 14 11
2 10 3 15
2 11 5 15
2 13 7 15
3 7 13 4
3 14 6 4
3 8 2 4
4 0 3 3
4 4 12 3
4 11 11 3
5 8 5 13
5 0 7 13
5 11 1 13
6 4 1 9
6 13 5 9
6 0 12 9
7 1 1 4
7 8 8 4
7 5 1 4
458 Arcs:
11 13 8 0 16
11 13 14 8 8
11 13 8 14 4
11 13 13 14 3
11 13 10 3 11
11 13 11 5 8
11 13 13 7 8
11 13 7 13 4
11 13 14 6 10
11 13 8 2 14
11 13 0 3 21
11 13 4 12 8
11 13 11 11 2
11 13 8 5 11
11 13 0 7 17
11 13 11 1 12
11 13 4 1 19
11 13 13 5 10
11 13 0 12 12
11 13 1 1 22
11 13 8 8 8
11 13 5 1 18
8 0 11 13 16
14 8 11 13 8
8 14 11 13 4
13 14 11 13 3
8 0 10 3 5
8 0 11 5 8
8 0 13 7 12
14 8 10 3 9
14 8 11 5 6
14 8 13 7 2
8 14 10 3 13
8 14 11 5 12
8 14 13 7 12
13 14 10 3 14
13 14 11 5 11
13 14 13 7 7
8 0 7 13 14
8 0 14 6 12
8 0 8 2 2
14 8 7 13 12
14 8 14 6 2
14 8 8 2 12
8 14 7 13 2
8 14 14 6 14
8 14 8 2 12
13 14 7 13 7
13 14 14 6 9
13 14 8 2 17
8 0 0 3 11
8 0 4 12 16
8 0 11 11 14
14 8 0 3 19
14 8 4 12 14
14 8 11 11 6
8 14 0 3 19
8 14 4 12 6
8 14 11 11 6
13 14 0 3 24
13 14 4 12 11
13 14 11 11 5
8 0 8 5 5
8 0 0 7 15
8 0 11 1 4
14 8 8 5 9
14 8 0 7 15
14 8 11 1 10
8 14 8 5 9
8 14 0 7 15
8 14 11 1 16
13 14 8 5 14
13 14 0 7 20
13 14 11 1 15
8 0 4 1 5
8 0 13 5 10
8 0 0 12 20
14 8 4 1 17
14 8 13 5 4
14 8 0 12 18
8 14 4 1 17
8 14 13 5 14
8 14 0 12 10
13 14 4 1 22
13 14 13 5 9
13 14 0 12 15
8 0 1 1 8
8 0 8 8 8
8 0 5 1 4
14 8 1 1 20
14 8 8 8 6
14 8 5 1 16
8 14 1 1 20
8 14 8 8 6
8 14 5 1 16
13 14 1 1 25
13 14 8 8 11
13 14 5 1 21
10 3 11 13 11
11 5 11 13 8
13 7 11 13 8
10 3 8 0 5
10 3 14 8 9
10 3 8 14 13
10 3 13 14 14
11 5 8 0 8
11 5 14 8 6
11 5 8 14 12
11 5 13 14 11
13 7 8 0 12
13 7 14 8 2
13 7 8 14 12
13 7 13 14 7
10 3 7 13 13
10 3 14 6 7
10 3 8 2 3
11 5 7 13 12
11 5 14 6 4
11 5 8 2 6
13 7 7 13 12
13 7 14 6 2
13 7 8 2 10
10 3 0 3 10
10 3 4 12 15
10 3 11 11 9
11 5 0 3 13
11 5 4 12 14
11 5 11 11 6
13 7 0 3 17
13 7 4 12 14
13 7 11 11 6
10 3 8 5 4
10 3 0 7 14
10 3 11 1 3
11 5 8 5 3
11 5 0 7 13
11 5 11 1 4
13 7 8 5 7
13 7 0 7 13
13 7 11 1 8
10 3 4 1 8
10 3 13 5 5
10 3 0 12 19
11 5 4 1 11
11 5 13 5 2
11 5 0 12 18
13 7 4 1 15
13 7 13 5 2
13 7 0 12 18
10 3 1 1 11
10 3 8 8 7
10 3 5 1 7
11 5 1 1 14
11 5 8 8 6
11 5 5 1 10
13 7 1 1 18
13 7 8 8 6
13 7 5 1 14
7 13 11 13 4
14 6 11 13 10
8 2 11 13 14
7 13 8 0 14
7 13 14 8 12
7 13 8 14 2
7 13 13 14 7
14 6 8 0 12
14 6 14 8 2
14 6 8 14 14
14 6 13 14 9
8 2 8 0 2
8 2 14 8 12
8 2 8 14 12
8 2 13 14 17
7 13 10 3 13
7 13 11 5 12
7 13 13 7 12
14 6 10 3 7
14 6 11 5 4
14 6 13 7 2
8 2 10 3 3
8 2 11 5 6
8 2 13 7 10
7 13 0 3 17
7 13 4 12 4
7 13 11 11 6
14 6 0 3 17
14 6 4 12 16
14 6 11 11 8
8 2 0 3 9
8 2 4 12 14
8 2 11 11 12
7 13 8 5 9
7 13 0 7 13
7 13 11 1 16
14 6 8 5 7
14 6 0 7 15
14 6 11 1 8
8 2 8 5 3
8 2 0 7 13
8 2 11 1 4
7 13 4 1 15
7 13 13 5 14
7 13 0 12 8
14 6 4 1 15
14 6 13 5 2
14 6 0 12 20
8 2 4 1 5
8 2 13 5 8
8 2 0 12 18
7 13 1 1 18
7 13 8 8 6
7 13 5 1 14
14 6 1 1 18
14 6 8 8 8
14 6 5 1 14
8 2 1 1 8
8 2 8 8 6
8 2 5 1 4
0 3 11 13 21
4 12 11 13 8
11 11 11 13 2
0 3 8 0 11
0 3 14 8 19
0 3 8 14 19
0 3 13 14 24
4 12 8 0 16
4 12 14 8 14
4 12 8 14 6
4 12 13 14 11
11 11 8 0 14
11 11 14 8 6
11 11 8 14 6
11 11 13 14 5
0 3 10 3 10
0 3 11 5 13
0 3 13 7 17
4 12 10 3 15
4 12 11 5 14
4 12 13 7 14
11 11 10 3 9
11 11 11 5 6
11 11 13 7 6
0 3 7 13 17
0 3 14 6 17
0 3 8 2 9
4 12 7 13 4
4 12 14 6 16
4 12 8 2 14
11 11 7 13 6
11 11 14 6 8
11 11 8 2 12
0 3 8 5 10
0 3 0 7 4
0 3 11 1 13
4 12 8 5 11
4 12 0 7 9
4 12 11 1 18
11 11 8 5 9
11 11 0 7 15
11 11 11 1 10
0 3 4 1 6
0 3 13 5 15
0 3 0 12 9
4 12 4 1 11
4 12 13 5 16
4 12 0 12 4
11 11 4 1 17
11 11 13 5 8
11 11 0 12 12
0 3 1 1 3
0 3 8 8 13
0 3 5 1 7
4 12 1 1 14
4 12 8 8 8
4 12 5 1 12
11 11 1 1 20
11 11 8 8 6
11 11 5 1 16
8 5 11 13 11
0 7 11 13 17
11 1 11 13 12
8 5 8 0 5
8 5 14 8 9
8 5 8 14 9
8 5 13 14 14
0 7 8 0 15
0 7 14 8 15
0 7 8 14 15
0 7 13 14 20
11 1 8 0 4
11 1 14 8 10
11 1 8 14 16
11 1 13 14 15
8 5 10 3 4
8 5 11 5 3
8 5 13 7 7
0 7 10 3 14
0 7 11 5 13
0 7 13 7 13
11 1 10 3 3
11 1 11 5 4
11 1 13 7 8
8 5 7 13 9
8 5 14 6 7
8 5 8 2 3
0 7 7 13 13
0 7 14 6 15
0 7 8 2 13
11 1 7 13 16
11 1 14 6 8
11 1 8 2 4
8 5 0 3 10
8 5 4 12 11
8 5 11 11 9
0 7 0 3 4
0 7 4 12 9
0 7 11 11 15
11 1 0 3 13
11 1 4 12 18
11 1 11 11 10
8 5 4 1 8
8 5 13 5 5
8 5 0 12 15
0 7 4 1 10
0 7 13 5 15
0 7 0 12 5
11 1 4 1 7
11 1 13 5 6
11 1 0 12 22
8 5 1 1 11
8 5 8 8 3
8 5 5 1 7
0 7 1 1 7
0 7 8 8 9
0 7 5 1 11
11 1 1 1 10
11 1 8 8 10
11 1 5 1 6
4 1 11 13 19
13 5 11 13 10
0 12 11 13 12
4 1 8 0 5
4 1 14 8 17
4 1 8 14 17
4 1 13 14 22
13 5 8 0 10
13 5 14 8 4
13 5 8 14 14
13 5 13 14 9
0 12 8 0 20
0 12 14 8 18
0 12 8 14 10
0 12 13 14 15
4 1 10 3 8
4 1 11 5 11
4 1 13 7 15
13 5 10 3 5
13 5 11 5 2
13 5 13 7 2
0 12 10 3 19
0 12 11 5 18
0 12 13 7 18
4 1 7 13 15
4 1 14 6 15
4 1 8 2 5
13 5 7 13 14
13 5 14 6 2
13 5 8 2 8
0 12 7 13 8
0 12 14 6 20
0 12 8 2 18
4 1 0 3 6
4 1 4 12 11
4 1 11 11 17
13 5 0 3 15
13 5 4 12 16
13 5 11 11 8
0 12 0 3 9
0 12 4 12 4
0 12 11 11 12
4 1 8 5 8
4 1 0 7 10
4 1 11 1 7
13 5 8 5 5
13 5 0 7 15
13 5 11 1 6
0 12 8 5 15
0 12 0 7 5
0 12 11 1 22
4 1 1 1 3
4 1 8 8 11
4 1 5 1 1
13 5 1 1 16
13 5 8 8 8
13 5 5 1 12
0 12 1 1 12
0 12 8 8 12
0 12 5 1 16
1 1 11 13 22
8 8 11 13 8
5 1 11 13 18
1 1 8 0 8
1 1 14 8 20
1 1 8 14 20
1 1 13 14 25
8 8 8 0 8
8 8 14 8 6
8 8 8 14 6
8 8 13 14 11
5 1 8 0 4
5 1 14 8 16
5 1 8 14 16
5 1 13 14 21
1 1 10 3 11
1 1 11 5 14
1 1 13 7 18
8 8 10 3 7
8 8 11 5 6
8 8 13 7 6
5 1 10 3 7
5 1 11 5 10
5 1 13 7 14
1 1 7 13 18
1 1 14 6 18
1 1 8 2 8
8 8 7 13 6
8 8 14 6 8
8 8 8 2 6
5 1 7 13 14
5 1 14 6 14
5 1 8 2 4
1 1 0 3 3
1 1 4 12 14
1 1 11 11 20
8 8 0 3 13
8 8 4 12 8
8 8 11 11 6
5 1 0 3 7
5 1 4 12 12
5 1 11 11 16
1 1 8 5 11
1 1 0 7 7
1 1 11 1 10
8 8 8 5 3
8 8 0 7 9
8 8 11 1 10
5 1 8 5 7
5 1 0 7 11
5 1 11 1 6
1 1 4 1 3
1 1 13 5 16
1 1 0 12 12
8 8 4 1 11
8 8 13 5 8
8 8 0 12 12
5 1 4 1 1
5 1 13 5 12
5 1 0 12 16
