625 63 21 38 15
21 Clusters:
0 21 5 0
1 14 11 14
1 14 2 14
1 9 6 14
2 13 11 5
2 11 10 5
2 6 1 5
3 1 0 7
3 15 7 7
3 6 8 7
4 21 22 9
4 19 4 9
4 23 4 9
5 22 18 14
5 3 15 14
5 18 17 14
6 13 10 2
6 2 4 2
6 18 5 2
7 2 0 9
7 20 3 9
7 13 14 9
8 12 19 14
8 21 4 14
8 1 5 14
9 15 6 12
9 19 18 12
9 0 2 12
10 11 0 12
10 7 21 12
10 17 14 12
11 16 12 7
11 9 16 7
11 19 16 7
12 19 10 1
12 18 2 1
12 14 3 1
13 12 10 5
13 24 9 5
13 23 5 5
14 17 4 2
14 15 22 2
14 7 22 2
15 6 5 4
15 2 3 4
15 16 18 4
16 14 14 8
16 5 12 8
16 14 10 8
17 20 22 6
17 16 22 6
17 23 12 6
18 11 6 7
18 22 16 7
18 17 11 7
19 11 3 11
19 17 1 11
19 12 9 11
20 24 23 12
20 22 15 12
20 24 13 12
21 24 10 3
21 7 13 3
3784 Arcs:
21 5 14 11 13
21 5 14 2 10
21 5 9 6 13
21 5 13 11 14
21 5 11 10 15
21 5 6 1 19
21 5 1 0 25
21 5 15 7 8
21 5 6 8 18
21 5 21 22 17
21 5 19 4 3
21 5 23 4 3
21 5 22 18 14
21 5 3 15 28
21 5 18 17 15
21 5 13 10 13
21 5 2 4 20
21 5 18 5 3
21 5 2 0 24
21 5 20 3 3
21 5 13 14 17
21 5 12 19 23
21 5 21 4 1
21 5 1 5 20
21 5 15 6 7
21 5 19 18 15
21 5 0 2 24
21 5 11 0 15
21 5 7 21 30
21 5 17 14 13
21 5 16 12 12
21 5 9 16 23
21 5 19 16 13
21 5 19 10 7
21 5 18 2 6
21 5 14 3 9
21 5 12 10 14
21 5 24 9 7
21 5 23 5 2
21 5 17 4 5
21 5 15 22 23
21 5 7 22 31
21 5 6 5 15
21 5 2 3 21
21 5 16 18 18
21 5 14 14 16
21 5 5 12 23
21 5 14 10 12
21 5 20 22 18
21 5 16 22 22
21 5 23 12 9
21 5 11 6 11
21 5 22 16 12
21 5 17 11 10
21 5 11 3 12
21 5 17 1 8
21 5 12 9 13
21 5 24 23 21
21 5 22 15 11
21 5 24 13 11
21 5 24 10 8
21 5 7 13 22
14 11 21 5 13
14 2 21 5 10
9 6 21 5 13
14 11 13 11 1
14 11 11 10 4
14 11 6 1 18
14 2 13 11 10
14 2 11 10 11
14 2 6 1 9
9 6 13 11 9
9 6 11 10 6
9 6 6 1 8
14 11 1 0 24
14 11 15 7 5
14 11 6 8 11
14 2 1 0 15
14 2 15 7 6
14 2 6 8 14
9 6 1 0 14
9 6 15 7 7
9 6 6 8 5
14 11 21 22 18
14 11 19 4 12
14 11 23 4 16
14 2 21 22 27
14 2 19 4 7
14 2 23 4 11
9 6 21 22 28
9 6 19 4 12
9 6 23 4 16
14 11 22 18 15
14 11 3 15 15
14 11 18 17 10
14 2 22 18 24
14 2 3 15 24
14 2 18 17 19
9 6 22 18 25
9 6 3 15 15
9 6 18 17 20
14 11 13 10 2
14 11 2 4 19
14 11 18 5 10
14 2 13 10 9
14 2 2 4 14
14 2 18 5 7
9 6 13 10 8
9 6 2 4 9
9 6 18 5 10
14 11 2 0 23
14 11 20 3 14
14 11 13 14 4
14 2 2 0 14
14 2 20 3 7
14 2 13 14 13
9 6 2 0 13
9 6 20 3 14
9 6 13 14 12
14 11 12 19 10
14 11 21 4 14
14 11 1 5 19
14 2 12 19 19
14 2 21 4 9
14 2 1 5 16
9 6 12 19 16
9 6 21 4 14
9 6 1 5 9
14 11 15 6 6
14 11 19 18 12
14 11 0 2 23
14 2 15 6 5
14 2 19 18 21
14 2 0 2 14
9 6 15 6 6
9 6 19 18 22
9 6 0 2 13
14 11 11 0 14
14 11 7 21 17
14 11 17 14 6
14 2 11 0 5
14 2 7 21 26
14 2 17 14 15
9 6 11 0 8
9 6 7 21 17
9 6 17 14 16
14 11 16 12 3
14 11 9 16 10
14 11 19 16 10
14 2 16 12 12
14 2 9 16 19
14 2 19 16 19
9 6 16 12 13
9 6 9 16 10
9 6 19 16 20
14 11 19 10 6
14 11 18 2 13
14 11 14 3 8
14 2 19 10 13
14 2 18 2 4
14 2 14 3 1
9 6 19 10 14
9 6 18 2 13
9 6 14 3 8
14 11 12 10 3
14 11 24 9 12
14 11 23 5 15
14 2 12 10 10
14 2 24 9 17
14 2 23 5 12
9 6 12 10 7
9 6 24 9 18
9 6 23 5 15
14 11 17 4 10
14 11 15 22 12
14 11 7 22 18
14 2 17 4 5
14 2 15 22 21
14 2 7 22 27
9 6 17 4 10
9 6 15 22 22
9 6 7 22 18
14 11 6 5 14
14 11 2 3 20
14 11 16 18 9
14 2 6 5 11
14 2 2 3 13
14 2 16 18 18
9 6 6 5 4
9 6 2 3 10
9 6 16 18 19
14 11 14 14 3
14 11 5 12 10
14 11 14 10 1
14 2 14 14 12
14 2 5 12 19
14 2 14 10 8
9 6 14 14 13
9 6 5 12 10
9 6 14 10 9
14 11 20 22 17
14 11 16 22 13
14 11 23 12 10
14 2 20 22 26
14 2 16 22 22
14 2 23 12 19
9 6 20 22 27
9 6 16 22 23
9 6 23 12 20
14 11 11 6 8
14 11 22 16 13
14 11 17 11 3
14 2 11 6 7
14 2 22 16 22
14 2 17 11 12
9 6 11 6 2
9 6 22 16 23
9 6 17 11 13
14 11 11 3 11
14 11 17 1 13
14 11 12 9 4
14 2 11 3 4
14 2 17 1 4
14 2 12 9 9
9 6 11 3 5
9 6 17 1 13
9 6 12 9 6
14 11 24 23 22
14 11 22 15 12
14 11 24 13 12
14 2 24 23 31
14 2 22 15 21
14 2 24 13 21
9 6 24 23 32
9 6 22 15 22
9 6 24 13 22
14 11 24 10 11
14 11 7 13 9
14 2 24 10 18
14 2 7 13 18
9 6 24 10 19
9 6 7 13 9
13 11 21 5 14
11 10 21 5 15
6 1 21 5 19
13 11 14 11 1
13 11 14 2 10
13 11 9 6 9
11 10 14 11 4
11 10 14 2 11
11 10 9 6 6
6 1 14 11 18
6 1 14 2 9
6 1 9 6 8
13 11 1 0 23
13 11 15 7 6
13 11 6 8 10
11 10 1 0 20
11 10 15 7 7
11 10 6 8 7
6 1 1 0 6
6 1 15 7 15
6 1 6 8 7
13 11 21 22 19
13 11 19 4 13
13 11 23 4 17
11 10 21 22 22
11 10 19 4 14
11 10 23 4 18
6 1 21 22 36
6 1 19 4 16
6 1 23 4 20
13 11 22 18 16
13 11 3 15 14
13 11 18 17 11
11 10 22 18 19
11 10 3 15 13
11 10 18 17 14
6 1 22 18 33
6 1 3 15 17
6 1 18 17 28
13 11 13 10 1
13 11 2 4 18
13 11 18 5 11
11 10 13 10 2
11 10 2 4 15
11 10 18 5 12
6 1 13 10 16
6 1 2 4 7
6 1 18 5 16
13 11 2 0 22
13 11 20 3 15
13 11 13 14 3
11 10 2 0 19
11 10 20 3 16
11 10 13 14 6
6 1 2 0 5
6 1 20 3 16
6 1 13 14 20
13 11 12 19 9
13 11 21 4 15
13 11 1 5 18
11 10 12 19 10
11 10 21 4 16
11 10 1 5 15
6 1 12 19 24
6 1 21 4 18
6 1 1 5 9
13 11 15 6 7
13 11 19 18 13
13 11 0 2 22
11 10 15 6 8
11 10 19 18 16
11 10 0 2 19
6 1 15 6 14
6 1 19 18 30
6 1 0 2 7
13 11 11 0 13
13 11 7 21 16
13 11 17 14 7
11 10 11 0 10
11 10 7 21 15
11 10 17 14 10
6 1 11 0 6
6 1 7 21 21
6 1 17 14 24
13 11 16 12 4
13 11 9 16 9
13 11 19 16 11
11 10 16 12 7
11 10 9 16 8
11 10 19 16 14
6 1 16 12 21
6 1 9 16 18
6 1 19 16 28
13 11 19 10 7
13 11 18 2 14
13 11 14 3 9
11 10 19 10 8
11 10 18 2 15
11 10 14 3 10
6 1 19 10 22
6 1 18 2 13
6 1 14 3 10
13 11 12 10 2
13 11 24 9 13
13 11 23 5 16
11 10 12 10 1
11 10 24 9 14
11 10 23 5 17
6 1 12 10 15
6 1 24 9 26
6 1 23 5 21
13 11 17 4 11
13 11 15 22 13
13 11 7 22 17
11 10 17 4 12
11 10 15 22 16
11 10 7 22 16
6 1 17 4 14
6 1 15 22 30
6 1 7 22 22
13 11 6 5 13
13 11 2 3 19
13 11 16 18 10
11 10 6 5 10
11 10 2 3 16
11 10 16 18 13
6 1 6 5 4
6 1 2 3 6
6 1 16 18 27
13 11 14 14 4
13 11 5 12 9
13 11 14 10 2
11 10 14 14 7
11 10 5 12 8
11 10 14 10 3
6 1 14 14 21
6 1 5 12 12
6 1 14 10 17
13 11 20 22 18
13 11 16 22 14
13 11 23 12 11
11 10 20 22 21
11 10 16 22 17
11 10 23 12 14
6 1 20 22 35
6 1 16 22 31
6 1 23 12 28
13 11 11 6 7
13 11 22 16 14
13 11 17 11 4
11 10 11 6 4
11 10 22 16 17
11 10 17 11 7
6 1 11 6 10
6 1 22 16 31
6 1 17 11 21
13 11 11 3 10
13 11 17 1 14
13 11 12 9 3
11 10 11 3 7
11 10 17 1 15
11 10 12 9 2
6 1 11 3 7
6 1 17 1 11
6 1 12 9 14
13 11 24 23 23
13 11 22 15 13
13 11 24 13 13
11 10 24 23 26
11 10 22 15 16
11 10 24 13 16
6 1 24 23 40
6 1 22 15 30
6 1 24 13 30
13 11 24 10 12
13 11 7 13 8
11 10 24 10 13
11 10 7 13 7
6 1 24 10 27
6 1 7 13 13
1 0 21 5 25
15 7 21 5 8
6 8 21 5 18
1 0 14 11 24
1 0 14 2 15
1 0 9 6 14
15 7 14 11 5
15 7 14 2 6
15 7 9 6 7
6 8 14 11 11
6 8 14 2 14
6 8 9 6 5
1 0 13 11 23
1 0 11 10 20
1 0 6 1 6
15 7 13 11 6
15 7 11 10 7
15 7 6 1 15
6 8 13 11 10
6 8 11 10 7
6 8 6 1 7
1 0 21 22 42
1 0 19 4 22
1 0 23 4 26
15 7 21 22 21
15 7 19 4 7
15 7 23 4 11
6 8 21 22 29
6 8 19 4 17
6 8 23 4 21
1 0 22 18 39
1 0 3 15 17
1 0 18 17 34
15 7 22 18 18
15 7 3 15 20
15 7 18 17 13
6 8 22 18 26
6 8 3 15 10
6 8 18 17 21
1 0 13 10 22
1 0 2 4 5
1 0 18 5 22
15 7 13 10 5
15 7 2 4 16
15 7 18 5 5
6 8 13 10 9
6 8 2 4 8
6 8 18 5 15
1 0 2 0 1
1 0 20 3 22
1 0 13 14 26
15 7 2 0 20
15 7 20 3 9
15 7 13 14 9
6 8 2 0 12
6 8 20 3 19
6 8 13 14 13
1 0 12 19 30
1 0 21 4 24
1 0 1 5 5
15 7 12 19 15
15 7 21 4 9
15 7 1 5 16
6 8 12 19 17
6 8 21 4 19
6 8 1 5 8
1 0 15 6 20
1 0 19 18 36
1 0 0 2 3
15 7 15 6 1
15 7 19 18 15
15 7 0 2 20
6 8 15 6 11
6 8 19 18 23
6 8 0 2 12
1 0 11 0 10
1 0 7 21 27
1 0 17 14 30
15 7 11 0 11
15 7 7 21 22
15 7 17 14 9
6 8 11 0 13
6 8 7 21 14
6 8 17 14 17
1 0 16 12 27
1 0 9 16 24
1 0 19 16 34
15 7 16 12 6
15 7 9 16 15
15 7 19 16 13
6 8 16 12 14
6 8 9 16 11
6 8 19 16 21
1 0 19 10 28
1 0 18 2 19
1 0 14 3 16
15 7 19 10 7
15 7 18 2 8
15 7 14 3 5
6 8 19 10 15
6 8 18 2 18
6 8 14 3 13
1 0 12 10 21
1 0 24 9 32
1 0 23 5 27
15 7 12 10 6
15 7 24 9 11
15 7 23 5 10
6 8 12 10 8
6 8 24 9 19
6 8 23 5 20
1 0 17 4 20
1 0 15 22 36
1 0 7 22 28
15 7 17 4 5
15 7 15 22 15
15 7 7 22 23
6 8 17 4 15
6 8 15 22 23
6 8 7 22 15
1 0 6 5 10
1 0 2 3 4
1 0 16 18 33
15 7 6 5 11
15 7 2 3 17
15 7 16 18 12
6 8 6 5 3
6 8 2 3 9
6 8 16 18 20
1 0 14 14 27
1 0 5 12 16
1 0 14 10 23
15 7 14 14 8
15 7 5 12 15
15 7 14 10 4
6 8 14 14 14
6 8 5 12 5
6 8 14 10 10
1 0 20 22 41
1 0 16 22 37
1 0 23 12 34
15 7 20 22 20
15 7 16 22 16
15 7 23 12 13
6 8 20 22 28
6 8 16 22 24
6 8 23 12 21
1 0 11 6 16
1 0 22 16 37
1 0 17 11 27
15 7 11 6 5
15 7 22 16 16
15 7 17 11 6
6 8 11 6 7
6 8 22 16 24
6 8 17 11 14
1 0 11 3 13
1 0 17 1 17
1 0 12 9 20
15 7 11 3 8
15 7 17 1 8
15 7 12 9 5
6 8 11 3 10
6 8 17 1 18
6 8 12 9 7
1 0 24 23 46
1 0 22 15 36
1 0 24 13 36
15 7 24 23 25
15 7 22 15 15
15 7 24 13 15
6 8 24 23 33
6 8 22 15 23
6 8 24 13 23
1 0 24 10 33
1 0 7 13 19
15 7 24 10 12
15 7 7 13 14
6 8 24 10 20
6 8 7 13 6
21 22 21 5 17
19 4 21 5 3
23 4 21 5 3
21 22 14 11 18
21 22 14 2 27
21 22 9 6 28
19 4 14 11 12
19 4 14 2 7
19 4 9 6 12
23 4 14 11 16
23 4 14 2 11
23 4 9 6 16
21 22 13 11 19
21 22 11 10 22
21 22 6 1 36
19 4 13 11 13
19 4 11 10 14
19 4 6 1 16
23 4 13 11 17
23 4 11 10 18
23 4 6 1 20
21 22 1 0 42
21 22 15 7 21
21 22 6 8 29
19 4 1 0 22
19 4 15 7 7
19 4 6 8 17
23 4 1 0 26
23 4 15 7 11
23 4 6 8 21
21 22 22 18 5
21 22 3 15 25
21 22 18 17 8
19 4 22 18 17
19 4 3 15 27
19 4 18 17 14
23 4 22 18 15
23 4 3 15 31
23 4 18 17 18
21 22 13 10 20
21 22 2 4 37
21 22 18 5 20
19 4 13 10 12
19 4 2 4 17
19 4 18 5 2
23 4 13 10 16
23 4 2 4 21
23 4 18 5 6
21 22 2 0 41
21 22 20 3 20
21 22 13 14 16
19 4 2 0 21
19 4 20 3 2
19 4 13 14 16
23 4 2 0 25
23 4 20 3 4
23 4 13 14 20
21 22 12 19 12
21 22 21 4 18
21 22 1 5 37
19 4 12 19 22
19 4 21 4 2
19 4 1 5 19
23 4 12 19 26
23 4 21 4 2
23 4 1 5 23
21 22 15 6 22
21 22 19 18 6
21 22 0 2 41
19 4 15 6 6
19 4 19 18 14
19 4 0 2 21
23 4 15 6 10
23 4 19 18 18
23 4 0 2 25
21 22 11 0 32
21 22 7 21 15
21 22 17 14 12
19 4 11 0 12
19 4 7 21 29
19 4 17 14 12
23 4 11 0 16
23 4 7 21 33
23 4 17 14 16
21 22 16 12 15
21 22 9 16 18
21 22 19 16 8
19 4 16 12 11
19 4 9 16 22
19 4 19 16 12
23 4 16 12 15
23 4 9 16 26
23 4 19 16 16
21 22 19 10 14
21 22 18 2 23
21 22 14 3 26
19 4 19 10 6
19 4 18 2 3
19 4 14 3 6
23 4 19 10 10
23 4 18 2 7
23 4 14 3 10
21 22 12 10 21
21 22 24 9 16
21 22 23 5 19
19 4 12 10 13
19 4 24 9 10
19 4 23 5 5
23 4 12 10 17
23 4 24 9 6
23 4 23 5 1
21 22 17 4 22
21 22 15 22 6
21 22 7 22 14
19 4 17 4 2
19 4 15 22 22
19 4 7 22 30
23 4 17 4 6
23 4 15 22 26
23 4 7 22 34
21 22 6 5 32
21 22 2 3 38
21 22 16 18 9
19 4 6 5 14
19 4 2 3 18
19 4 16 18 17
23 4 6 5 18
23 4 2 3 22
23 4 16 18 21
21 22 14 14 15
21 22 5 12 26
21 22 14 10 19
19 4 14 14 15
19 4 5 12 22
19 4 14 10 11
23 4 14 14 19
23 4 5 12 26
23 4 14 10 15
21 22 20 22 1
21 22 16 22 5
21 22 23 12 12
19 4 20 22 19
19 4 16 22 21
19 4 23 12 12
23 4 20 22 21
23 4 16 22 25
23 4 23 12 8
21 22 11 6 26
21 22 22 16 7
21 22 17 11 15
19 4 11 6 10
19 4 22 16 15
19 4 17 11 9
23 4 11 6 14
23 4 22 16 13
23 4 17 11 13
21 22 11 3 29
21 22 17 1 25
21 22 12 9 22
19 4 11 3 9
19 4 17 1 5
19 4 12 9 12
23 4 11 3 13
23 4 17 1 9
23 4 12 9 16
21 22 24 23 4
21 22 22 15 8
21 22 24 13 12
19 4 24 23 24
19 4 22 15 14
19 4 24 13 14
23 4 24 23 20
23 4 22 15 12
23 4 24 13 10
21 22 24 10 15
21 22 7 13 23
19 4 24 10 11
19 4 7 13 21
23 4 24 10 7
23 4 7 13 25
22 18 21 5 14
3 15 21 5 28
18 17 21 5 15
22 18 14 11 15
22 18 14 2 24
22 18 9 6 25
3 15 14 11 15
3 15 14 2 24
3 15 9 6 15
18 17 14 11 10
18 17 14 2 19
18 17 9 6 20
22 18 13 11 16
22 18 11 10 19
22 18 6 1 33
3 15 13 11 14
3 15 11 10 13
3 15 6 1 17
18 17 13 11 11
18 17 11 10 14
18 17 6 1 28
22 18 1 0 39
22 18 15 7 18
22 18 6 8 26
3 15 1 0 17
3 15 15 7 20
3 15 6 8 10
18 17 1 0 34
18 17 15 7 13
18 17 6 8 21
22 18 21 22 5
22 18 19 4 17
22 18 23 4 15
3 15 21 22 25
3 15 19 4 27
3 15 23 4 31
18 17 21 22 8
18 17 19 4 14
18 17 23 4 18
22 18 13 10 17
22 18 2 4 34
22 18 18 5 17
3 15 13 10 15
3 15 2 4 12
3 15 18 5 25
18 17 13 10 12
18 17 2 4 29
18 17 18 5 12
22 18 2 0 38
22 18 20 3 17
22 18 13 14 13
3 15 2 0 16
3 15 20 3 29
3 15 13 14 11
18 17 2 0 33
18 17 20 3 16
18 17 13 14 8
22 18 12 19 11
22 18 21 4 15
22 18 1 5 34
3 15 12 19 13
3 15 21 4 29
3 15 1 5 12
18 17 12 19 8
18 17 21 4 16
18 17 1 5 29
22 18 15 6 19
22 18 19 18 3
22 18 0 2 38
3 15 15 6 21
3 15 19 18 19
3 15 0 2 16
18 17 15 6 14
18 17 19 18 2
18 17 0 2 33
22 18 11 0 29
22 18 7 21 18
22 18 17 14 9
3 15 11 0 23
3 15 7 21 10
3 15 17 14 15
18 17 11 0 24
18 17 7 21 15
18 17 17 14 4
22 18 16 12 12
22 18 9 16 15
22 18 19 16 5
3 15 16 12 16
3 15 9 16 7
3 15 19 16 17
18 17 16 12 7
18 17 9 16 10
18 17 19 16 2
22 18 19 10 11
22 18 18 2 20
22 18 14 3 23
3 15 19 10 21
3 15 18 2 28
3 15 14 3 23
18 17 19 10 8
18 17 18 2 15
18 17 14 3 18
22 18 12 10 18
22 18 24 9 11
22 18 23 5 14
3 15 12 10 14
3 15 24 9 27
3 15 23 5 30
18 17 12 10 13
18 17 24 9 14
18 17 23 5 17
22 18 17 4 19
22 18 15 22 11
22 18 7 22 19
3 15 17 4 25
3 15 15 22 19
3 15 7 22 11
18 17 17 4 14
18 17 15 22 8
18 17 7 22 16
22 18 6 5 29
22 18 2 3 35
22 18 16 18 6
3 15 6 5 13
3 15 2 3 13
3 15 16 18 16
18 17 6 5 24
18 17 2 3 30
18 17 16 18 3
22 18 14 14 12
22 18 5 12 23
22 18 14 10 16
3 15 14 14 12
3 15 5 12 5
3 15 14 10 16
18 17 14 14 7
18 17 5 12 18
18 17 14 10 11
22 18 20 22 6
22 18 16 22 10
22 18 23 12 7
3 15 20 22 24
3 15 16 22 20
3 15 23 12 23
18 17 20 22 7
18 17 16 22 7
18 17 23 12 10
22 18 11 6 23
22 18 22 16 2
22 18 17 11 12
3 15 11 6 17
3 15 22 16 20
3 15 17 11 18
18 17 11 6 18
18 17 22 16 5
18 17 17 11 7
22 18 11 3 26
22 18 17 1 22
22 18 12 9 19
3 15 11 3 20
3 15 17 1 28
3 15 12 9 15
18 17 11 3 21
18 17 17 1 17
18 17 12 9 14
22 18 24 23 7
22 18 22 15 3
22 18 24 13 7
3 15 24 23 29
3 15 22 15 19
3 15 24 13 23
18 17 24 23 12
18 17 22 15 6
18 17 24 13 10
22 18 24 10 10
22 18 7 13 20
3 15 24 10 26
3 15 7 13 6
18 17 24 10 13
18 17 7 13 15
13 10 21 5 13
2 4 21 5 20
18 5 21 5 3
13 10 14 11 2
13 10 14 2 9
13 10 9 6 8
2 4 14 11 19
2 4 14 2 14
2 4 9 6 9
18 5 14 11 10
18 5 14 2 7
18 5 9 6 10
13 10 13 11 1
13 10 11 10 2
13 10 6 1 16
2 4 13 11 18
2 4 11 10 15
2 4 6 1 7
18 5 13 11 11
18 5 11 10 12
18 5 6 1 16
13 10 1 0 22
13 10 15 7 5
13 10 6 8 9
2 4 1 0 5
2 4 15 7 16
2 4 6 8 8
18 5 1 0 22
18 5 15 7 5
18 5 6 8 15
13 10 21 22 20
13 10 19 4 12
13 10 23 4 16
2 4 21 22 37
2 4 19 4 17
2 4 23 4 21
18 5 21 22 20
18 5 19 4 2
18 5 23 4 6
13 10 22 18 17
13 10 3 15 15
13 10 18 17 12
2 4 22 18 34
2 4 3 15 12
2 4 18 17 29
18 5 22 18 17
18 5 3 15 25
18 5 18 17 12
13 10 2 0 21
13 10 20 3 14
13 10 13 14 4
2 4 2 0 4
2 4 20 3 19
2 4 13 14 21
18 5 2 0 21
18 5 20 3 4
18 5 13 14 14
13 10 12 19 10
13 10 21 4 14
13 10 1 5 17
2 4 12 19 25
2 4 21 4 19
2 4 1 5 2
18 5 12 19 20
18 5 21 4 4
18 5 1 5 17
13 10 15 6 6
13 10 19 18 14
13 10 0 2 21
2 4 15 6 15
2 4 19 18 31
2 4 0 2 4
18 5 15 6 4
18 5 19 18 14
18 5 0 2 21
13 10 11 0 12
13 10 7 21 17
13 10 17 14 8
2 4 11 0 13
2 4 7 21 22
2 4 17 14 25
18 5 11 0 12
18 5 7 21 27
18 5 17 14 10
13 10 16 12 5
13 10 9 16 10
13 10 19 16 12
2 4 16 12 22
2 4 9 16 19
2 4 19 16 29
18 5 16 12 9
18 5 9 16 20
18 5 19 16 12
13 10 19 10 6
13 10 18 2 13
13 10 14 3 8
2 4 19 10 23
2 4 18 2 18
2 4 14 3 13
18 5 19 10 6
18 5 18 2 3
18 5 14 3 6
13 10 12 10 1
13 10 24 9 12
13 10 23 5 15
2 4 12 10 16
2 4 24 9 27
2 4 23 5 22
18 5 12 10 11
18 5 24 9 10
18 5 23 5 5
13 10 17 4 10
13 10 15 22 14
13 10 7 22 18
2 4 17 4 15
2 4 15 22 31
2 4 7 22 23
18 5 17 4 2
18 5 15 22 20
18 5 7 22 28
13 10 6 5 12
13 10 2 3 18
13 10 16 18 11
2 4 6 5 5
2 4 2 3 1
2 4 16 18 28
18 5 6 5 12
18 5 2 3 18
18 5 16 18 15
13 10 14 14 5
13 10 5 12 10
13 10 14 10 1
2 4 14 14 22
2 4 5 12 11
2 4 14 10 18
18 5 14 14 13
18 5 5 12 20
18 5 14 10 9
13 10 20 22 19
13 10 16 22 15
13 10 23 12 12
2 4 20 22 36
2 4 16 22 32
2 4 23 12 29
18 5 20 22 19
18 5 16 22 19
18 5 23 12 12
13 10 11 6 6
13 10 22 16 15
13 10 17 11 5
2 4 11 6 11
2 4 22 16 32
2 4 17 11 22
18 5 11 6 8
18 5 22 16 15
18 5 17 11 7
13 10 11 3 9
13 10 17 1 13
13 10 12 9 2
2 4 11 3 10
2 4 17 1 18
2 4 12 9 15
18 5 11 3 9
18 5 17 1 5
18 5 12 9 10
13 10 24 23 24
13 10 22 15 14
13 10 24 13 14
2 4 24 23 41
2 4 22 15 31
2 4 24 13 31
18 5 24 23 24
18 5 22 15 14
18 5 24 13 14
13 10 24 10 11
13 10 7 13 9
2 4 24 10 28
2 4 7 13 14
18 5 24 10 11
18 5 7 13 19
2 0 21 5 24
20 3 21 5 3
13 14 21 5 17
2 0 14 11 23
2 0 14 2 14
2 0 9 6 13
20 3 14 11 14
20 3 14 2 7
20 3 9 6 14
13 14 14 11 4
13 14 14 2 13
13 14 9 6 12
2 0 13 11 22
2 0 11 10 19
2 0 6 1 5
20 3 13 11 15
20 3 11 10 16
20 3 6 1 16
13 14 13 11 3
13 14 11 10 6
13 14 6 1 20
2 0 1 0 1
2 0 15 7 20
2 0 6 8 12
20 3 1 0 22
20 3 15 7 9
20 3 6 8 19
13 14 1 0 26
13 14 15 7 9
13 14 6 8 13
2 0 21 22 41
2 0 19 4 21
2 0 23 4 25
20 3 21 22 20
20 3 19 4 2
20 3 23 4 4
13 14 21 22 16
13 14 19 4 16
13 14 23 4 20
2 0 22 18 38
2 0 3 15 16
2 0 18 17 33
20 3 22 18 17
20 3 3 15 29
20 3 18 17 16
13 14 22 18 13
13 14 3 15 11
13 14 18 17 8
2 0 13 10 21
2 0 2 4 4
2 0 18 5 21
20 3 13 10 14
20 3 2 4 19
20 3 18 5 4
13 14 13 10 4
13 14 2 4 21
13 14 18 5 14
2 0 12 19 29
2 0 21 4 23
2 0 1 5 6
20 3 12 19 24
20 3 21 4 2
20 3 1 5 21
13 14 12 19 6
13 14 21 4 18
13 14 1 5 21
2 0 15 6 19
2 0 19 18 35
2 0 0 2 4
20 3 15 6 8
20 3 19 18 16
20 3 0 2 21
13 14 15 6 10
13 14 19 18 10
13 14 0 2 25
2 0 11 0 9
2 0 7 21 26
2 0 17 14 29
20 3 11 0 12
20 3 7 21 31
20 3 17 14 14
13 14 11 0 16
13 14 7 21 13
13 14 17 14 4
2 0 16 12 26
2 0 9 16 23
2 0 19 16 33
20 3 16 12 13
20 3 9 16 24
20 3 19 16 14
13 14 16 12 5
13 14 9 16 6
13 14 19 16 8
2 0 19 10 27
2 0 18 2 18
2 0 14 3 15
20 3 19 10 8
20 3 18 2 3
20 3 14 3 6
13 14 19 10 10
13 14 18 2 17
13 14 14 3 12
2 0 12 10 20
2 0 24 9 31
2 0 23 5 26
20 3 12 10 15
20 3 24 9 10
20 3 23 5 5
13 14 12 10 5
13 14 24 9 16
13 14 23 5 19
2 0 17 4 19
2 0 15 22 35
2 0 7 22 27
20 3 17 4 4
20 3 15 22 24
20 3 7 22 32
13 14 17 4 14
13 14 15 22 10
13 14 7 22 14
2 0 6 5 9
2 0 2 3 3
2 0 16 18 32
20 3 6 5 16
20 3 2 3 18
20 3 16 18 19
13 14 6 5 16
13 14 2 3 22
13 14 16 18 7
2 0 14 14 26
2 0 5 12 15
2 0 14 10 22
20 3 14 14 17
20 3 5 12 24
20 3 14 10 13
13 14 14 14 1
13 14 5 12 10
13 14 14 10 5
2 0 20 22 40
2 0 16 22 36
2 0 23 12 33
20 3 20 22 19
20 3 16 22 23
20 3 23 12 12
13 14 20 22 15
13 14 16 22 11
13 14 23 12 12
2 0 11 6 15
2 0 22 16 36
2 0 17 11 26
20 3 11 6 12
20 3 22 16 15
20 3 17 11 11
13 14 11 6 10
13 14 22 16 11
13 14 17 11 7
2 0 11 3 12
2 0 17 1 16
2 0 12 9 19
20 3 11 3 9
20 3 17 1 5
20 3 12 9 14
13 14 11 3 13
13 14 17 1 17
13 14 12 9 6
2 0 24 23 45
2 0 22 15 35
2 0 24 13 35
20 3 24 23 24
20 3 22 15 14
20 3 24 13 14
13 14 24 23 20
13 14 22 15 10
13 14 24 13 12
2 0 24 10 32
2 0 7 13 18
20 3 24 10 11
20 3 7 13 23
13 14 24 10 15
13 14 7 13 7
12 19 21 5 23
21 4 21 5 1
1 5 21 5 20
12 19 14 11 10
12 19 14 2 19
12 19 9 6 16
21 4 14 11 14
21 4 14 2 9
21 4 9 6 14
1 5 14 11 19
1 5 14 2 16
1 5 9 6 9
12 19 13 11 9
12 19 11 10 10
12 19 6 1 24
21 4 13 11 15
21 4 11 10 16
21 4 6 1 18
1 5 13 11 18
1 5 11 10 15
1 5 6 1 9
12 19 1 0 30
12 19 15 7 15
12 19 6 8 17
21 4 1 0 24
21 4 15 7 9
21 4 6 8 19
1 5 1 0 5
1 5 15 7 16
1 5 6 8 8
12 19 21 22 12
12 19 19 4 22
12 19 23 4 26
21 4 21 22 18
21 4 19 4 2
21 4 23 4 2
1 5 21 22 37
1 5 19 4 19
1 5 23 4 23
12 19 22 18 11
12 19 3 15 13
12 19 18 17 8
21 4 22 18 15
21 4 3 15 29
21 4 18 17 16
1 5 22 18 34
1 5 3 15 12
1 5 18 17 29
12 19 13 10 10
12 19 2 4 25
12 19 18 5 20
21 4 13 10 14
21 4 2 4 19
21 4 18 5 4
1 5 13 10 17
1 5 2 4 2
1 5 18 5 17
12 19 2 0 29
12 19 20 3 24
12 19 13 14 6
21 4 2 0 23
21 4 20 3 2
21 4 13 14 18
1 5 2 0 6
1 5 20 3 21
1 5 13 14 21
12 19 15 6 16
12 19 19 18 8
12 19 0 2 29
21 4 15 6 8
21 4 19 18 16
21 4 0 2 23
1 5 15 6 15
1 5 19 18 31
1 5 0 2 4
12 19 11 0 20
12 19 7 21 7
12 19 17 14 10
21 4 11 0 14
21 4 7 21 31
21 4 17 14 14
1 5 11 0 15
1 5 7 21 22
1 5 17 14 25
12 19 16 12 11
12 19 9 16 6
12 19 19 16 10
21 4 16 12 13
21 4 9 16 24
21 4 19 16 14
1 5 16 12 22
1 5 9 16 19
1 5 19 16 29
12 19 19 10 16
12 19 18 2 23
12 19 14 3 18
21 4 19 10 8
21 4 18 2 5
21 4 14 3 8
1 5 19 10 23
1 5 18 2 20
1 5 14 3 15
12 19 12 10 9
12 19 24 9 22
12 19 23 5 25
21 4 12 10 15
21 4 24 9 8
21 4 23 5 3
1 5 12 10 16
1 5 24 9 27
1 5 23 5 22
12 19 17 4 20
12 19 15 22 6
12 19 7 22 8
21 4 17 4 4
21 4 15 22 24
21 4 7 22 32
1 5 17 4 17
1 5 15 22 31
1 5 7 22 23
12 19 6 5 20
12 19 2 3 26
12 19 16 18 5
21 4 6 5 16
21 4 2 3 20
21 4 16 18 19
1 5 6 5 5
1 5 2 3 3
1 5 16 18 28
12 19 14 14 7
12 19 5 12 14
12 19 14 10 11
21 4 14 14 17
21 4 5 12 24
21 4 14 10 13
1 5 14 14 22
1 5 5 12 11
1 5 14 10 18
12 19 20 22 11
12 19 16 22 7
12 19 23 12 18
21 4 20 22 19
21 4 16 22 23
21 4 23 12 10
1 5 20 22 36
1 5 16 22 32
1 5 23 12 29
12 19 11 6 14
12 19 22 16 13
12 19 17 11 13
21 4 11 6 12
21 4 22 16 13
21 4 17 11 11
1 5 11 6 11
1 5 22 16 32
1 5 17 11 22
12 19 11 3 17
12 19 17 1 23
12 19 12 9 10
21 4 11 3 11
21 4 17 1 7
21 4 12 9 14
1 5 11 3 12
1 5 17 1 20
1 5 12 9 15
12 19 24 23 16
12 19 22 15 14
12 19 24 13 18
21 4 24 23 22
21 4 22 15 12
21 4 24 13 12
1 5 24 23 41
1 5 22 15 31
1 5 24 13 31
12 19 24 10 21
12 19 7 13 11
21 4 24 10 9
21 4 7 13 23
1 5 24 10 28
1 5 7 13 14
15 6 21 5 7
19 18 21 5 15
0 2 21 5 24
15 6 14 11 6
15 6 14 2 5
15 6 9 6 6
19 18 14 11 12
19 18 14 2 21
19 18 9 6 22
0 2 14 11 23
0 2 14 2 14
0 2 9 6 13
15 6 13 11 7
15 6 11 10 8
15 6 6 1 14
19 18 13 11 13
19 18 11 10 16
19 18 6 1 30
0 2 13 11 22
0 2 11 10 19
0 2 6 1 7
15 6 1 0 20
15 6 15 7 1
15 6 6 8 11
19 18 1 0 36
19 18 15 7 15
19 18 6 8 23
0 2 1 0 3
0 2 15 7 20
0 2 6 8 12
15 6 21 22 22
15 6 19 4 6
15 6 23 4 10
19 18 21 22 6
19 18 19 4 14
19 18 23 4 18
0 2 21 22 41
0 2 19 4 21
0 2 23 4 25
15 6 22 18 19
15 6 3 15 21
15 6 18 17 14
19 18 22 18 3
19 18 3 15 19
19 18 18 17 2
0 2 22 18 38
0 2 3 15 16
0 2 18 17 33
15 6 13 10 6
15 6 2 4 15
15 6 18 5 4
19 18 13 10 14
19 18 2 4 31
19 18 18 5 14
0 2 13 10 21
0 2 2 4 4
0 2 18 5 21
15 6 2 0 19
15 6 20 3 8
15 6 13 14 10
19 18 2 0 35
19 18 20 3 16
19 18 13 14 10
0 2 2 0 4
0 2 20 3 21
0 2 13 14 25
15 6 12 19 16
15 6 21 4 8
15 6 1 5 15
19 18 12 19 8
19 18 21 4 16
19 18 1 5 31
0 2 12 19 29
0 2 21 4 23
0 2 1 5 4
15 6 11 0 10
15 6 7 21 23
15 6 17 14 10
19 18 11 0 26
19 18 7 21 15
19 18 17 14 6
0 2 11 0 13
0 2 7 21 26
0 2 17 14 29
15 6 16 12 7
15 6 9 16 16
15 6 19 16 14
19 18 16 12 9
19 18 9 16 12
19 18 19 16 2
0 2 16 12 26
0 2 9 16 23
0 2 19 16 33
15 6 19 10 8
15 6 18 2 7
15 6 14 3 4
19 18 19 10 8
19 18 18 2 17
19 18 14 3 20
0 2 19 10 27
0 2 18 2 18
0 2 14 3 15
15 6 12 10 7
15 6 24 9 12
15 6 23 5 9
19 18 12 10 15
19 18 24 9 14
19 18 23 5 17
0 2 12 10 20
0 2 24 9 31
0 2 23 5 26
15 6 17 4 4
15 6 15 22 16
15 6 7 22 24
19 18 17 4 16
19 18 15 22 8
19 18 7 22 16
0 2 17 4 19
0 2 15 22 35
0 2 7 22 27
15 6 6 5 10
15 6 2 3 16
15 6 16 18 13
19 18 6 5 26
19 18 2 3 32
19 18 16 18 3
0 2 6 5 9
0 2 2 3 3
0 2 16 18 32
15 6 14 14 9
15 6 5 12 16
15 6 14 10 5
19 18 14 14 9
19 18 5 12 20
19 18 14 10 13
0 2 14 14 26
0 2 5 12 15
0 2 14 10 22
15 6 20 22 21
15 6 16 22 17
15 6 23 12 14
19 18 20 22 5
19 18 16 22 7
19 18 23 12 10
0 2 20 22 40
0 2 16 22 36
0 2 23 12 33
15 6 11 6 4
15 6 22 16 17
15 6 17 11 7
19 18 11 6 20
19 18 22 16 5
19 18 17 11 9
0 2 11 6 15
0 2 22 16 36
0 2 17 11 26
15 6 11 3 7
15 6 17 1 7
15 6 12 9 6
19 18 11 3 23
19 18 17 1 19
19 18 12 9 16
0 2 11 3 12
0 2 17 1 18
0 2 12 9 19
15 6 24 23 26
15 6 22 15 16
15 6 24 13 16
19 18 24 23 10
19 18 22 15 6
19 18 24 13 10
0 2 24 23 45
0 2 22 15 35
0 2 24 13 35
15 6 24 10 13
15 6 7 13 15
19 18 24 10 13
19 18 7 13 17
0 2 24 10 32
0 2 7 13 18
11 0 21 5 15
7 21 21 5 30
17 14 21 5 13
11 0 14 11 14
11 0 14 2 5
11 0 9 6 8
7 21 14 11 17
7 21 14 2 26
7 21 9 6 17
17 14 14 11 6
17 14 14 2 15
17 14 9 6 16
11 0 13 11 13
11 0 11 10 10
11 0 6 1 6
7 21 13 11 16
7 21 11 10 15
7 21 6 1 21
17 14 13 11 7
17 14 11 10 10
17 14 6 1 24
11 0 1 0 10
11 0 15 7 11
11 0 6 8 13
7 21 1 0 27
7 21 15 7 22
7 21 6 8 14
17 14 1 0 30
17 14 15 7 9
17 14 6 8 17
11 0 21 22 32
11 0 19 4 12
11 0 23 4 16
7 21 21 22 15
7 21 19 4 29
7 21 23 4 33
17 14 21 22 12
17 14 19 4 12
17 14 23 4 16
11 0 22 18 29
11 0 3 15 23
11 0 18 17 24
7 21 22 18 18
7 21 3 15 10
7 21 18 17 15
17 14 22 18 9
17 14 3 15 15
17 14 18 17 4
11 0 13 10 12
11 0 2 4 13
11 0 18 5 12
7 21 13 10 17
7 21 2 4 22
7 21 18 5 27
17 14 13 10 8
17 14 2 4 25
17 14 18 5 10
11 0 2 0 9
11 0 20 3 12
11 0 13 14 16
7 21 2 0 26
7 21 20 3 31
7 21 13 14 13
17 14 2 0 29
17 14 20 3 14
17 14 13 14 4
11 0 12 19 20
11 0 21 4 14
11 0 1 5 15
7 21 12 19 7
7 21 21 4 31
7 21 1 5 22
17 14 12 19 10
17 14 21 4 14
17 14 1 5 25
11 0 15 6 10
11 0 19 18 26
11 0 0 2 13
7 21 15 6 23
7 21 19 18 15
7 21 0 2 26
17 14 15 6 10
17 14 19 18 6
17 14 0 2 29
11 0 16 12 17
11 0 9 16 18
11 0 19 16 24
7 21 16 12 18
7 21 9 16 7
7 21 19 16 17
17 14 16 12 3
17 14 9 16 10
17 14 19 16 4
11 0 19 10 18
11 0 18 2 9
11 0 14 3 6
7 21 19 10 23
7 21 18 2 30
7 21 14 3 25
17 14 19 10 6
17 14 18 2 13
17 14 14 3 14
11 0 12 10 11
11 0 24 9 22
11 0 23 5 17
7 21 12 10 16
7 21 24 9 29
7 21 23 5 32
17 14 12 10 9
17 14 24 9 12
17 14 23 5 15
11 0 17 4 10
11 0 15 22 26
11 0 7 22 26
7 21 17 4 27
7 21 15 22 9
7 21 7 22 1
17 14 17 4 10
17 14 15 22 10
17 14 7 22 18
11 0 6 5 10
11 0 2 3 12
11 0 16 18 23
7 21 6 5 17
7 21 2 3 23
7 21 16 18 12
17 14 6 5 20
17 14 2 3 26
17 14 16 18 5
11 0 14 14 17
11 0 5 12 18
11 0 14 10 13
7 21 14 14 14
7 21 5 12 11
7 21 14 10 18
17 14 14 14 3
17 14 5 12 14
17 14 14 10 7
11 0 20 22 31
11 0 16 22 27
11 0 23 12 24
7 21 20 22 14
7 21 16 22 10
7 21 23 12 25
17 14 20 22 11
17 14 16 22 9
17 14 23 12 8
11 0 11 6 6
11 0 22 16 27
11 0 17 11 17
7 21 11 6 19
7 21 22 16 20
7 21 17 11 20
17 14 11 6 14
17 14 22 16 7
17 14 17 11 3
11 0 11 3 3
11 0 17 1 7
11 0 12 9 10
7 21 11 3 22
7 21 17 1 30
7 21 12 9 17
17 14 11 3 17
17 14 17 1 13
17 14 12 9 10
11 0 24 23 36
11 0 22 15 26
11 0 24 13 26
7 21 24 23 19
7 21 22 15 21
7 21 24 13 25
17 14 24 23 16
17 14 22 15 6
17 14 24 13 8
11 0 24 10 23
11 0 7 13 17
7 21 24 10 28
7 21 7 13 8
17 14 24 10 11
17 14 7 13 11
16 12 21 5 12
9 16 21 5 23
19 16 21 5 13
16 12 14 11 3
16 12 14 2 12
16 12 9 6 13
9 16 14 11 10
9 16 14 2 19
9 16 9 6 10
19 16 14 11 10
19 16 14 2 19
19 16 9 6 20
16 12 13 11 4
16 12 11 10 7
16 12 6 1 21
9 16 13 11 9
9 16 11 10 8
9 16 6 1 18
19 16 13 11 11
19 16 11 10 14
19 16 6 1 28
16 12 1 0 27
16 12 15 7 6
16 12 6 8 14
9 16 1 0 24
9 16 15 7 15
9 16 6 8 11
19 16 1 0 34
19 16 15 7 13
19 16 6 8 21
16 12 21 22 15
16 12 19 4 11
16 12 23 4 15
9 16 21 22 18
9 16 19 4 22
9 16 23 4 26
19 16 21 22 8
19 16 19 4 12
19 16 23 4 16
16 12 22 18 12
16 12 3 15 16
16 12 18 17 7
9 16 22 18 15
9 16 3 15 7
9 16 18 17 10
19 16 22 18 5
19 16 3 15 17
19 16 18 17 2
16 12 13 10 5
16 12 2 4 22
16 12 18 5 9
9 16 13 10 10
9 16 2 4 19
9 16 18 5 20
19 16 13 10 12
19 16 2 4 29
19 16 18 5 12
16 12 2 0 26
16 12 20 3 13
16 12 13 14 5
9 16 2 0 23
9 16 20 3 24
9 16 13 14 6
19 16 2 0 33
19 16 20 3 14
19 16 13 14 8
16 12 12 19 11
16 12 21 4 13
16 12 1 5 22
9 16 12 19 6
9 16 21 4 24
9 16 1 5 19
19 16 12 19 10
19 16 21 4 14
19 16 1 5 29
16 12 15 6 7
16 12 19 18 9
16 12 0 2 26
9 16 15 6 16
9 16 19 18 12
9 16 0 2 23
19 16 15 6 14
19 16 19 18 2
19 16 0 2 33
16 12 11 0 17
16 12 7 21 18
16 12 17 14 3
9 16 11 0 18
9 16 7 21 7
9 16 17 14 10
19 16 11 0 24
19 16 7 21 17
19 16 17 14 4
16 12 19 10 5
16 12 18 2 12
16 12 14 3 11
9 16 19 10 16
9 16 18 2 23
9 16 14 3 18
19 16 19 10 6
19 16 18 2 15
19 16 14 3 18
16 12 12 10 6
16 12 24 9 11
16 12 23 5 14
9 16 12 10 9
9 16 24 9 22
9 16 23 5 25
19 16 12 10 13
19 16 24 9 12
19 16 23 5 15
16 12 17 4 9
16 12 15 22 11
16 12 7 22 19
9 16 17 4 20
9 16 15 22 12
9 16 7 22 8
19 16 17 4 14
19 16 15 22 10
19 16 7 22 18
16 12 6 5 17
16 12 2 3 23
16 12 16 18 6
9 16 6 5 14
9 16 2 3 20
9 16 16 18 9
19 16 6 5 24
19 16 2 3 30
19 16 16 18 5
16 12 14 14 4
16 12 5 12 11
16 12 14 10 4
9 16 14 14 7
9 16 5 12 8
9 16 14 10 11
19 16 14 14 7
19 16 5 12 18
19 16 14 10 11
16 12 20 22 14
16 12 16 22 10
16 12 23 12 7
9 16 20 22 17
9 16 16 22 13
9 16 23 12 18
19 16 20 22 7
19 16 16 22 9
19 16 23 12 8
16 12 11 6 11
16 12 22 16 10
16 12 17 11 2
9 16 11 6 12
9 16 22 16 13
9 16 17 11 13
19 16 11 6 18
19 16 22 16 3
19 16 17 11 7
16 12 11 3 14
16 12 17 1 12
16 12 12 9 7
9 16 11 3 15
9 16 17 1 23
9 16 12 9 10
19 16 11 3 21
19 16 17 1 17
19 16 12 9 14
16 12 24 23 19
16 12 22 15 9
16 12 24 13 9
9 16 24 23 22
9 16 22 15 14
9 16 24 13 18
19 16 24 23 12
19 16 22 15 4
19 16 24 13 8
16 12 24 10 10
16 12 7 13 10
9 16 24 10 21
9 16 7 13 5
19 16 24 10 11
19 16 7 13 15
19 10 21 5 7
18 2 21 5 6
14 3 21 5 9
19 10 14 11 6
19 10 14 2 13
19 10 9 6 14
18 2 14 11 13
18 2 14 2 4
18 2 9 6 13
14 3 14 11 8
14 3 14 2 1
14 3 9 6 8
19 10 13 11 7
19 10 11 10 8
19 10 6 1 22
18 2 13 11 14
18 2 11 10 15
18 2 6 1 13
14 3 13 11 9
14 3 11 10 10
14 3 6 1 10
19 10 1 0 28
19 10 15 7 7
19 10 6 8 15
18 2 1 0 19
18 2 15 7 8
18 2 6 8 18
14 3 1 0 16
14 3 15 7 5
14 3 6 8 13
19 10 21 22 14
19 10 19 4 6
19 10 23 4 10
18 2 21 22 23
18 2 19 4 3
18 2 23 4 7
14 3 21 22 26
14 3 19 4 6
14 3 23 4 10
19 10 22 18 11
19 10 3 15 21
19 10 18 17 8
18 2 22 18 20
18 2 3 15 28
18 2 18 17 15
14 3 22 18 23
14 3 3 15 23
14 3 18 17 18
19 10 13 10 6
19 10 2 4 23
19 10 18 5 6
18 2 13 10 13
18 2 2 4 18
18 2 18 5 3
14 3 13 10 8
14 3 2 4 13
14 3 18 5 6
19 10 2 0 27
19 10 20 3 8
19 10 13 14 10
18 2 2 0 18
18 2 20 3 3
18 2 13 14 17
14 3 2 0 15
14 3 20 3 6
14 3 13 14 12
19 10 12 19 16
19 10 21 4 8
19 10 1 5 23
18 2 12 19 23
18 2 21 4 5
18 2 1 5 20
14 3 12 19 18
14 3 21 4 8
14 3 1 5 15
19 10 15 6 8
19 10 19 18 8
19 10 0 2 27
18 2 15 6 7
18 2 19 18 17
18 2 0 2 18
14 3 15 6 4
14 3 19 18 20
14 3 0 2 15
19 10 11 0 18
19 10 7 21 23
19 10 17 14 6
18 2 11 0 9
18 2 7 21 30
18 2 17 14 13
14 3 11 0 6
14 3 7 21 25
14 3 17 14 14
19 10 16 12 5
19 10 9 16 16
19 10 19 16 6
18 2 16 12 12
18 2 9 16 23
18 2 19 16 15
14 3 16 12 11
14 3 9 16 18
14 3 19 16 18
19 10 12 10 7
19 10 24 9 6
19 10 23 5 9
18 2 12 10 14
18 2 24 9 13
18 2 23 5 8
14 3 12 10 9
14 3 24 9 16
14 3 23 5 11
19 10 17 4 8
19 10 15 22 16
19 10 7 22 24
18 2 17 4 3
18 2 15 22 23
18 2 7 22 31
14 3 17 4 4
14 3 15 22 20
14 3 7 22 26
19 10 6 5 18
19 10 2 3 24
19 10 16 18 11
18 2 6 5 15
18 2 2 3 17
18 2 16 18 18
14 3 6 5 10
14 3 2 3 12
14 3 16 18 17
19 10 14 14 9
19 10 5 12 16
19 10 14 10 5
18 2 14 14 16
18 2 5 12 23
18 2 14 10 12
14 3 14 14 11
14 3 5 12 18
14 3 14 10 7
19 10 20 22 13
19 10 16 22 15
19 10 23 12 6
18 2 20 22 22
18 2 16 22 22
18 2 23 12 15
14 3 20 22 25
14 3 16 22 21
14 3 23 12 18
19 10 11 6 12
19 10 22 16 9
19 10 17 11 3
18 2 11 6 11
18 2 22 16 18
18 2 17 11 10
14 3 11 6 6
14 3 22 16 21
14 3 17 11 11
19 10 11 3 15
19 10 17 1 11
19 10 12 9 8
18 2 11 3 8
18 2 17 1 2
18 2 12 9 13
14 3 11 3 3
14 3 17 1 5
14 3 12 9 8
19 10 24 23 18
19 10 22 15 8
19 10 24 13 8
18 2 24 23 27
18 2 22 15 17
18 2 24 13 17
14 3 24 23 30
14 3 22 15 20
14 3 24 13 20
19 10 24 10 5
19 10 7 13 15
18 2 24 10 14
18 2 7 13 22
14 3 24 10 17
14 3 7 13 17
12 10 21 5 14
24 9 21 5 7
23 5 21 5 2
12 10 14 11 3
12 10 14 2 10
12 10 9 6 7
24 9 14 11 12
24 9 14 2 17
24 9 9 6 18
23 5 14 11 15
23 5 14 2 12
23 5 9 6 15
12 10 13 11 2
12 10 11 10 1
12 10 6 1 15
24 9 13 11 13
24 9 11 10 14
24 9 6 1 26
23 5 13 11 16
23 5 11 10 17
23 5 6 1 21
12 10 1 0 21
12 10 15 7 6
12 10 6 8 8
24 9 1 0 32
24 9 15 7 11
24 9 6 8 19
23 5 1 0 27
23 5 15 7 10
23 5 6 8 20
12 10 21 22 21
12 10 19 4 13
12 10 23 4 17
24 9 21 22 16
24 9 19 4 10
24 9 23 4 6
23 5 21 22 19
23 5 19 4 5
23 5 23 4 1
12 10 22 18 18
12 10 3 15 14
12 10 18 17 13
24 9 22 18 11
24 9 3 15 27
24 9 18 17 14
23 5 22 18 14
23 5 3 15 30
23 5 18 17 17
12 10 13 10 1
12 10 2 4 16
12 10 18 5 11
24 9 13 10 12
24 9 2 4 27
24 9 18 5 10
23 5 13 10 15
23 5 2 4 22
23 5 18 5 5
12 10 2 0 20
12 10 20 3 15
12 10 13 14 5
24 9 2 0 31
24 9 20 3 10
24 9 13 14 16
23 5 2 0 26
23 5 20 3 5
23 5 13 14 19
12 10 12 19 9
12 10 21 4 15
12 10 1 5 16
24 9 12 19 22
24 9 21 4 8
24 9 1 5 27
23 5 12 19 25
23 5 21 4 3
23 5 1 5 22
12 10 15 6 7
12 10 19 18 15
12 10 0 2 20
24 9 15 6 12
24 9 19 18 14
24 9 0 2 31
23 5 15 6 9
23 5 19 18 17
23 5 0 2 26
12 10 11 0 11
12 10 7 21 16
12 10 17 14 9
24 9 11 0 22
24 9 7 21 29
24 9 17 14 12
23 5 11 0 17
23 5 7 21 32
23 5 17 14 15
12 10 16 12 6
12 10 9 16 9
12 10 19 16 13
24 9 16 12 11
24 9 9 16 22
24 9 19 16 12
23 5 16 12 14
23 5 9 16 25
23 5 19 16 15
12 10 19 10 7
12 10 18 2 14
12 10 14 3 9
24 9 19 10 6
24 9 18 2 13
24 9 14 3 16
23 5 19 10 9
23 5 18 2 8
23 5 14 3 11
12 10 17 4 11
12 10 15 22 15
12 10 7 22 17
24 9 17 4 12
24 9 15 22 22
24 9 7 22 30
23 5 17 4 7
23 5 15 22 25
23 5 7 22 33
12 10 6 5 11
12 10 2 3 17
12 10 16 18 12
24 9 6 5 22
24 9 2 3 28
24 9 16 18 17
23 5 6 5 17
23 5 2 3 23
23 5 16 18 20
12 10 14 14 6
12 10 5 12 9
12 10 14 10 2
24 9 14 14 15
24 9 5 12 22
24 9 14 10 11
23 5 14 14 18
23 5 5 12 25
23 5 14 10 14
12 10 20 22 20
12 10 16 22 16
12 10 23 12 13
24 9 20 22 17
24 9 16 22 21
24 9 23 12 4
23 5 20 22 20
23 5 16 22 24
23 5 23 12 7
12 10 11 6 5
12 10 22 16 16
12 10 17 11 6
24 9 11 6 16
24 9 22 16 9
24 9 17 11 9
23 5 11 6 13
23 5 22 16 12
23 5 17 11 12
12 10 11 3 8
12 10 17 1 14
12 10 12 9 1
24 9 11 3 19
24 9 17 1 15
24 9 12 9 12
23 5 11 3 14
23 5 17 1 10
23 5 12 9 15
12 10 24 23 25
12 10 22 15 15
12 10 24 13 15
24 9 24 23 14
24 9 22 15 8
24 9 24 13 4
23 5 24 23 19
23 5 22 15 11
23 5 24 13 9
12 10 24 10 12
12 10 7 13 8
24 9 24 10 1
24 9 7 13 21
23 5 24 10 6
23 5 7 13 24
17 4 21 5 5
15 22 21 5 23
7 22 21 5 31
17 4 14 11 10
17 4 14 2 5
17 4 9 6 10
15 22 14 11 12
15 22 14 2 21
15 22 9 6 22
7 22 14 11 18
7 22 14 2 27
7 22 9 6 18
17 4 13 11 11
17 4 11 10 12
17 4 6 1 14
15 22 13 11 13
15 22 11 10 16
15 22 6 1 30
7 22 13 11 17
7 22 11 10 16
7 22 6 1 22
17 4 1 0 20
17 4 15 7 5
17 4 6 8 15
15 22 1 0 36
15 22 15 7 15
15 22 6 8 23
7 22 1 0 28
7 22 15 7 23
7 22 6 8 15
17 4 21 22 22
17 4 19 4 2
17 4 23 4 6
15 22 21 22 6
15 22 19 4 22
15 22 23 4 26
7 22 21 22 14
7 22 19 4 30
7 22 23 4 34
17 4 22 18 19
17 4 3 15 25
17 4 18 17 14
15 22 22 18 11
15 22 3 15 19
15 22 18 17 8
7 22 22 18 19
7 22 3 15 11
7 22 18 17 16
17 4 13 10 10
17 4 2 4 15
17 4 18 5 2
15 22 13 10 14
15 22 2 4 31
15 22 18 5 20
7 22 13 10 18
7 22 2 4 23
7 22 18 5 28
17 4 2 0 19
17 4 20 3 4
17 4 13 14 14
15 22 2 0 35
15 22 20 3 24
15 22 13 14 10
7 22 2 0 27
7 22 20 3 32
7 22 13 14 14
17 4 12 19 20
17 4 21 4 4
17 4 1 5 17
15 22 12 19 6
15 22 21 4 24
15 22 1 5 31
7 22 12 19 8
7 22 21 4 32
7 22 1 5 23
17 4 15 6 4
17 4 19 18 16
17 4 0 2 19
15 22 15 6 16
15 22 19 18 8
15 22 0 2 35
7 22 15 6 24
7 22 19 18 16
7 22 0 2 27
17 4 11 0 10
17 4 7 21 27
17 4 17 14 10
15 22 11 0 26
15 22 7 21 9
15 22 17 14 10
7 22 11 0 26
7 22 7 21 1
7 22 17 14 18
17 4 16 12 9
17 4 9 16 20
17 4 19 16 14
15 22 16 12 11
15 22 9 16 12
15 22 19 16 10
7 22 16 12 19
7 22 9 16 8
7 22 19 16 18
17 4 19 10 8
17 4 18 2 3
17 4 14 3 4
15 22 19 10 16
15 22 18 2 23
15 22 14 3 20
7 22 19 10 24
7 22 18 2 31
7 22 14 3 26
17 4 12 10 11
17 4 24 9 12
17 4 23 5 7
15 22 12 10 15
15 22 24 9 22
15 22 23 5 25
7 22 12 10 17
7 22 24 9 30
7 22 23 5 33
17 4 6 5 12
17 4 2 3 16
17 4 16 18 15
15 22 6 5 26
15 22 2 3 32
15 22 16 18 5
7 22 6 5 18
7 22 2 3 24
7 22 16 18 13
17 4 14 14 13
17 4 5 12 20
17 4 14 10 9
15 22 14 14 9
15 22 5 12 20
15 22 14 10 13
7 22 14 14 15
7 22 5 12 12
7 22 14 10 19
17 4 20 22 21
17 4 16 22 19
17 4 23 12 14
15 22 20 22 5
15 22 16 22 1
15 22 23 12 18
7 22 20 22 13
7 22 16 22 9
7 22 23 12 26
17 4 11 6 8
17 4 22 16 17
17 4 17 11 7
15 22 11 6 20
15 22 22 16 13
15 22 17 11 13
7 22 11 6 20
7 22 22 16 21
7 22 17 11 21
17 4 11 3 7
17 4 17 1 3
17 4 12 9 10
15 22 11 3 23
15 22 17 1 23
15 22 12 9 16
7 22 11 3 23
7 22 17 1 31
7 22 12 9 18
17 4 24 23 26
17 4 22 15 16
17 4 24 13 16
15 22 24 23 10
15 22 22 15 14
15 22 24 13 18
7 22 24 23 18
7 22 22 15 22
7 22 24 13 26
17 4 24 10 13
17 4 7 13 19
15 22 24 10 21
15 22 7 13 17
7 22 24 10 29
7 22 7 13 9
6 5 21 5 15
2 3 21 5 21
16 18 21 5 18
6 5 14 11 14
6 5 14 2 11
6 5 9 6 4
2 3 14 11 20
2 3 14 2 13
2 3 9 6 10
16 18 14 11 9
16 18 14 2 18
16 18 9 6 19
6 5 13 11 13
6 5 11 10 10
6 5 6 1 4
2 3 13 11 19
2 3 11 10 16
2 3 6 1 6
16 18 13 11 10
16 18 11 10 13
16 18 6 1 27
6 5 1 0 10
6 5 15 7 11
6 5 6 8 3
2 3 1 0 4
2 3 15 7 17
2 3 6 8 9
16 18 1 0 33
16 18 15 7 12
16 18 6 8 20
6 5 21 22 32
6 5 19 4 14
6 5 23 4 18
2 3 21 22 38
2 3 19 4 18
2 3 23 4 22
16 18 21 22 9
16 18 19 4 17
16 18 23 4 21
6 5 22 18 29
6 5 3 15 13
6 5 18 17 24
2 3 22 18 35
2 3 3 15 13
2 3 18 17 30
16 18 22 18 6
16 18 3 15 16
16 18 18 17 3
6 5 13 10 12
6 5 2 4 5
6 5 18 5 12
2 3 13 10 18
2 3 2 4 1
2 3 18 5 18
16 18 13 10 11
16 18 2 4 28
16 18 18 5 15
6 5 2 0 9
6 5 20 3 16
6 5 13 14 16
2 3 2 0 3
2 3 20 3 18
2 3 13 14 22
16 18 2 0 32
16 18 20 3 19
16 18 13 14 7
6 5 12 19 20
6 5 21 4 16
6 5 1 5 5
2 3 12 19 26
2 3 21 4 20
2 3 1 5 3
16 18 12 19 5
16 18 21 4 19
16 18 1 5 28
6 5 15 6 10
6 5 19 18 26
6 5 0 2 9
2 3 15 6 16
2 3 19 18 32
2 3 0 2 3
16 18 15 6 13
16 18 19 18 3
16 18 0 2 32
6 5 11 0 10
6 5 7 21 17
6 5 17 14 20
2 3 11 0 12
2 3 7 21 23
2 3 17 14 26
16 18 11 0 23
16 18 7 21 12
16 18 17 14 5
6 5 16 12 17
6 5 9 16 14
6 5 19 16 24
2 3 16 12 23
2 3 9 16 20
2 3 19 16 30
16 18 16 12 6
16 18 9 16 9
16 18 19 16 5
6 5 19 10 18
6 5 18 2 15
6 5 14 3 10
2 3 19 10 24
2 3 18 2 17
2 3 14 3 12
16 18 19 10 11
16 18 18 2 18
16 18 14 3 17
6 5 12 10 11
6 5 24 9 22
6 5 23 5 17
2 3 12 10 17
2 3 24 9 28
2 3 23 5 23
16 18 12 10 12
16 18 24 9 17
16 18 23 5 20
6 5 17 4 12
6 5 15 22 26
6 5 7 22 18
2 3 17 4 16
2 3 15 22 32
2 3 7 22 24
16 18 17 4 15
16 18 15 22 5
16 18 7 22 13
6 5 14 14 17
6 5 5 12 8
6 5 14 10 13
2 3 14 14 23
2 3 5 12 12
2 3 14 10 19
16 18 14 14 6
16 18 5 12 17
16 18 14 10 10
6 5 20 22 31
6 5 16 22 27
6 5 23 12 24
2 3 20 22 37
2 3 16 22 33
2 3 23 12 30
16 18 20 22 8
16 18 16 22 4
16 18 23 12 13
6 5 11 6 6
6 5 22 16 27
6 5 17 11 17
2 3 11 6 12
2 3 22 16 33
2 3 17 11 23
16 18 11 6 17
16 18 22 16 8
16 18 17 11 8
6 5 11 3 7
6 5 17 1 15
6 5 12 9 10
2 3 11 3 9
2 3 17 1 17
2 3 12 9 16
16 18 11 3 20
16 18 17 1 18
16 18 12 9 13
6 5 24 23 36
6 5 22 15 26
6 5 24 13 26
2 3 24 23 42
2 3 22 15 32
2 3 24 13 32
16 18 24 23 13
16 18 22 15 9
16 18 24 13 13
6 5 24 10 23
6 5 7 13 9
2 3 24 10 29
2 3 7 13 15
16 18 24 10 16
16 18 7 13 14
14 14 21 5 16
5 12 21 5 23
14 10 21 5 12
14 14 14 11 3
14 14 14 2 12
14 14 9 6 13
5 12 14 11 10
5 12 14 2 19
5 12 9 6 10
14 10 14 11 1
14 10 14 2 8
14 10 9 6 9
14 14 13 11 4
14 14 11 10 7
14 14 6 1 21
5 12 13 11 9
5 12 11 10 8
5 12 6 1 12
14 10 13 11 2
14 10 11 10 3
14 10 6 1 17
14 14 1 0 27
14 14 15 7 8
14 14 6 8 14
5 12 1 0 16
5 12 15 7 15
5 12 6 8 5
14 10 1 0 23
14 10 15 7 4
14 10 6 8 10
14 14 21 22 15
14 14 19 4 15
14 14 23 4 19
5 12 21 22 26
5 12 19 4 22
5 12 23 4 26
14 10 21 22 19
14 10 19 4 11
14 10 23 4 15
14 14 22 18 12
14 14 3 15 12
14 14 18 17 7
5 12 22 18 23
5 12 3 15 5
5 12 18 17 18
14 10 22 18 16
14 10 3 15 16
14 10 18 17 11
14 14 13 10 5
14 14 2 4 22
14 14 18 5 13
5 12 13 10 10
5 12 2 4 11
5 12 18 5 20
14 10 13 10 1
14 10 2 4 18
14 10 18 5 9
14 14 2 0 26
14 14 20 3 17
14 14 13 14 1
5 12 2 0 15
5 12 20 3 24
5 12 13 14 10
14 10 2 0 22
14 10 20 3 13
14 10 13 14 5
14 14 12 19 7
14 14 21 4 17
14 14 1 5 22
5 12 12 19 14
5 12 21 4 24
5 12 1 5 11
14 10 12 19 11
14 10 21 4 13
14 10 1 5 18
14 14 15 6 9
14 14 19 18 9
14 14 0 2 26
5 12 15 6 16
5 12 19 18 20
5 12 0 2 15
14 10 15 6 5
14 10 19 18 13
14 10 0 2 22
14 14 11 0 17
14 14 7 21 14
14 14 17 14 3
5 12 11 0 18
5 12 7 21 11
5 12 17 14 14
14 10 11 0 13
14 10 7 21 18
14 10 17 14 7
14 14 16 12 4
14 14 9 16 7
14 14 19 16 7
5 12 16 12 11
5 12 9 16 8
5 12 19 16 18
14 10 16 12 4
14 10 9 16 11
14 10 19 16 11
14 14 19 10 9
14 14 18 2 16
14 14 14 3 11
5 12 19 10 16
5 12 18 2 23
5 12 14 3 18
14 10 19 10 5
14 10 18 2 12
14 10 14 3 7
14 14 12 10 6
14 14 24 9 15
14 14 23 5 18
5 12 12 10 9
5 12 24 9 22
5 12 23 5 25
14 10 12 10 2
14 10 24 9 11
14 10 23 5 14
14 14 17 4 13
14 14 15 22 9
14 14 7 22 15
5 12 17 4 20
5 12 15 22 20
5 12 7 22 12
14 10 17 4 9
14 10 15 22 13
14 10 7 22 19
14 14 6 5 17
14 14 2 3 23
14 14 16 18 6
5 12 6 5 8
5 12 2 3 12
5 12 16 18 17
14 10 6 5 13
14 10 2 3 19
14 10 16 18 10
14 14 20 22 14
14 14 16 22 10
14 14 23 12 11
5 12 20 22 25
5 12 16 22 21
5 12 23 12 18
14 10 20 22 18
14 10 16 22 14
14 10 23 12 11
14 14 11 6 11
14 14 22 16 10
14 14 17 11 6
5 12 11 6 12
5 12 22 16 21
5 12 17 11 13
14 10 11 6 7
14 10 22 16 14
14 10 17 11 4
14 14 11 3 14
14 14 17 1 16
14 14 12 9 7
5 12 11 3 15
5 12 17 1 23
5 12 12 9 10
14 10 11 3 10
14 10 17 1 12
14 10 12 9 3
14 14 24 23 19
14 14 22 15 9
14 14 24 13 11
5 12 24 23 30
5 12 22 15 20
5 12 24 13 20
14 10 24 23 23
14 10 22 15 13
14 10 24 13 13
14 14 24 10 14
14 14 7 13 8
5 12 24 10 21
5 12 7 13 3
14 10 24 10 10
14 10 7 13 10
20 22 21 5 18
16 22 21 5 22
23 12 21 5 9
20 22 14 11 17
20 22 14 2 26
20 22 9 6 27
16 22 14 11 13
16 22 14 2 22
16 22 9 6 23
23 12 14 11 10
23 12 14 2 19
23 12 9 6 20
20 22 13 11 18
20 22 11 10 21
20 22 6 1 35
16 22 13 11 14
16 22 11 10 17
16 22 6 1 31
23 12 13 11 11
23 12 11 10 14
23 12 6 1 28
20 22 1 0 41
20 22 15 7 20
20 22 6 8 28
16 22 1 0 37
16 22 15 7 16
16 22 6 8 24
23 12 1 0 34
23 12 15 7 13
23 12 6 8 21
20 22 21 22 1
20 22 19 4 19
20 22 23 4 21
16 22 21 22 5
16 22 19 4 21
16 22 23 4 25
23 12 21 22 12
23 12 19 4 12
23 12 23 4 8
20 22 22 18 6
20 22 3 15 24
20 22 18 17 7
16 22 22 18 10
16 22 3 15 20
16 22 18 17 7
23 12 22 18 7
23 12 3 15 23
23 12 18 17 10
20 22 13 10 19
20 22 2 4 36
20 22 18 5 19
16 22 13 10 15
16 22 2 4 32
16 22 18 5 19
23 12 13 10 12
23 12 2 4 29
23 12 18 5 12
20 22 2 0 40
20 22 20 3 19
20 22 13 14 15
16 22 2 0 36
16 22 20 3 23
16 22 13 14 11
23 12 2 0 33
23 12 20 3 12
23 12 13 14 12
20 22 12 19 11
20 22 21 4 19
20 22 1 5 36
16 22 12 19 7
16 22 21 4 23
16 22 1 5 32
23 12 12 19 18
23 12 21 4 10
23 12 1 5 29
20 22 15 6 21
20 22 19 18 5
20 22 0 2 40
16 22 15 6 17
16 22 19 18 7
16 22 0 2 36
23 12 15 6 14
23 12 19 18 10
23 12 0 2 33
20 22 11 0 31
20 22 7 21 14
20 22 17 14 11
16 22 11 0 27
16 22 7 21 10
16 22 17 14 9
23 12 11 0 24
23 12 7 21 25
23 12 17 14 8
20 22 16 12 14
20 22 9 16 17
20 22 19 16 7
16 22 16 12 10
16 22 9 16 13
16 22 19 16 9
23 12 16 12 7
23 12 9 16 18
23 12 19 16 8
20 22 19 10 13
20 22 18 2 22
20 22 14 3 25
16 22 19 10 15
16 22 18 2 22
16 22 14 3 21
23 12 19 10 6
23 12 18 2 15
23 12 14 3 18
20 22 12 10 20
20 22 24 9 17
20 22 23 5 20
16 22 12 10 16
16 22 24 9 21
16 22 23 5 24
23 12 12 10 13
23 12 24 9 4
23 12 23 5 7
20 22 17 4 21
20 22 15 22 5
20 22 7 22 13
16 22 17 4 19
16 22 15 22 1
16 22 7 22 9
23 12 17 4 14
23 12 15 22 18
23 12 7 22 26
20 22 6 5 31
20 22 2 3 37
20 22 16 18 8
16 22 6 5 27
16 22 2 3 33
16 22 16 18 4
23 12 6 5 24
23 12 2 3 30
23 12 16 18 13
20 22 14 14 14
20 22 5 12 25
20 22 14 10 18
16 22 14 14 10
16 22 5 12 21
16 22 14 10 14
23 12 14 14 11
23 12 5 12 18
23 12 14 10 11
20 22 11 6 25
20 22 22 16 8
20 22 17 11 14
16 22 11 6 21
16 22 22 16 12
16 22 17 11 12
23 12 11 6 18
23 12 22 16 5
23 12 17 11 7
20 22 11 3 28
20 22 17 1 24
20 22 12 9 21
16 22 11 3 24
16 22 17 1 22
16 22 12 9 17
23 12 11 3 21
23 12 17 1 17
23 12 12 9 14
20 22 24 23 5
20 22 22 15 9
20 22 24 13 13
16 22 24 23 9
16 22 22 15 13
16 22 24 13 17
23 12 24 23 12
23 12 22 15 4
23 12 24 13 2
20 22 24 10 16
20 22 7 13 22
16 22 24 10 20
16 22 7 13 18
23 12 24 10 3
23 12 7 13 17
11 6 21 5 11
22 16 21 5 12
17 11 21 5 10
11 6 14 11 8
11 6 14 2 7
11 6 9 6 2
22 16 14 11 13
22 16 14 2 22
22 16 9 6 23
17 11 14 11 3
17 11 14 2 12
17 11 9 6 13
11 6 13 11 7
11 6 11 10 4
11 6 6 1 10
22 16 13 11 14
22 16 11 10 17
22 16 6 1 31
17 11 13 11 4
17 11 11 10 7
17 11 6 1 21
11 6 1 0 16
11 6 15 7 5
11 6 6 8 7
22 16 1 0 37
22 16 15 7 16
22 16 6 8 24
17 11 1 0 27
17 11 15 7 6
17 11 6 8 14
11 6 21 22 26
11 6 19 4 10
11 6 23 4 14
22 16 21 22 7
22 16 19 4 15
22 16 23 4 13
17 11 21 22 15
17 11 19 4 9
17 11 23 4 13
11 6 22 18 23
11 6 3 15 17
11 6 18 17 18
22 16 22 18 2
22 16 3 15 20
22 16 18 17 5
17 11 22 18 12
17 11 3 15 18
17 11 18 17 7
11 6 13 10 6
11 6 2 4 11
11 6 18 5 8
22 16 13 10 15
22 16 2 4 32
22 16 18 5 15
17 11 13 10 5
17 11 2 4 22
17 11 18 5 7
11 6 2 0 15
11 6 20 3 12
11 6 13 14 10
22 16 2 0 36
22 16 20 3 15
22 16 13 14 11
17 11 2 0 26
17 11 20 3 11
17 11 13 14 7
11 6 12 19 14
11 6 21 4 12
11 6 1 5 11
22 16 12 19 13
22 16 21 4 13
22 16 1 5 32
17 11 12 19 13
17 11 21 4 11
17 11 1 5 22
11 6 15 6 4
11 6 19 18 20
11 6 0 2 15
22 16 15 6 17
22 16 19 18 5
22 16 0 2 36
17 11 15 6 7
17 11 19 18 9
17 11 0 2 26
11 6 11 0 6
11 6 7 21 19
11 6 17 14 14
22 16 11 0 27
22 16 7 21 20
22 16 17 14 7
17 11 11 0 17
17 11 7 21 20
17 11 17 14 3
11 6 16 12 11
11 6 9 16 12
11 6 19 16 18
22 16 16 12 10
22 16 9 16 13
22 16 19 16 3
17 11 16 12 2
17 11 9 16 13
17 11 19 16 7
11 6 19 10 12
11 6 18 2 11
11 6 14 3 6
22 16 19 10 9
22 16 18 2 18
22 16 14 3 21
17 11 19 10 3
17 11 18 2 10
17 11 14 3 11
11 6 12 10 5
11 6 24 9 16
11 6 23 5 13
22 16 12 10 16
22 16 24 9 9
22 16 23 5 12
17 11 12 10 6
17 11 24 9 9
17 11 23 5 12
11 6 17 4 8
11 6 15 22 20
11 6 7 22 20
22 16 17 4 17
22 16 15 22 13
22 16 7 22 21
17 11 17 4 7
17 11 15 22 13
17 11 7 22 21
11 6 6 5 6
11 6 2 3 12
11 6 16 18 17
22 16 6 5 27
22 16 2 3 33
22 16 16 18 8
17 11 6 5 17
17 11 2 3 23
17 11 16 18 8
11 6 14 14 11
11 6 5 12 12
11 6 14 10 7
22 16 14 14 10
22 16 5 12 21
22 16 14 10 14
17 11 14 14 6
17 11 5 12 13
17 11 14 10 4
11 6 20 22 25
11 6 16 22 21
11 6 23 12 18
22 16 20 22 8
22 16 16 22 12
22 16 23 12 5
17 11 20 22 14
17 11 16 22 12
17 11 23 12 7
11 6 11 3 3
11 6 17 1 11
11 6 12 9 4
22 16 11 3 24
22 16 17 1 20
22 16 12 9 17
17 11 11 3 14
17 11 17 1 10
17 11 12 9 7
11 6 24 23 30
11 6 22 15 20
11 6 24 13 20
22 16 24 23 9
22 16 22 15 1
22 16 24 13 5
17 11 24 23 19
17 11 22 15 9
17 11 24 13 9
11 6 24 10 17
11 6 7 13 11
22 16 24 10 8
22 16 7 13 18
17 11 24 10 8
17 11 7 13 12
11 3 21 5 12
17 1 21 5 8
12 9 21 5 13
11 3 14 11 11
11 3 14 2 4
11 3 9 6 5
17 1 14 11 13
17 1 14 2 4
17 1 9 6 13
12 9 14 11 4
12 9 14 2 9
12 9 9 6 6
11 3 13 11 10
11 3 11 10 7
11 3 6 1 7
17 1 13 11 14
17 1 11 10 15
17 1 6 1 11
12 9 13 11 3
12 9 11 10 2
12 9 6 1 14
11 3 1 0 13
11 3 15 7 8
11 3 6 8 10
17 1 1 0 17
17 1 15 7 8
17 1 6 8 18
12 9 1 0 20
12 9 15 7 5
12 9 6 8 7
11 3 21 22 29
11 3 19 4 9
11 3 23 4 13
17 1 21 22 25
17 1 19 4 5
17 1 23 4 9
12 9 21 22 22
12 9 19 4 12
12 9 23 4 16
11 3 22 18 26
11 3 3 15 20
11 3 18 17 21
17 1 22 18 22
17 1 3 15 28
17 1 18 17 17
12 9 22 18 19
12 9 3 15 15
12 9 18 17 14
11 3 13 10 9
11 3 2 4 10
11 3 18 5 9
17 1 13 10 13
17 1 2 4 18
17 1 18 5 5
12 9 13 10 2
12 9 2 4 15
12 9 18 5 10
11 3 2 0 12
11 3 20 3 9
11 3 13 14 13
17 1 2 0 16
17 1 20 3 5
17 1 13 14 17
12 9 2 0 19
12 9 20 3 14
12 9 13 14 6
11 3 12 19 17
11 3 21 4 11
11 3 1 5 12
17 1 12 19 23
17 1 21 4 7
17 1 1 5 20
12 9 12 19 10
12 9 21 4 14
12 9 1 5 15
11 3 15 6 7
11 3 19 18 23
11 3 0 2 12
17 1 15 6 7
17 1 19 18 19
17 1 0 2 18
12 9 15 6 6
12 9 19 18 16
12 9 0 2 19
11 3 11 0 3
11 3 7 21 22
11 3 17 14 17
17 1 11 0 7
17 1 7 21 30
17 1 17 14 13
12 9 11 0 10
12 9 7 21 17
12 9 17 14 10
11 3 16 12 14
11 3 9 16 15
11 3 19 16 21
17 1 16 12 12
17 1 9 16 23
17 1 19 16 17
12 9 16 12 7
12 9 9 16 10
12 9 19 16 14
11 3 19 10 15
11 3 18 2 8
11 3 14 3 3
17 1 19 10 11
17 1 18 2 2
17 1 14 3 5
12 9 19 10 8
12 9 18 2 13
12 9 14 3 8
11 3 12 10 8
11 3 24 9 19
11 3 23 5 14
17 1 12 10 14
17 1 24 9 15
17 1 23 5 10
12 9 12 10 1
12 9 24 9 12
12 9 23 5 15
11 3 17 4 7
11 3 15 22 23
11 3 7 22 23
17 1 17 4 3
17 1 15 22 23
17 1 7 22 31
12 9 17 4 10
12 9 15 22 16
12 9 7 22 18
11 3 6 5 7
11 3 2 3 9
11 3 16 18 20
17 1 6 5 15
17 1 2 3 17
17 1 16 18 18
12 9 6 5 10
12 9 2 3 16
12 9 16 18 13
11 3 14 14 14
11 3 5 12 15
11 3 14 10 10
17 1 14 14 16
17 1 5 12 23
17 1 14 10 12
12 9 14 14 7
12 9 5 12 10
12 9 14 10 3
11 3 20 22 28
11 3 16 22 24
11 3 23 12 21
17 1 20 22 24
17 1 16 22 22
17 1 23 12 17
12 9 20 22 21
12 9 16 22 17
12 9 23 12 14
11 3 11 6 3
11 3 22 16 24
11 3 17 11 14
17 1 11 6 11
17 1 22 16 20
17 1 17 11 10
12 9 11 6 4
12 9 22 16 17
12 9 17 11 7
11 3 24 23 33
11 3 22 15 23
11 3 24 13 23
17 1 24 23 29
17 1 22 15 19
17 1 24 13 19
12 9 24 23 26
12 9 22 15 16
12 9 24 13 16
11 3 24 10 20
11 3 7 13 14
17 1 24 10 16
17 1 7 13 22
12 9 24 10 13
12 9 7 13 9
24 23 21 5 21
22 15 21 5 11
24 13 21 5 11
24 23 14 11 22
24 23 14 2 31
24 23 9 6 32
22 15 14 11 12
22 15 14 2 21
22 15 9 6 22
24 13 14 11 12
24 13 14 2 21
24 13 9 6 22
24 23 13 11 23
24 23 11 10 26
24 23 6 1 40
22 15 13 11 13
22 15 11 10 16
22 15 6 1 30
24 13 13 11 13
24 13 11 10 16
24 13 6 1 30
24 23 1 0 46
24 23 15 7 25
24 23 6 8 33
22 15 1 0 36
22 15 15 7 15
22 15 6 8 23
24 13 1 0 36
24 13 15 7 15
24 13 6 8 23
24 23 21 22 4
24 23 19 4 24
24 23 23 4 20
22 15 21 22 8
22 15 19 4 14
22 15 23 4 12
24 13 21 22 12
24 13 19 4 14
24 13 23 4 10
24 23 22 18 7
24 23 3 15 29
24 23 18 17 12
22 15 22 18 3
22 15 3 15 19
22 15 18 17 6
24 13 22 18 7
24 13 3 15 23
24 13 18 17 10
24 23 13 10 24
24 23 2 4 41
24 23 18 5 24
22 15 13 10 14
22 15 2 4 31
22 15 18 5 14
24 13 13 10 14
24 13 2 4 31
24 13 18 5 14
24 23 2 0 45
24 23 20 3 24
24 23 13 14 20
22 15 2 0 35
22 15 20 3 14
22 15 13 14 10
24 13 2 0 35
24 13 20 3 14
24 13 13 14 12
24 23 12 19 16
24 23 21 4 22
24 23 1 5 41
22 15 12 19 14
22 15 21 4 12
22 15 1 5 31
24 13 12 19 18
24 13 21 4 12
24 13 1 5 31
24 23 15 6 26
24 23 19 18 10
24 23 0 2 45
22 15 15 6 16
22 15 19 18 6
22 15 0 2 35
24 13 15 6 16
24 13 19 18 10
24 13 0 2 35
24 23 11 0 36
24 23 7 21 19
24 23 17 14 16
22 15 11 0 26
22 15 7 21 21
22 15 17 14 6
24 13 11 0 26
24 13 7 21 25
24 13 17 14 8
24 23 16 12 19
24 23 9 16 22
24 23 19 16 12
22 15 16 12 9
22 15 9 16 14
22 15 19 16 4
24 13 16 12 9
24 13 9 16 18
24 13 19 16 8
24 23 19 10 18
24 23 18 2 27
24 23 14 3 30
22 15 19 10 8
22 15 18 2 17
22 15 14 3 20
24 13 19 10 8
24 13 18 2 17
24 13 14 3 20
24 23 12 10 25
24 23 24 9 14
24 23 23 5 19
22 15 12 10 15
22 15 24 9 8
22 15 23 5 11
24 13 12 10 15
24 13 24 9 4
24 13 23 5 9
24 23 17 4 26
24 23 15 22 10
24 23 7 22 18
22 15 17 4 16
22 15 15 22 14
22 15 7 22 22
24 13 17 4 16
24 13 15 22 18
24 13 7 22 26
24 23 6 5 36
24 23 2 3 42
24 23 16 18 13
22 15 6 5 26
22 15 2 3 32
22 15 16 18 9
24 13 6 5 26
24 13 2 3 32
24 13 16 18 13
24 23 14 14 19
24 23 5 12 30
24 23 14 10 23
22 15 14 14 9
22 15 5 12 20
22 15 14 10 13
24 13 14 14 11
24 13 5 12 20
24 13 14 10 13
24 23 20 22 5
24 23 16 22 9
24 23 23 12 12
22 15 20 22 9
22 15 16 22 13
22 15 23 12 4
24 13 20 22 13
24 13 16 22 17
24 13 23 12 2
24 23 11 6 30
24 23 22 16 9
24 23 17 11 19
22 15 11 6 20
22 15 22 16 1
22 15 17 11 9
24 13 11 6 20
24 13 22 16 5
24 13 17 11 9
24 23 11 3 33
24 23 17 1 29
24 23 12 9 26
22 15 11 3 23
22 15 17 1 19
22 15 12 9 16
24 13 11 3 23
24 13 17 1 19
24 13 12 9 16
24 23 24 10 13
24 23 7 13 27
22 15 24 10 7
22 15 7 13 17
24 13 24 10 3
24 13 7 13 17
24 10 21 5 8
7 13 21 5 22
24 10 14 11 11
24 10 14 2 18
24 10 9 6 19
7 13 14 11 9
7 13 14 2 18
7 13 9 6 9
24 10 13 11 12
24 10 11 10 13
24 10 6 1 27
7 13 13 11 8
7 13 11 10 7
7 13 6 1 13
24 10 1 0 33
24 10 15 7 12
24 10 6 8 20
7 13 1 0 19
7 13 15 7 14
7 13 6 8 6
24 10 21 22 15
24 10 19 4 11
24 10 23 4 7
7 13 21 22 23
7 13 19 4 21
7 13 23 4 25
24 10 22 18 10
24 10 3 15 26
24 10 18 17 13
7 13 22 18 20
7 13 3 15 6
7 13 18 17 15
24 10 13 10 11
24 10 2 4 28
24 10 18 5 11
7 13 13 10 9
7 13 2 4 14
7 13 18 5 19
24 10 2 0 32
24 10 20 3 11
24 10 13 14 15
7 13 2 0 18
7 13 20 3 23
7 13 13 14 7
24 10 12 19 21
24 10 21 4 9
24 10 1 5 28
7 13 12 19 11
7 13 21 4 23
7 13 1 5 14
24 10 15 6 13
24 10 19 18 13
24 10 0 2 32
7 13 15 6 15
7 13 19 18 17
7 13 0 2 18
24 10 11 0 23
24 10 7 21 28
24 10 17 14 11
7 13 11 0 17
7 13 7 21 8
7 13 17 14 11
24 10 16 12 10
24 10 9 16 21
24 10 19 16 11
7 13 16 12 10
7 13 9 16 5
7 13 19 16 15
24 10 19 10 5
24 10 18 2 14
24 10 14 3 17
7 13 19 10 15
7 13 18 2 22
7 13 14 3 17
24 10 12 10 12
24 10 24 9 1
24 10 23 5 6
7 13 12 10 8
7 13 24 9 21
7 13 23 5 24
24 10 17 4 13
24 10 15 22 21
24 10 7 22 29
7 13 17 4 19
7 13 15 22 17
7 13 7 22 9
24 10 6 5 23
24 10 2 3 29
24 10 16 18 16
7 13 6 5 9
7 13 2 3 15
7 13 16 18 14
24 10 14 14 14
24 10 5 12 21
24 10 14 10 10
7 13 14 14 8
7 13 5 12 3
7 13 14 10 10
24 10 20 22 16
24 10 16 22 20
24 10 23 12 3
7 13 20 22 22
7 13 16 22 18
7 13 23 12 17
24 10 11 6 17
24 10 22 16 8
24 10 17 11 8
7 13 11 6 11
7 13 22 16 18
7 13 17 11 12
24 10 11 3 20
24 10 17 1 16
24 10 12 9 13
7 13 11 3 14
7 13 17 1 22
7 13 12 9 9
24 10 24 23 13
24 10 22 15 7
24 10 24 13 3
7 13 24 23 27
7 13 22 15 17
7 13 24 13 17
