625 63 21 38 15
21 Clusters:
0 1 10 0
1 1 5 4
1 18 24 4
1 20 16 4
2 3 6 3
2 21 7 3
2 15 6 3
3 21 4 7
3 12 24 7
3 2 11 7
4 21 22 12
4 1 22 12
4 2 21 12
5 18 6 3
5 20 24 3
5 1 19 3
6 23 1 14
6 10 22 14
6 17 6 14
7 4 1 13
7 2 13 13
7 4 8 13
8 13 4 11
8 20 0 11
8 17 19 11
9 2 7 7
9 15 20 7
9 1 24 7
10 23 23 3
10 15 9 3
10 19 10 3
11 10 19 2
11 17 18 2
11 19 15 2
12 8 13 11
12 16 6 11
12 23 13 11
13 13 3 12
13 7 15 12
13 7 11 12
14 4 4 15
14 8 9 15
14 17 13 15
15 11 22 10
15 24 17 10
15 22 22 10
16 23 21 12
16 19 22 12
16 18 20 12
17 10 20 1
17 2 12 1
17 15 11 1
18 13 24 3
18 9 5 3
18 19 1 3
19 8 8 4
19 16 13 4
19 22 24 4
20 20 22 4
20 19 4 4
20 22 1 4
21 0 21 3
21 17 8 3
3784 Arcs:
1 10 1 5 5
1 10 18 24 31
1 10 20 16 25
1 10 3 6 6
1 10 21 7 23
1 10 15 6 18
1 10 21 4 26
1 10 12 24 25
1 10 2 11 2
1 10 21 22 32
1 10 1 22 12
1 10 2 21 12
1 10 18 6 21
1 10 20 24 33
1 10 1 19 9
1 10 23 1 31
1 10 10 22 21
1 10 17 6 20
1 10 4 1 12
1 10 2 13 4
1 10 4 8 5
1 10 13 4 18
1 10 20 0 29
1 10 17 19 25
1 10 2 7 4
1 10 15 20 24
1 10 1 24 14
1 10 23 23 35
1 10 15 9 15
1 10 19 10 18
1 10 10 19 18
1 10 17 18 24
1 10 19 15 23
1 10 8 13 10
1 10 16 6 19
1 10 23 13 25
1 10 13 3 19
1 10 7 15 11
1 10 7 11 7
1 10 4 4 9
1 10 8 9 8
1 10 17 13 19
1 10 11 22 22
1 10 24 17 30
1 10 22 22 33
1 10 23 21 33
1 10 19 22 30
1 10 18 20 27
1 10 10 20 19
1 10 2 12 3
1 10 15 11 15
1 10 13 24 26
1 10 9 5 13
1 10 19 1 27
1 10 8 8 9
1 10 16 13 18
1 10 22 24 35
1 10 20 22 31
1 10 19 4 24
1 10 22 1 30
1 10 0 21 12
1 10 17 8 18
1 5 1 10 5
18 24 1 10 31
20 16 1 10 25
1 5 3 6 3
1 5 21 7 22
1 5 15 6 15
18 24 3 6 33
18 24 21 7 20
18 24 15 6 21
20 16 3 6 27
20 16 21 7 10
20 16 15 6 15
1 5 21 4 21
1 5 12 24 30
1 5 2 11 7
18 24 21 4 23
18 24 12 24 6
18 24 2 11 29
20 16 21 4 13
20 16 12 24 16
20 16 2 11 23
1 5 21 22 37
1 5 1 22 17
1 5 2 21 17
18 24 21 22 5
18 24 1 22 19
18 24 2 21 19
20 16 21 22 7
20 16 1 22 25
20 16 2 21 23
1 5 18 6 18
1 5 20 24 38
1 5 1 19 14
18 24 18 6 18
18 24 20 24 2
18 24 1 19 22
20 16 18 6 12
20 16 20 24 8
20 16 1 19 22
1 5 23 1 26
1 5 10 22 26
1 5 17 6 17
18 24 23 1 28
18 24 10 22 10
18 24 17 6 19
20 16 23 1 18
20 16 10 22 16
20 16 17 6 13
1 5 4 1 7
1 5 2 13 9
1 5 4 8 6
18 24 4 1 37
18 24 2 13 27
18 24 4 8 30
20 16 4 1 31
20 16 2 13 21
20 16 4 8 24
1 5 13 4 13
1 5 20 0 24
1 5 17 19 30
18 24 13 4 25
18 24 20 0 26
18 24 17 19 6
20 16 13 4 19
20 16 20 0 16
20 16 17 19 6
1 5 2 7 3
1 5 15 20 29
1 5 1 24 19
18 24 2 7 33
18 24 15 20 7
18 24 1 24 17
20 16 2 7 27
20 16 15 20 9
20 16 1 24 27
1 5 23 23 40
1 5 15 9 18
1 5 19 10 23
18 24 23 23 6
18 24 15 9 18
18 24 19 10 15
20 16 23 23 10
20 16 15 9 12
20 16 19 10 7
1 5 10 19 23
1 5 17 18 29
1 5 19 15 28
18 24 10 19 13
18 24 17 18 7
18 24 19 15 10
20 16 10 19 13
20 16 17 18 5
20 16 19 15 2
1 5 8 13 15
1 5 16 6 16
1 5 23 13 30
18 24 8 13 21
18 24 16 6 20
18 24 23 13 16
20 16 8 13 15
20 16 16 6 14
20 16 23 13 6
1 5 13 3 14
1 5 7 15 16
1 5 7 11 12
18 24 13 3 26
18 24 7 15 20
18 24 7 11 24
20 16 13 3 20
20 16 7 15 14
20 16 7 11 18
1 5 4 4 4
1 5 8 9 11
1 5 17 13 24
18 24 4 4 34
18 24 8 9 25
18 24 17 13 12
20 16 4 4 28
20 16 8 9 19
20 16 17 13 6
1 5 11 22 27
1 5 24 17 35
1 5 22 22 38
18 24 11 22 9
18 24 24 17 13
18 24 22 22 6
20 16 11 22 15
20 16 24 17 5
20 16 22 22 8
1 5 23 21 38
1 5 19 22 35
1 5 18 20 32
18 24 23 21 8
18 24 19 22 3
18 24 18 20 4
20 16 23 21 8
20 16 19 22 7
20 16 18 20 6
1 5 10 20 24
1 5 2 12 8
1 5 15 11 20
18 24 10 20 12
18 24 2 12 28
18 24 15 11 16
20 16 10 20 14
20 16 2 12 22
20 16 15 11 10
1 5 13 24 31
1 5 9 5 8
1 5 19 1 22
18 24 13 24 5
18 24 9 5 28
18 24 19 1 24
20 16 13 24 15
20 16 9 5 22
20 16 19 1 16
1 5 8 8 10
1 5 16 13 23
1 5 22 24 40
18 24 8 8 26
18 24 16 13 13
18 24 22 24 4
20 16 8 8 20
20 16 16 13 7
20 16 22 24 10
1 5 20 22 36
1 5 19 4 19
1 5 22 1 25
18 24 20 22 4
18 24 19 4 21
18 24 22 1 27
20 16 20 22 6
20 16 19 4 13
20 16 22 1 17
1 5 0 21 17
1 5 17 8 19
18 24 0 21 21
18 24 17 8 17
20 16 0 21 25
20 16 17 8 11
3 6 1 10 6
21 7 1 10 23
15 6 1 10 18
3 6 1 5 3
3 6 18 24 33
3 6 20 16 27
21 7 1 5 22
21 7 18 24 20
21 7 20 16 10
15 6 1 5 15
15 6 18 24 21
15 6 20 16 15
3 6 21 4 20
3 6 12 24 27
3 6 2 11 6
21 7 21 4 3
21 7 12 24 26
21 7 2 11 23
15 6 21 4 8
15 6 12 24 21
15 6 2 11 18
3 6 21 22 34
3 6 1 22 18
3 6 2 21 16
21 7 21 22 15
21 7 1 22 35
21 7 2 21 33
15 6 21 22 22
15 6 1 22 30
15 6 2 21 28
3 6 18 6 15
3 6 20 24 35
3 6 1 19 15
21 7 18 6 4
21 7 20 24 18
21 7 1 19 32
15 6 18 6 3
15 6 20 24 23
15 6 1 19 27
3 6 23 1 25
3 6 10 22 23
3 6 17 6 14
21 7 23 1 8
21 7 10 22 26
21 7 17 6 5
15 6 23 1 13
15 6 10 22 21
15 6 17 6 2
3 6 4 1 6
3 6 2 13 8
3 6 4 8 3
21 7 4 1 23
21 7 2 13 25
21 7 4 8 18
15 6 4 1 16
15 6 2 13 20
15 6 4 8 13
3 6 13 4 12
3 6 20 0 23
3 6 17 19 27
21 7 13 4 11
21 7 20 0 8
21 7 17 19 16
15 6 13 4 4
15 6 20 0 11
15 6 17 19 15
3 6 2 7 2
3 6 15 20 26
3 6 1 24 20
21 7 2 7 19
21 7 15 20 19
21 7 1 24 37
15 6 2 7 14
15 6 15 20 14
15 6 1 24 32
3 6 23 23 37
3 6 15 9 15
3 6 19 10 20
21 7 23 23 18
21 7 15 9 8
21 7 19 10 5
15 6 23 23 25
15 6 15 9 3
15 6 19 10 8
3 6 10 19 20
3 6 17 18 26
3 6 19 15 25
21 7 10 19 23
21 7 17 18 15
21 7 19 15 10
15 6 10 19 18
15 6 17 18 14
15 6 19 15 13
3 6 8 13 12
3 6 16 6 13
3 6 23 13 27
21 7 8 13 19
21 7 16 6 6
21 7 23 13 8
15 6 8 13 14
15 6 16 6 1
15 6 23 13 15
3 6 13 3 13
3 6 7 15 13
3 6 7 11 9
21 7 13 3 12
21 7 7 15 22
21 7 7 11 18
15 6 13 3 5
15 6 7 15 17
15 6 7 11 13
3 6 4 4 3
3 6 8 9 8
3 6 17 13 21
21 7 4 4 20
21 7 8 9 15
21 7 17 13 10
15 6 4 4 13
15 6 8 9 10
15 6 17 13 9
3 6 11 22 24
3 6 24 17 32
3 6 22 22 35
21 7 11 22 25
21 7 24 17 13
21 7 22 22 16
15 6 11 22 20
15 6 24 17 20
15 6 22 22 23
3 6 23 21 35
3 6 19 22 32
3 6 18 20 29
21 7 23 21 16
21 7 19 22 17
21 7 18 20 16
15 6 23 21 23
15 6 19 22 20
15 6 18 20 17
3 6 10 20 21
3 6 2 12 7
3 6 15 11 17
21 7 10 20 24
21 7 2 12 24
21 7 15 11 10
15 6 10 20 19
15 6 2 12 19
15 6 15 11 5
3 6 13 24 28
3 6 9 5 7
3 6 19 1 21
21 7 13 24 25
21 7 9 5 14
21 7 19 1 8
15 6 13 24 20
15 6 9 5 7
15 6 19 1 9
3 6 8 8 7
3 6 16 13 20
3 6 22 24 37
21 7 8 8 14
21 7 16 13 11
21 7 22 24 18
15 6 8 8 9
15 6 16 13 8
15 6 22 24 25
3 6 20 22 33
3 6 19 4 18
3 6 22 1 24
21 7 20 22 16
21 7 19 4 5
21 7 22 1 7
15 6 20 22 21
15 6 19 4 6
15 6 22 1 12
3 6 0 21 18
3 6 17 8 16
21 7 0 21 35
21 7 17 8 5
15 6 0 21 30
15 6 17 8 4
21 4 1 10 26
12 24 1 10 25
2 11 1 10 2
21 4 1 5 21
21 4 18 24 23
21 4 20 16 13
12 24 1 5 30
12 24 18 24 6
12 24 20 16 16
2 11 1 5 7
2 11 18 24 29
2 11 20 16 23
21 4 3 6 20
21 4 21 7 3
21 4 15 6 8
12 24 3 6 27
12 24 21 7 26
12 24 15 6 21
2 11 3 6 6
2 11 21 7 23
2 11 15 6 18
21 4 21 22 18
21 4 1 22 38
21 4 2 21 36
12 24 21 22 11
12 24 1 22 13
12 24 2 21 13
2 11 21 22 30
2 11 1 22 12
2 11 2 21 10
21 4 18 6 5
21 4 20 24 21
21 4 1 19 35
12 24 18 6 24
12 24 20 24 8
12 24 1 19 16
2 11 18 6 21
2 11 20 24 31
2 11 1 19 9
21 4 23 1 5
21 4 10 22 29
21 4 17 6 6
12 24 23 1 34
12 24 10 22 4
12 24 17 6 23
2 11 23 1 31
2 11 10 22 19
2 11 17 6 20
21 4 4 1 20
21 4 2 13 28
21 4 4 8 21
12 24 4 1 31
12 24 2 13 21
12 24 4 8 24
2 11 4 1 12
2 11 2 13 2
2 11 4 8 5
21 4 13 4 8
21 4 20 0 5
21 4 17 19 19
12 24 13 4 21
12 24 20 0 32
12 24 17 19 10
2 11 13 4 18
2 11 20 0 29
2 11 17 19 23
21 4 2 7 22
21 4 15 20 22
21 4 1 24 40
12 24 2 7 27
12 24 15 20 7
12 24 1 24 11
2 11 2 7 4
2 11 15 20 22
2 11 1 24 14
21 4 23 23 21
21 4 15 9 11
21 4 19 10 8
12 24 23 23 12
12 24 15 9 18
12 24 19 10 21
2 11 23 23 33
2 11 15 9 15
2 11 19 10 18
21 4 10 19 26
21 4 17 18 18
21 4 19 15 13
12 24 10 19 7
12 24 17 18 11
12 24 19 15 16
2 11 10 19 16
2 11 17 18 22
2 11 19 15 21
21 4 8 13 22
21 4 16 6 7
21 4 23 13 11
12 24 8 13 15
12 24 16 6 22
12 24 23 13 22
2 11 8 13 8
2 11 16 6 19
2 11 23 13 23
21 4 13 3 9
21 4 7 15 25
21 4 7 11 21
12 24 13 3 22
12 24 7 15 14
12 24 7 11 18
2 11 13 3 19
2 11 7 15 9
2 11 7 11 5
21 4 4 4 17
21 4 8 9 18
21 4 17 13 13
12 24 4 4 28
12 24 8 9 19
12 24 17 13 16
2 11 4 4 9
2 11 8 9 8
2 11 17 13 17
21 4 11 22 28
21 4 24 17 16
21 4 22 22 19
12 24 11 22 3
12 24 24 17 19
12 24 22 22 12
2 11 11 22 20
2 11 24 17 28
2 11 22 22 31
21 4 23 21 19
21 4 19 22 20
21 4 18 20 19
12 24 23 21 14
12 24 19 22 9
12 24 18 20 10
2 11 23 21 31
2 11 19 22 28
2 11 18 20 25
21 4 10 20 27
21 4 2 12 27
21 4 15 11 13
12 24 10 20 6
12 24 2 12 22
12 24 15 11 16
2 11 10 20 17
2 11 2 12 1
2 11 15 11 13
21 4 13 24 28
21 4 9 5 13
21 4 19 1 5
12 24 13 24 1
12 24 9 5 22
12 24 19 1 30
2 11 13 24 24
2 11 9 5 13
2 11 19 1 27
21 4 8 8 17
21 4 16 13 14
21 4 22 24 21
12 24 8 8 20
12 24 16 13 15
12 24 22 24 10
2 11 8 8 9
2 11 16 13 16
2 11 22 24 33
21 4 20 22 19
21 4 19 4 2
21 4 22 1 4
12 24 20 22 10
12 24 19 4 27
12 24 22 1 33
2 11 20 22 29
2 11 19 4 24
2 11 22 1 30
21 4 0 21 38
21 4 17 8 8
12 24 0 21 15
12 24 17 8 21
2 11 0 21 12
2 11 17 8 18
21 22 1 10 32
1 22 1 10 12
2 21 1 10 12
21 22 1 5 37
21 22 18 24 5
21 22 20 16 7
1 22 1 5 17
1 22 18 24 19
1 22 20 16 25
2 21 1 5 17
2 21 18 24 19
2 21 20 16 23
21 22 3 6 34
21 22 21 7 15
21 22 15 6 22
1 22 3 6 18
1 22 21 7 35
1 22 15 6 30
2 21 3 6 16
2 21 21 7 33
2 21 15 6 28
21 22 21 4 18
21 22 12 24 11
21 22 2 11 30
1 22 21 4 38
1 22 12 24 13
1 22 2 11 12
2 21 21 4 36
2 21 12 24 13
2 21 2 11 10
21 22 18 6 19
21 22 20 24 3
21 22 1 19 23
1 22 18 6 33
1 22 20 24 21
1 22 1 19 3
2 21 18 6 31
2 21 20 24 21
2 21 1 19 3
21 22 23 1 23
21 22 10 22 11
21 22 17 6 20
1 22 23 1 43
1 22 10 22 9
1 22 17 6 32
2 21 23 1 41
2 21 10 22 9
2 21 17 6 30
21 22 4 1 38
21 22 2 13 28
21 22 4 8 31
1 22 4 1 24
1 22 2 13 10
1 22 4 8 17
2 21 4 1 22
2 21 2 13 8
2 21 4 8 15
21 22 13 4 26
21 22 20 0 23
21 22 17 19 7
1 22 13 4 30
1 22 20 0 41
1 22 17 19 19
2 21 13 4 28
2 21 20 0 39
2 21 17 19 17
21 22 2 7 34
21 22 15 20 8
21 22 1 24 22
1 22 2 7 16
1 22 15 20 16
1 22 1 24 2
2 21 2 7 14
2 21 15 20 14
2 21 1 24 4
21 22 23 23 3
21 22 15 9 19
21 22 19 10 14
1 22 23 23 23
1 22 15 9 27
1 22 19 10 30
2 21 23 23 23
2 21 15 9 25
2 21 19 10 28
21 22 10 19 14
21 22 17 18 8
21 22 19 15 9
1 22 10 19 12
1 22 17 18 20
1 22 19 15 25
2 21 10 19 10
2 21 17 18 18
2 21 19 15 23
21 22 8 13 22
21 22 16 6 21
21 22 23 13 11
1 22 8 13 16
1 22 16 6 31
1 22 23 13 31
2 21 8 13 14
2 21 16 6 29
2 21 23 13 29
21 22 13 3 27
21 22 7 15 21
21 22 7 11 25
1 22 13 3 31
1 22 7 15 13
1 22 7 11 17
2 21 13 3 29
2 21 7 15 11
2 21 7 11 15
21 22 4 4 35
21 22 8 9 26
21 22 17 13 13
1 22 4 4 21
1 22 8 9 20
1 22 17 13 25
2 21 4 4 19
2 21 8 9 18
2 21 17 13 23
21 22 11 22 10
21 22 24 17 8
21 22 22 22 1
1 22 11 22 10
1 22 24 17 28
1 22 22 22 21
2 21 11 22 10
2 21 24 17 26
2 21 22 22 21
21 22 23 21 3
21 22 19 22 2
21 22 18 20 5
1 22 23 21 23
1 22 19 22 18
1 22 18 20 19
2 21 23 21 21
2 21 19 22 18
2 21 18 20 17
21 22 10 20 13
21 22 2 12 29
21 22 15 11 17
1 22 10 20 11
1 22 2 12 11
1 22 15 11 25
2 21 10 20 9
2 21 2 12 9
2 21 15 11 23
21 22 13 24 10
21 22 9 5 29
21 22 19 1 23
1 22 13 24 14
1 22 9 5 25
1 22 19 1 39
2 21 13 24 14
2 21 9 5 23
2 21 19 1 37
21 22 8 8 27
21 22 16 13 14
21 22 22 24 3
1 22 8 8 21
1 22 16 13 24
1 22 22 24 23
2 21 8 8 19
2 21 16 13 22
2 21 22 24 23
21 22 20 22 1
21 22 19 4 20
21 22 22 1 22
1 22 20 22 19
1 22 19 4 36
1 22 22 1 42
2 21 20 22 19
2 21 19 4 34
2 21 22 1 40
21 22 0 21 22
21 22 17 8 18
1 22 0 21 2
1 22 17 8 30
2 21 0 21 2
2 21 17 8 28
18 6 1 10 21
20 24 1 10 33
1 19 1 10 9
18 6 1 5 18
18 6 18 24 18
18 6 20 16 12
20 24 1 5 38
20 24 18 24 2
20 24 20 16 8
1 19 1 5 14
1 19 18 24 22
1 19 20 16 22
18 6 3 6 15
18 6 21 7 4
18 6 15 6 3
20 24 3 6 35
20 24 21 7 18
20 24 15 6 23
1 19 3 6 15
1 19 21 7 32
1 19 15 6 27
18 6 21 4 5
18 6 12 24 24
18 6 2 11 21
20 24 21 4 21
20 24 12 24 8
20 24 2 11 31
1 19 21 4 35
1 19 12 24 16
1 19 2 11 9
18 6 21 22 19
18 6 1 22 33
18 6 2 21 31
20 24 21 22 3
20 24 1 22 21
20 24 2 21 21
1 19 21 22 23
1 19 1 22 3
1 19 2 21 3
18 6 23 1 10
18 6 10 22 24
18 6 17 6 1
20 24 23 1 26
20 24 10 22 12
20 24 17 6 21
1 19 23 1 40
1 19 10 22 12
1 19 17 6 29
18 6 4 1 19
18 6 2 13 23
18 6 4 8 16
20 24 4 1 39
20 24 2 13 29
20 24 4 8 32
1 19 4 1 21
1 19 2 13 7
1 19 4 8 14
18 6 13 4 7
18 6 20 0 8
18 6 17 19 14
20 24 13 4 27
20 24 20 0 24
20 24 17 19 8
1 19 13 4 27
1 19 20 0 38
1 19 17 19 16
18 6 2 7 17
18 6 15 20 17
18 6 1 24 35
20 24 2 7 35
20 24 15 20 9
20 24 1 24 19
1 19 2 7 13
1 19 15 20 15
1 19 1 24 5
18 6 23 23 22
18 6 15 9 6
18 6 19 10 5
20 24 23 23 4
20 24 15 9 20
20 24 19 10 15
1 19 23 23 26
1 19 15 9 24
1 19 19 10 27
18 6 10 19 21
18 6 17 18 13
18 6 19 15 10
20 24 10 19 15
20 24 17 18 9
20 24 19 15 10
1 19 10 19 9
1 19 17 18 17
1 19 19 15 22
18 6 8 13 17
18 6 16 6 2
18 6 23 13 12
20 24 8 13 23
20 24 16 6 22
20 24 23 13 14
1 19 8 13 13
1 19 16 6 28
1 19 23 13 28
18 6 13 3 8
18 6 7 15 20
18 6 7 11 16
20 24 13 3 28
20 24 7 15 22
20 24 7 11 26
1 19 13 3 28
1 19 7 15 10
1 19 7 11 14
18 6 4 4 16
18 6 8 9 13
18 6 17 13 8
20 24 4 4 36
20 24 8 9 27
20 24 17 13 14
1 19 4 4 18
1 19 8 9 17
1 19 17 13 22
18 6 11 22 23
18 6 24 17 17
18 6 22 22 20
20 24 11 22 11
20 24 24 17 11
20 24 22 22 4
1 19 11 22 13
1 19 24 17 25
1 19 22 22 24
18 6 23 21 20
18 6 19 22 17
18 6 18 20 14
20 24 23 21 6
20 24 19 22 3
20 24 18 20 6
1 19 23 21 24
1 19 19 22 21
1 19 18 20 18
18 6 10 20 22
18 6 2 12 22
18 6 15 11 8
20 24 10 20 14
20 24 2 12 30
20 24 15 11 18
1 19 10 20 10
1 19 2 12 8
1 19 15 11 22
18 6 13 24 23
18 6 9 5 10
18 6 19 1 6
20 24 13 24 7
20 24 9 5 30
20 24 19 1 24
1 19 13 24 17
1 19 9 5 22
1 19 19 1 36
18 6 8 8 12
18 6 16 13 9
18 6 22 24 22
20 24 8 8 28
20 24 16 13 15
20 24 22 24 2
1 19 8 8 18
1 19 16 13 21
1 19 22 24 26
18 6 20 22 18
18 6 19 4 3
18 6 22 1 9
20 24 20 22 2
20 24 19 4 21
20 24 22 1 25
1 19 20 22 22
1 19 19 4 33
1 19 22 1 39
18 6 0 21 33
18 6 17 8 3
20 24 0 21 23
20 24 17 8 19
1 19 0 21 3
1 19 17 8 27
23 1 1 10 31
10 22 1 10 21
17 6 1 10 20
23 1 1 5 26
23 1 18 24 28
23 1 20 16 18
10 22 1 5 26
10 22 18 24 10
10 22 20 16 16
17 6 1 5 17
17 6 18 24 19
17 6 20 16 13
23 1 3 6 25
23 1 21 7 8
23 1 15 6 13
10 22 3 6 23
10 22 21 7 26
10 22 15 6 21
17 6 3 6 14
17 6 21 7 5
17 6 15 6 2
23 1 21 4 5
23 1 12 24 34
23 1 2 11 31
10 22 21 4 29
10 22 12 24 4
10 22 2 11 19
17 6 21 4 6
17 6 12 24 23
17 6 2 11 20
23 1 21 22 23
23 1 1 22 43
23 1 2 21 41
10 22 21 22 11
10 22 1 22 9
10 22 2 21 9
17 6 21 22 20
17 6 1 22 32
17 6 2 21 30
23 1 18 6 10
23 1 20 24 26
23 1 1 19 40
10 22 18 6 24
10 22 20 24 12
10 22 1 19 12
17 6 18 6 1
17 6 20 24 21
17 6 1 19 29
23 1 4 1 19
23 1 2 13 33
23 1 4 8 26
10 22 4 1 27
10 22 2 13 17
10 22 4 8 20
17 6 4 1 18
17 6 2 13 22
17 6 4 8 15
23 1 13 4 13
23 1 20 0 4
23 1 17 19 24
10 22 13 4 21
10 22 20 0 32
10 22 17 19 10
17 6 13 4 6
17 6 20 0 9
17 6 17 19 13
23 1 2 7 27
23 1 15 20 27
23 1 1 24 45
10 22 2 7 23
10 22 15 20 7
10 22 1 24 11
17 6 2 7 16
17 6 15 20 16
17 6 1 24 34
23 1 23 23 22
23 1 15 9 16
23 1 19 10 13
10 22 23 23 14
10 22 15 9 18
10 22 19 10 21
17 6 23 23 23
17 6 15 9 5
17 6 19 10 6
23 1 10 19 31
23 1 17 18 23
23 1 19 15 18
10 22 10 19 3
10 22 17 18 11
10 22 19 15 16
17 6 10 19 20
17 6 17 18 12
17 6 19 15 11
23 1 8 13 27
23 1 16 6 12
23 1 23 13 12
10 22 8 13 11
10 22 16 6 22
10 22 23 13 22
17 6 8 13 16
17 6 16 6 1
17 6 23 13 13
23 1 13 3 12
23 1 7 15 30
23 1 7 11 26
10 22 13 3 22
10 22 7 15 10
10 22 7 11 14
17 6 13 3 7
17 6 7 15 19
17 6 7 11 15
23 1 4 4 22
23 1 8 9 23
23 1 17 13 18
10 22 4 4 24
10 22 8 9 15
10 22 17 13 16
17 6 4 4 15
17 6 8 9 12
17 6 17 13 7
23 1 11 22 33
23 1 24 17 17
23 1 22 22 22
10 22 11 22 1
10 22 24 17 19
10 22 22 22 12
17 6 11 22 22
17 6 24 17 18
17 6 22 22 21
23 1 23 21 20
23 1 19 22 25
23 1 18 20 24
10 22 23 21 14
10 22 19 22 9
10 22 18 20 10
17 6 23 21 21
17 6 19 22 18
17 6 18 20 15
23 1 10 20 32
23 1 2 12 32
23 1 15 11 18
10 22 10 20 2
10 22 2 12 18
10 22 15 11 16
17 6 10 20 21
17 6 2 12 21
17 6 15 11 7
23 1 13 24 33
23 1 9 5 18
23 1 19 1 4
10 22 13 24 5
10 22 9 5 18
10 22 19 1 30
17 6 13 24 22
17 6 9 5 9
17 6 19 1 7
23 1 8 8 22
23 1 16 13 19
23 1 22 24 24
10 22 8 8 16
10 22 16 13 15
10 22 22 24 14
17 6 8 8 11
17 6 16 13 8
17 6 22 24 23
23 1 20 22 24
23 1 19 4 7
23 1 22 1 1
10 22 20 22 10
10 22 19 4 27
10 22 22 1 33
17 6 20 22 19
17 6 19 4 4
17 6 22 1 10
23 1 0 21 43
23 1 17 8 13
10 22 0 21 11
10 22 17 8 21
17 6 0 21 32
17 6 17 8 2
4 1 1 10 12
2 13 1 10 4
4 8 1 10 5
4 1 1 5 7
4 1 18 24 37
4 1 20 16 31
2 13 1 5 9
2 13 18 24 27
2 13 20 16 21
4 8 1 5 6
4 8 18 24 30
4 8 20 16 24
4 1 3 6 6
4 1 21 7 23
4 1 15 6 16
2 13 3 6 8
2 13 21 7 25
2 13 15 6 20
4 8 3 6 3
4 8 21 7 18
4 8 15 6 13
4 1 21 4 20
4 1 12 24 31
4 1 2 11 12
2 13 21 4 28
2 13 12 24 21
2 13 2 11 2
4 8 21 4 21
4 8 12 24 24
4 8 2 11 5
4 1 21 22 38
4 1 1 22 24
4 1 2 21 22
2 13 21 22 28
2 13 1 22 10
2 13 2 21 8
4 8 21 22 31
4 8 1 22 17
4 8 2 21 15
4 1 18 6 19
4 1 20 24 39
4 1 1 19 21
2 13 18 6 23
2 13 20 24 29
2 13 1 19 7
4 8 18 6 16
4 8 20 24 32
4 8 1 19 14
4 1 23 1 19
4 1 10 22 27
4 1 17 6 18
2 13 23 1 33
2 13 10 22 17
2 13 17 6 22
4 8 23 1 26
4 8 10 22 20
4 8 17 6 15
4 1 13 4 12
4 1 20 0 17
4 1 17 19 31
2 13 13 4 20
2 13 20 0 31
2 13 17 19 21
4 8 13 4 13
4 8 20 0 24
4 8 17 19 24
4 1 2 7 8
4 1 15 20 30
4 1 1 24 26
2 13 2 7 6
2 13 15 20 20
2 13 1 24 12
4 8 2 7 3
4 8 15 20 23
4 8 1 24 19
4 1 23 23 41
4 1 15 9 19
4 1 19 10 24
2 13 23 23 31
2 13 15 9 17
2 13 19 10 20
4 8 23 23 34
4 8 15 9 12
4 8 19 10 17
4 1 10 19 24
4 1 17 18 30
4 1 19 15 29
2 13 10 19 14
2 13 17 18 20
2 13 19 15 19
4 8 10 19 17
4 8 17 18 23
4 8 19 15 22
4 1 8 13 16
4 1 16 6 17
4 1 23 13 31
2 13 8 13 6
2 13 16 6 21
2 13 23 13 21
4 8 8 13 9
4 8 16 6 14
4 8 23 13 24
4 1 13 3 11
4 1 7 15 17
4 1 7 11 13
2 13 13 3 21
2 13 7 15 7
2 13 7 11 7
4 8 13 3 14
4 8 7 15 10
4 8 7 11 6
4 1 4 4 3
4 1 8 9 12
4 1 17 13 25
2 13 4 4 11
2 13 8 9 10
2 13 17 13 15
4 8 4 4 4
4 8 8 9 5
4 8 17 13 18
4 1 11 22 28
4 1 24 17 36
4 1 22 22 39
2 13 11 22 18
2 13 24 17 26
2 13 22 22 29
4 8 11 22 21
4 8 24 17 29
4 8 22 22 32
4 1 23 21 39
4 1 19 22 36
4 1 18 20 33
2 13 23 21 29
2 13 19 22 26
2 13 18 20 23
4 8 23 21 32
4 8 19 22 29
4 8 18 20 26
4 1 10 20 25
4 1 2 12 13
4 1 15 11 21
2 13 10 20 15
2 13 2 12 1
2 13 15 11 15
4 8 10 20 18
4 8 2 12 6
4 8 15 11 14
4 1 13 24 32
4 1 9 5 9
4 1 19 1 15
2 13 13 24 22
2 13 9 5 15
2 13 19 1 29
4 8 13 24 25
4 8 9 5 8
4 8 19 1 22
4 1 8 8 11
4 1 16 13 24
4 1 22 24 41
2 13 8 8 11
2 13 16 13 14
2 13 22 24 31
4 8 8 8 4
4 8 16 13 17
4 8 22 24 34
4 1 20 22 37
4 1 19 4 18
4 1 22 1 18
2 13 20 22 27
2 13 19 4 26
2 13 22 1 32
4 8 20 22 30
4 8 19 4 19
4 8 22 1 25
4 1 0 21 24
4 1 17 8 20
2 13 0 21 10
2 13 17 8 20
4 8 0 21 17
4 8 17 8 13
13 4 1 10 18
20 0 1 10 29
17 19 1 10 25
13 4 1 5 13
13 4 18 24 25
13 4 20 16 19
20 0 1 5 24
20 0 18 24 26
20 0 20 16 16
17 19 1 5 30
17 19 18 24 6
17 19 20 16 6
13 4 3 6 12
13 4 21 7 11
13 4 15 6 4
20 0 3 6 23
20 0 21 7 8
20 0 15 6 11
17 19 3 6 27
17 19 21 7 16
17 19 15 6 15
13 4 21 4 8
13 4 12 24 21
13 4 2 11 18
20 0 21 4 5
20 0 12 24 32
20 0 2 11 29
17 19 21 4 19
17 19 12 24 10
17 19 2 11 23
13 4 21 22 26
13 4 1 22 30
13 4 2 21 28
20 0 21 22 23
20 0 1 22 41
20 0 2 21 39
17 19 21 22 7
17 19 1 22 19
17 19 2 21 17
13 4 18 6 7
13 4 20 24 27
13 4 1 19 27
20 0 18 6 8
20 0 20 24 24
20 0 1 19 38
17 19 18 6 14
17 19 20 24 8
17 19 1 19 16
13 4 23 1 13
13 4 10 22 21
13 4 17 6 6
20 0 23 1 4
20 0 10 22 32
20 0 17 6 9
17 19 23 1 24
17 19 10 22 10
17 19 17 6 13
13 4 4 1 12
13 4 2 13 20
13 4 4 8 13
20 0 4 1 17
20 0 2 13 31
20 0 4 8 24
17 19 4 1 31
17 19 2 13 21
17 19 4 8 24
13 4 2 7 14
13 4 15 20 18
13 4 1 24 32
20 0 2 7 25
20 0 15 20 25
20 0 1 24 43
17 19 2 7 27
17 19 15 20 3
17 19 1 24 21
13 4 23 23 29
13 4 15 9 7
13 4 19 10 12
20 0 23 23 26
20 0 15 9 14
20 0 19 10 11
17 19 23 23 10
17 19 15 9 12
17 19 19 10 11
13 4 10 19 18
13 4 17 18 18
13 4 19 15 17
20 0 10 19 29
20 0 17 18 21
20 0 19 15 16
17 19 10 19 7
17 19 17 18 1
17 19 19 15 6
13 4 8 13 14
13 4 16 6 5
13 4 23 13 19
20 0 8 13 25
20 0 16 6 10
20 0 23 13 16
17 19 8 13 15
17 19 16 6 14
17 19 23 13 12
13 4 13 3 1
13 4 7 15 17
13 4 7 11 13
20 0 13 3 10
20 0 7 15 28
20 0 7 11 24
17 19 13 3 20
17 19 7 15 14
17 19 7 11 18
13 4 4 4 9
13 4 8 9 10
13 4 17 13 13
20 0 4 4 20
20 0 8 9 21
20 0 17 13 16
17 19 4 4 28
17 19 8 9 19
17 19 17 13 6
13 4 11 22 20
13 4 24 17 24
13 4 22 22 27
20 0 11 22 31
20 0 24 17 21
20 0 22 22 24
17 19 11 22 9
17 19 24 17 9
17 19 22 22 8
13 4 23 21 27
13 4 19 22 24
13 4 18 20 21
20 0 23 21 24
20 0 19 22 23
20 0 18 20 22
17 19 23 21 8
17 19 19 22 5
17 19 18 20 2
13 4 10 20 19
13 4 2 12 19
13 4 15 11 9
20 0 10 20 30
20 0 2 12 30
20 0 15 11 16
17 19 10 20 8
17 19 2 12 22
17 19 15 11 10
13 4 13 24 20
13 4 9 5 5
13 4 19 1 9
20 0 13 24 31
20 0 9 5 16
20 0 19 1 2
17 19 13 24 9
17 19 9 5 22
17 19 19 1 20
13 4 8 8 9
13 4 16 13 12
13 4 22 24 29
20 0 8 8 20
20 0 16 13 17
20 0 22 24 26
17 19 8 8 20
17 19 16 13 7
17 19 22 24 10
13 4 20 22 25
13 4 19 4 6
13 4 22 1 12
20 0 20 22 22
20 0 19 4 5
20 0 22 1 3
17 19 20 22 6
17 19 19 4 17
17 19 22 1 23
13 4 0 21 30
13 4 17 8 8
20 0 0 21 41
20 0 17 8 11
17 19 0 21 19
17 19 17 8 11
2 7 1 10 4
15 20 1 10 24
1 24 1 10 14
2 7 1 5 3
2 7 18 24 33
2 7 20 16 27
15 20 1 5 29
15 20 18 24 7
15 20 20 16 9
1 24 1 5 19
1 24 18 24 17
1 24 20 16 27
2 7 3 6 2
2 7 21 7 19
2 7 15 6 14
15 20 3 6 26
15 20 21 7 19
15 20 15 6 14
1 24 3 6 20
1 24 21 7 37
1 24 15 6 32
2 7 21 4 22
2 7 12 24 27
2 7 2 11 4
15 20 21 4 22
15 20 12 24 7
15 20 2 11 22
1 24 21 4 40
1 24 12 24 11
1 24 2 11 14
2 7 21 22 34
2 7 1 22 16
2 7 2 21 14
15 20 21 22 8
15 20 1 22 16
15 20 2 21 14
1 24 21 22 22
1 24 1 22 2
1 24 2 21 4
2 7 18 6 17
2 7 20 24 35
2 7 1 19 13
15 20 18 6 17
15 20 20 24 9
15 20 1 19 15
1 24 18 6 35
1 24 20 24 19
1 24 1 19 5
2 7 23 1 27
2 7 10 22 23
2 7 17 6 16
15 20 23 1 27
15 20 10 22 7
15 20 17 6 16
1 24 23 1 45
1 24 10 22 11
1 24 17 6 34
2 7 4 1 8
2 7 2 13 6
2 7 4 8 3
15 20 4 1 30
15 20 2 13 20
15 20 4 8 23
1 24 4 1 26
1 24 2 13 12
1 24 4 8 19
2 7 13 4 14
2 7 20 0 25
2 7 17 19 27
15 20 13 4 18
15 20 20 0 25
15 20 17 19 3
1 24 13 4 32
1 24 20 0 43
1 24 17 19 21
2 7 23 23 37
2 7 15 9 15
2 7 19 10 20
15 20 23 23 11
15 20 15 9 11
15 20 19 10 14
1 24 23 23 23
1 24 15 9 29
1 24 19 10 32
2 7 10 19 20
2 7 17 18 26
2 7 19 15 25
15 20 10 19 6
15 20 17 18 4
15 20 19 15 9
1 24 10 19 14
1 24 17 18 22
1 24 19 15 27
2 7 8 13 12
2 7 16 6 15
2 7 23 13 27
15 20 8 13 14
15 20 16 6 15
15 20 23 13 15
1 24 8 13 18
1 24 16 6 33
1 24 23 13 33
2 7 13 3 15
2 7 7 15 13
2 7 7 11 9
15 20 13 3 19
15 20 7 15 13
15 20 7 11 17
1 24 13 3 33
1 24 7 15 15
1 24 7 11 19
2 7 4 4 5
2 7 8 9 8
2 7 17 13 21
15 20 4 4 27
15 20 8 9 18
15 20 17 13 9
1 24 4 4 23
1 24 8 9 22
1 24 17 13 27
2 7 11 22 24
2 7 24 17 32
2 7 22 22 35
15 20 11 22 6
15 20 24 17 12
15 20 22 22 9
1 24 11 22 12
1 24 24 17 30
1 24 22 22 23
2 7 23 21 35
2 7 19 22 32
2 7 18 20 29
15 20 23 21 9
15 20 19 22 6
15 20 18 20 3
1 24 23 21 25
1 24 19 22 20
1 24 18 20 21
2 7 10 20 21
2 7 2 12 5
2 7 15 11 17
15 20 10 20 5
15 20 2 12 21
15 20 15 11 9
1 24 10 20 13
1 24 2 12 13
1 24 15 11 27
2 7 13 24 28
2 7 9 5 9
2 7 19 1 23
15 20 13 24 6
15 20 9 5 21
15 20 19 1 23
1 24 13 24 12
1 24 9 5 27
1 24 19 1 41
2 7 8 8 7
2 7 16 13 20
2 7 22 24 37
15 20 8 8 19
15 20 16 13 8
15 20 22 24 11
1 24 8 8 23
1 24 16 13 26
1 24 22 24 21
2 7 20 22 33
2 7 19 4 20
2 7 22 1 26
15 20 20 22 7
15 20 19 4 20
15 20 22 1 26
1 24 20 22 21
1 24 19 4 38
1 24 22 1 44
2 7 0 21 16
2 7 17 8 16
15 20 0 21 16
15 20 17 8 14
1 24 0 21 4
1 24 17 8 32
23 23 1 10 35
15 9 1 10 15
19 10 1 10 18
23 23 1 5 40
23 23 18 24 6
23 23 20 16 10
15 9 1 5 18
15 9 18 24 18
15 9 20 16 12
19 10 1 5 23
19 10 18 24 15
19 10 20 16 7
23 23 3 6 37
23 23 21 7 18
23 23 15 6 25
15 9 3 6 15
15 9 21 7 8
15 9 15 6 3
19 10 3 6 20
19 10 21 7 5
19 10 15 6 8
23 23 21 4 21
23 23 12 24 12
23 23 2 11 33
15 9 21 4 11
15 9 12 24 18
15 9 2 11 15
19 10 21 4 8
19 10 12 24 21
19 10 2 11 18
23 23 21 22 3
23 23 1 22 23
23 23 2 21 23
15 9 21 22 19
15 9 1 22 27
15 9 2 21 25
19 10 21 22 14
19 10 1 22 30
19 10 2 21 28
23 23 18 6 22
23 23 20 24 4
23 23 1 19 26
15 9 18 6 6
15 9 20 24 20
15 9 1 19 24
19 10 18 6 5
19 10 20 24 15
19 10 1 19 27
23 23 23 1 22
23 23 10 22 14
23 23 17 6 23
15 9 23 1 16
15 9 10 22 18
15 9 17 6 5
19 10 23 1 13
19 10 10 22 21
19 10 17 6 6
23 23 4 1 41
23 23 2 13 31
23 23 4 8 34
15 9 4 1 19
15 9 2 13 17
15 9 4 8 12
19 10 4 1 24
19 10 2 13 20
19 10 4 8 17
23 23 13 4 29
23 23 20 0 26
23 23 17 19 10
15 9 13 4 7
15 9 20 0 14
15 9 17 19 12
19 10 13 4 12
19 10 20 0 11
19 10 17 19 11
23 23 2 7 37
23 23 15 20 11
23 23 1 24 23
15 9 2 7 15
15 9 15 20 11
15 9 1 24 29
19 10 2 7 20
19 10 15 20 14
19 10 1 24 32
23 23 10 19 17
23 23 17 18 11
23 23 19 15 12
15 9 10 19 15
15 9 17 18 11
15 9 19 15 10
19 10 10 19 18
19 10 17 18 10
19 10 19 15 5
23 23 8 13 25
23 23 16 6 24
23 23 23 13 10
15 9 8 13 11
15 9 16 6 4
15 9 23 13 12
19 10 8 13 14
19 10 16 6 7
19 10 23 13 7
23 23 13 3 30
23 23 7 15 24
23 23 7 11 28
15 9 13 3 8
15 9 7 15 14
15 9 7 11 10
19 10 13 3 13
19 10 7 15 17
19 10 7 11 13
23 23 4 4 38
23 23 8 9 29
23 23 17 13 16
15 9 4 4 16
15 9 8 9 7
15 9 17 13 6
19 10 4 4 21
19 10 8 9 12
19 10 17 13 5
23 23 11 22 13
23 23 24 17 7
23 23 22 22 2
15 9 11 22 17
15 9 24 17 17
15 9 22 22 20
19 10 11 22 20
19 10 24 17 12
19 10 22 22 15
23 23 23 21 2
23 23 19 22 5
23 23 18 20 8
15 9 23 21 20
15 9 19 22 17
15 9 18 20 14
19 10 23 21 15
19 10 19 22 12
19 10 18 20 11
23 23 10 20 16
23 23 2 12 32
23 23 15 11 20
15 9 10 20 16
15 9 2 12 16
15 9 15 11 2
19 10 10 20 19
19 10 2 12 19
19 10 15 11 5
23 23 13 24 11
23 23 9 5 32
23 23 19 1 26
15 9 13 24 17
15 9 9 5 10
15 9 19 1 12
19 10 13 24 20
19 10 9 5 15
19 10 19 1 9
23 23 8 8 30
23 23 16 13 17
23 23 22 24 2
15 9 8 8 8
15 9 16 13 5
15 9 22 24 22
19 10 8 8 13
19 10 16 13 6
19 10 22 24 17
23 23 20 22 4
23 23 19 4 23
23 23 22 1 23
15 9 20 22 18
15 9 19 4 9
15 9 22 1 15
19 10 20 22 13
19 10 19 4 6
19 10 22 1 12
23 23 0 21 25
23 23 17 8 21
15 9 0 21 27
15 9 17 8 3
19 10 0 21 30
19 10 17 8 4
10 19 1 10 18
17 18 1 10 24
19 15 1 10 23
10 19 1 5 23
10 19 18 24 13
10 19 20 16 13
17 18 1 5 29
17 18 18 24 7
17 18 20 16 5
19 15 1 5 28
19 15 18 24 10
19 15 20 16 2
10 19 3 6 20
10 19 21 7 23
10 19 15 6 18
17 18 3 6 26
17 18 21 7 15
17 18 15 6 14
19 15 3 6 25
19 15 21 7 10
19 15 15 6 13
10 19 21 4 26
10 19 12 24 7
10 19 2 11 16
17 18 21 4 18
17 18 12 24 11
17 18 2 11 22
19 15 21 4 13
19 15 12 24 16
19 15 2 11 21
10 19 21 22 14
10 19 1 22 12
10 19 2 21 10
17 18 21 22 8
17 18 1 22 20
17 18 2 21 18
19 15 21 22 9
19 15 1 22 25
19 15 2 21 23
10 19 18 6 21
10 19 20 24 15
10 19 1 19 9
17 18 18 6 13
17 18 20 24 9
17 18 1 19 17
19 15 18 6 10
19 15 20 24 10
19 15 1 19 22
10 19 23 1 31
10 19 10 22 3
10 19 17 6 20
17 18 23 1 23
17 18 10 22 11
17 18 17 6 12
19 15 23 1 18
19 15 10 22 16
19 15 17 6 11
10 19 4 1 24
10 19 2 13 14
10 19 4 8 17
17 18 4 1 30
17 18 2 13 20
17 18 4 8 23
19 15 4 1 29
19 15 2 13 19
19 15 4 8 22
10 19 13 4 18
10 19 20 0 29
10 19 17 19 7
17 18 13 4 18
17 18 20 0 21
17 18 17 19 1
19 15 13 4 17
19 15 20 0 16
19 15 17 19 6
10 19 2 7 20
10 19 15 20 6
10 19 1 24 14
17 18 2 7 26
17 18 15 20 4
17 18 1 24 22
19 15 2 7 25
19 15 15 20 9
19 15 1 24 27
10 19 23 23 17
10 19 15 9 15
10 19 19 10 18
17 18 23 23 11
17 18 15 9 11
17 18 19 10 10
19 15 23 23 12
19 15 15 9 10
19 15 19 10 5
10 19 8 13 8
10 19 16 6 19
10 19 23 13 19
17 18 8 13 14
17 18 16 6 13
17 18 23 13 11
19 15 8 13 13
19 15 16 6 12
19 15 23 13 6
10 19 13 3 19
10 19 7 15 7
10 19 7 11 11
17 18 13 3 19
17 18 7 15 13
17 18 7 11 17
19 15 13 3 18
19 15 7 15 12
19 15 7 11 16
10 19 4 4 21
10 19 8 9 12
10 19 17 13 13
17 18 4 4 27
17 18 8 9 18
17 18 17 13 5
19 15 4 4 26
19 15 8 9 17
19 15 17 13 4
10 19 11 22 4
10 19 24 17 16
10 19 22 22 15
17 18 11 22 10
17 18 24 17 8
17 18 22 22 9
19 15 11 22 15
19 15 24 17 7
19 15 22 22 10
10 19 23 21 15
10 19 19 22 12
10 19 18 20 9
17 18 23 21 9
17 18 19 22 6
17 18 18 20 3
19 15 23 21 10
19 15 19 22 7
19 15 18 20 6
10 19 10 20 1
10 19 2 12 15
10 19 15 11 13
17 18 10 20 9
17 18 2 12 21
17 18 15 11 9
19 15 10 20 14
19 15 2 12 20
19 15 15 11 8
10 19 13 24 8
10 19 9 5 15
10 19 19 1 27
17 18 13 24 10
17 18 9 5 21
17 18 19 1 19
19 15 13 24 15
19 15 9 5 20
19 15 19 1 14
10 19 8 8 13
10 19 16 13 12
10 19 22 24 17
17 18 8 8 19
17 18 16 13 6
17 18 22 24 11
19 15 8 8 18
19 15 16 13 5
19 15 22 24 12
10 19 20 22 13
10 19 19 4 24
10 19 22 1 30
17 18 20 22 7
17 18 19 4 16
17 18 22 1 22
19 15 20 22 8
19 15 19 4 11
19 15 22 1 17
10 19 0 21 12
10 19 17 8 18
17 18 0 21 20
17 18 17 8 10
19 15 0 21 25
19 15 17 8 9
8 13 1 10 10
16 6 1 10 19
23 13 1 10 25
8 13 1 5 15
8 13 18 24 21
8 13 20 16 15
16 6 1 5 16
16 6 18 24 20
16 6 20 16 14
23 13 1 5 30
23 13 18 24 16
23 13 20 16 6
8 13 3 6 12
8 13 21 7 19
8 13 15 6 14
16 6 3 6 13
16 6 21 7 6
16 6 15 6 1
23 13 3 6 27
23 13 21 7 8
23 13 15 6 15
8 13 21 4 22
8 13 12 24 15
8 13 2 11 8
16 6 21 4 7
16 6 12 24 22
16 6 2 11 19
23 13 21 4 11
23 13 12 24 22
23 13 2 11 23
8 13 21 22 22
8 13 1 22 16
8 13 2 21 14
16 6 21 22 21
16 6 1 22 31
16 6 2 21 29
23 13 21 22 11
23 13 1 22 31
23 13 2 21 29
8 13 18 6 17
8 13 20 24 23
8 13 1 19 13
16 6 18 6 2
16 6 20 24 22
16 6 1 19 28
23 13 18 6 12
23 13 20 24 14
23 13 1 19 28
8 13 23 1 27
8 13 10 22 11
8 13 17 6 16
16 6 23 1 12
16 6 10 22 22
16 6 17 6 1
23 13 23 1 12
23 13 10 22 22
23 13 17 6 13
8 13 4 1 16
8 13 2 13 6
8 13 4 8 9
16 6 4 1 17
16 6 2 13 21
16 6 4 8 14
23 13 4 1 31
23 13 2 13 21
23 13 4 8 24
8 13 13 4 14
8 13 20 0 25
8 13 17 19 15
16 6 13 4 5
16 6 20 0 10
16 6 17 19 14
23 13 13 4 19
23 13 20 0 16
23 13 17 19 12
8 13 2 7 12
8 13 15 20 14
8 13 1 24 18
16 6 2 7 15
16 6 15 20 15
16 6 1 24 33
23 13 2 7 27
23 13 15 20 15
23 13 1 24 33
8 13 23 23 25
8 13 15 9 11
8 13 19 10 14
16 6 23 23 24
16 6 15 9 4
16 6 19 10 7
23 13 23 23 10
23 13 15 9 12
23 13 19 10 7
8 13 10 19 8
8 13 17 18 14
8 13 19 15 13
16 6 10 19 19
16 6 17 18 13
16 6 19 15 12
23 13 10 19 19
23 13 17 18 11
23 13 19 15 6
8 13 13 3 15
8 13 7 15 3
8 13 7 11 3
16 6 13 3 6
16 6 7 15 18
16 6 7 11 14
23 13 13 3 20
23 13 7 15 18
23 13 7 11 18
8 13 4 4 13
8 13 8 9 4
8 13 17 13 9
16 6 4 4 14
16 6 8 9 11
16 6 17 13 8
23 13 4 4 28
23 13 8 9 19
23 13 17 13 6
8 13 11 22 12
8 13 24 17 20
8 13 22 22 23
16 6 11 22 21
16 6 24 17 19
16 6 22 22 22
23 13 11 22 21
23 13 24 17 5
23 13 22 22 10
8 13 23 21 23
8 13 19 22 20
8 13 18 20 17
16 6 23 21 22
16 6 19 22 19
16 6 18 20 16
23 13 23 21 8
23 13 19 22 13
23 13 18 20 12
8 13 10 20 9
8 13 2 12 7
8 13 15 11 9
16 6 10 20 20
16 6 2 12 20
16 6 15 11 6
23 13 10 20 20
23 13 2 12 22
23 13 15 11 10
8 13 13 24 16
8 13 9 5 9
8 13 19 1 23
16 6 13 24 21
16 6 9 5 8
16 6 19 1 8
23 13 13 24 21
23 13 9 5 22
23 13 19 1 16
8 13 8 8 5
8 13 16 13 8
8 13 22 24 25
16 6 8 8 10
16 6 16 13 7
16 6 22 24 24
23 13 8 8 20
23 13 16 13 7
23 13 22 24 12
8 13 20 22 21
8 13 19 4 20
8 13 22 1 26
16 6 20 22 20
16 6 19 4 5
16 6 22 1 11
23 13 20 22 12
23 13 19 4 13
23 13 22 1 13
8 13 0 21 16
8 13 17 8 14
16 6 0 21 31
16 6 17 8 3
23 13 0 21 31
23 13 17 8 11
13 3 1 10 19
7 15 1 10 11
7 11 1 10 7
13 3 1 5 14
13 3 18 24 26
13 3 20 16 20
7 15 1 5 16
7 15 18 24 20
7 15 20 16 14
7 11 1 5 12
7 11 18 24 24
7 11 20 16 18
13 3 3 6 13
13 3 21 7 12
13 3 15 6 5
7 15 3 6 13
7 15 21 7 22
7 15 15 6 17
7 11 3 6 9
7 11 21 7 18
7 11 15 6 13
13 3 21 4 9
13 3 12 24 22
13 3 2 11 19
7 15 21 4 25
7 15 12 24 14
7 15 2 11 9
7 11 21 4 21
7 11 12 24 18
7 11 2 11 5
13 3 21 22 27
13 3 1 22 31
13 3 2 21 29
7 15 21 22 21
7 15 1 22 13
7 15 2 21 11
7 11 21 22 25
7 11 1 22 17
7 11 2 21 15
13 3 18 6 8
13 3 20 24 28
13 3 1 19 28
7 15 18 6 20
7 15 20 24 22
7 15 1 19 10
7 11 18 6 16
7 11 20 24 26
7 11 1 19 14
13 3 23 1 12
13 3 10 22 22
13 3 17 6 7
7 15 23 1 30
7 15 10 22 10
7 15 17 6 19
7 11 23 1 26
7 11 10 22 14
7 11 17 6 15
13 3 4 1 11
13 3 2 13 21
13 3 4 8 14
7 15 4 1 17
7 15 2 13 7
7 15 4 8 10
7 11 4 1 13
7 11 2 13 7
7 11 4 8 6
13 3 13 4 1
13 3 20 0 10
13 3 17 19 20
7 15 13 4 17
7 15 20 0 28
7 15 17 19 14
7 11 13 4 13
7 11 20 0 24
7 11 17 19 18
13 3 2 7 15
13 3 15 20 19
13 3 1 24 33
7 15 2 7 13
7 15 15 20 13
7 15 1 24 15
7 11 2 7 9
7 11 15 20 17
7 11 1 24 19
13 3 23 23 30
13 3 15 9 8
13 3 19 10 13
7 15 23 23 24
7 15 15 9 14
7 15 19 10 17
7 11 23 23 28
7 11 15 9 10
7 11 19 10 13
13 3 10 19 19
13 3 17 18 19
13 3 19 15 18
7 15 10 19 7
7 15 17 18 13
7 15 19 15 12
7 11 10 19 11
7 11 17 18 17
7 11 19 15 16
13 3 8 13 15
13 3 16 6 6
13 3 23 13 20
7 15 8 13 3
7 15 16 6 18
7 15 23 13 18
7 11 8 13 3
7 11 16 6 14
7 11 23 13 18
13 3 4 4 10
13 3 8 9 11
13 3 17 13 14
7 15 4 4 14
7 15 8 9 7
7 15 17 13 12
7 11 4 4 10
7 11 8 9 3
7 11 17 13 12
13 3 11 22 21
13 3 24 17 25
13 3 22 22 28
7 15 11 22 11
7 15 24 17 19
7 15 22 22 22
7 11 11 22 15
7 11 24 17 23
7 11 22 22 26
13 3 23 21 28
13 3 19 22 25
13 3 18 20 22
7 15 23 21 22
7 15 19 22 19
7 15 18 20 16
7 11 23 21 26
7 11 19 22 23
7 11 18 20 20
13 3 10 20 20
13 3 2 12 20
13 3 15 11 10
7 15 10 20 8
7 15 2 12 8
7 15 15 11 12
7 11 10 20 12
7 11 2 12 6
7 11 15 11 8
13 3 13 24 21
13 3 9 5 6
13 3 19 1 8
7 15 13 24 15
7 15 9 5 12
7 15 19 1 26
7 11 13 24 19
7 11 9 5 8
7 11 19 1 22
13 3 8 8 10
13 3 16 13 13
13 3 22 24 30
7 15 8 8 8
7 15 16 13 11
7 15 22 24 24
7 11 8 8 4
7 11 16 13 11
7 11 22 24 28
13 3 20 22 26
13 3 19 4 7
13 3 22 1 11
7 15 20 22 20
7 15 19 4 23
7 15 22 1 29
7 11 20 22 24
7 11 19 4 19
7 11 22 1 25
13 3 0 21 31
13 3 17 8 9
7 15 0 21 13
7 15 17 8 17
7 11 0 21 17
7 11 17 8 13
4 4 1 10 9
8 9 1 10 8
17 13 1 10 19
4 4 1 5 4
4 4 18 24 34
4 4 20 16 28
8 9 1 5 11
8 9 18 24 25
8 9 20 16 19
17 13 1 5 24
17 13 18 24 12
17 13 20 16 6
4 4 3 6 3
4 4 21 7 20
4 4 15 6 13
8 9 3 6 8
8 9 21 7 15
8 9 15 6 10
17 13 3 6 21
17 13 21 7 10
17 13 15 6 9
4 4 21 4 17
4 4 12 24 28
4 4 2 11 9
8 9 21 4 18
8 9 12 24 19
8 9 2 11 8
17 13 21 4 13
17 13 12 24 16
17 13 2 11 17
4 4 21 22 35
4 4 1 22 21
4 4 2 21 19
8 9 21 22 26
8 9 1 22 20
8 9 2 21 18
17 13 21 22 13
17 13 1 22 25
17 13 2 21 23
4 4 18 6 16
4 4 20 24 36
4 4 1 19 18
8 9 18 6 13
8 9 20 24 27
8 9 1 19 17
17 13 18 6 8
17 13 20 24 14
17 13 1 19 22
4 4 23 1 22
4 4 10 22 24
4 4 17 6 15
8 9 23 1 23
8 9 10 22 15
8 9 17 6 12
17 13 23 1 18
17 13 10 22 16
17 13 17 6 7
4 4 4 1 3
4 4 2 13 11
4 4 4 8 4
8 9 4 1 12
8 9 2 13 10
8 9 4 8 5
17 13 4 1 25
17 13 2 13 15
17 13 4 8 18
4 4 13 4 9
4 4 20 0 20
4 4 17 19 28
8 9 13 4 10
8 9 20 0 21
8 9 17 19 19
17 13 13 4 13
17 13 20 0 16
17 13 17 19 6
4 4 2 7 5
4 4 15 20 27
4 4 1 24 23
8 9 2 7 8
8 9 15 20 18
8 9 1 24 22
17 13 2 7 21
17 13 15 20 9
17 13 1 24 27
4 4 23 23 38
4 4 15 9 16
4 4 19 10 21
8 9 23 23 29
8 9 15 9 7
8 9 19 10 12
17 13 23 23 16
17 13 15 9 6
17 13 19 10 5
4 4 10 19 21
4 4 17 18 27
4 4 19 15 26
8 9 10 19 12
8 9 17 18 18
8 9 19 15 17
17 13 10 19 13
17 13 17 18 5
17 13 19 15 4
4 4 8 13 13
4 4 16 6 14
4 4 23 13 28
8 9 8 13 4
8 9 16 6 11
8 9 23 13 19
17 13 8 13 9
17 13 16 6 8
17 13 23 13 6
4 4 13 3 10
4 4 7 15 14
4 4 7 11 10
8 9 13 3 11
8 9 7 15 7
8 9 7 11 3
17 13 13 3 14
17 13 7 15 12
17 13 7 11 12
4 4 11 22 25
4 4 24 17 33
4 4 22 22 36
8 9 11 22 16
8 9 24 17 24
8 9 22 22 27
17 13 11 22 15
17 13 24 17 11
17 13 22 22 14
4 4 23 21 36
4 4 19 22 33
4 4 18 20 30
8 9 23 21 27
8 9 19 22 24
8 9 18 20 21
17 13 23 21 14
17 13 19 22 11
17 13 18 20 8
4 4 10 20 22
4 4 2 12 10
4 4 15 11 18
8 9 10 20 13
8 9 2 12 9
8 9 15 11 9
17 13 10 20 14
17 13 2 12 16
17 13 15 11 4
4 4 13 24 29
4 4 9 5 6
4 4 19 1 18
8 9 13 24 20
8 9 9 5 5
8 9 19 1 19
17 13 13 24 15
17 13 9 5 16
17 13 19 1 14
4 4 8 8 8
4 4 16 13 21
4 4 22 24 38
8 9 8 8 1
8 9 16 13 12
8 9 22 24 29
17 13 8 8 14
17 13 16 13 1
17 13 22 24 16
4 4 20 22 34
4 4 19 4 15
4 4 22 1 21
8 9 20 22 25
8 9 19 4 16
8 9 22 1 22
17 13 20 22 12
17 13 19 4 11
17 13 22 1 17
4 4 0 21 21
4 4 17 8 17
8 9 0 21 20
8 9 17 8 10
17 13 0 21 25
17 13 17 8 5
11 22 1 10 22
24 17 1 10 30
22 22 1 10 33
11 22 1 5 27
11 22 18 24 9
11 22 20 16 15
24 17 1 5 35
24 17 18 24 13
24 17 20 16 5
22 22 1 5 38
22 22 18 24 6
22 22 20 16 8
11 22 3 6 24
11 22 21 7 25
11 22 15 6 20
24 17 3 6 32
24 17 21 7 13
24 17 15 6 20
22 22 3 6 35
22 22 21 7 16
22 22 15 6 23
11 22 21 4 28
11 22 12 24 3
11 22 2 11 20
24 17 21 4 16
24 17 12 24 19
24 17 2 11 28
22 22 21 4 19
22 22 12 24 12
22 22 2 11 31
11 22 21 22 10
11 22 1 22 10
11 22 2 21 10
24 17 21 22 8
24 17 1 22 28
24 17 2 21 26
22 22 21 22 1
22 22 1 22 21
22 22 2 21 21
11 22 18 6 23
11 22 20 24 11
11 22 1 19 13
24 17 18 6 17
24 17 20 24 11
24 17 1 19 25
22 22 18 6 20
22 22 20 24 4
22 22 1 19 24
11 22 23 1 33
11 22 10 22 1
11 22 17 6 22
24 17 23 1 17
24 17 10 22 19
24 17 17 6 18
22 22 23 1 22
22 22 10 22 12
22 22 17 6 21
11 22 4 1 28
11 22 2 13 18
11 22 4 8 21
24 17 4 1 36
24 17 2 13 26
24 17 4 8 29
22 22 4 1 39
22 22 2 13 29
22 22 4 8 32
11 22 13 4 20
11 22 20 0 31
11 22 17 19 9
24 17 13 4 24
24 17 20 0 21
24 17 17 19 9
22 22 13 4 27
22 22 20 0 24
22 22 17 19 8
11 22 2 7 24
11 22 15 20 6
11 22 1 24 12
24 17 2 7 32
24 17 15 20 12
24 17 1 24 30
22 22 2 7 35
22 22 15 20 9
22 22 1 24 23
11 22 23 23 13
11 22 15 9 17
11 22 19 10 20
24 17 23 23 7
24 17 15 9 17
24 17 19 10 12
22 22 23 23 2
22 22 15 9 20
22 22 19 10 15
11 22 10 19 4
11 22 17 18 10
11 22 19 15 15
24 17 10 19 16
24 17 17 18 8
24 17 19 15 7
22 22 10 19 15
22 22 17 18 9
22 22 19 15 10
11 22 8 13 12
11 22 16 6 21
11 22 23 13 21
24 17 8 13 20
24 17 16 6 19
24 17 23 13 5
22 22 8 13 23
22 22 16 6 22
22 22 23 13 10
11 22 13 3 21
11 22 7 15 11
11 22 7 11 15
24 17 13 3 25
24 17 7 15 19
24 17 7 11 23
22 22 13 3 28
22 22 7 15 22
22 22 7 11 26
11 22 4 4 25
11 22 8 9 16
11 22 17 13 15
24 17 4 4 33
24 17 8 9 24
24 17 17 13 11
22 22 4 4 36
22 22 8 9 27
22 22 17 13 14
11 22 23 21 13
11 22 19 22 8
11 22 18 20 9
24 17 23 21 5
24 17 19 22 10
24 17 18 20 9
22 22 23 21 2
22 22 19 22 3
22 22 18 20 6
11 22 10 20 3
11 22 2 12 19
11 22 15 11 15
24 17 10 20 17
24 17 2 12 27
24 17 15 11 15
22 22 10 20 14
22 22 2 12 30
22 22 15 11 18
11 22 13 24 4
11 22 9 5 19
11 22 19 1 29
24 17 13 24 18
24 17 9 5 27
24 17 19 1 21
22 22 13 24 11
22 22 9 5 30
22 22 19 1 24
11 22 8 8 17
11 22 16 13 14
11 22 22 24 13
24 17 8 8 25
24 17 16 13 12
24 17 22 24 9
22 22 8 8 28
22 22 16 13 15
22 22 22 24 2
11 22 20 22 9
11 22 19 4 26
11 22 22 1 32
24 17 20 22 9
24 17 19 4 18
24 17 22 1 18
22 22 20 22 2
22 22 19 4 21
22 22 22 1 21
11 22 0 21 12
11 22 17 8 20
24 17 0 21 28
24 17 17 8 16
22 22 0 21 23
22 22 17 8 19
23 21 1 10 33
19 22 1 10 30
18 20 1 10 27
23 21 1 5 38
23 21 18 24 8
23 21 20 16 8
19 22 1 5 35
19 22 18 24 3
19 22 20 16 7
18 20 1 5 32
18 20 18 24 4
18 20 20 16 6
23 21 3 6 35
23 21 21 7 16
23 21 15 6 23
19 22 3 6 32
19 22 21 7 17
19 22 15 6 20
18 20 3 6 29
18 20 21 7 16
18 20 15 6 17
23 21 21 4 19
23 21 12 24 14
23 21 2 11 31
19 22 21 4 20
19 22 12 24 9
19 22 2 11 28
18 20 21 4 19
18 20 12 24 10
18 20 2 11 25
23 21 21 22 3
23 21 1 22 23
23 21 2 21 21
19 22 21 22 2
19 22 1 22 18
19 22 2 21 18
18 20 21 22 5
18 20 1 22 19
18 20 2 21 17
23 21 18 6 20
23 21 20 24 6
23 21 1 19 24
19 22 18 6 17
19 22 20 24 3
19 22 1 19 21
18 20 18 6 14
18 20 20 24 6
18 20 1 19 18
23 21 23 1 20
23 21 10 22 14
23 21 17 6 21
19 22 23 1 25
19 22 10 22 9
19 22 17 6 18
18 20 23 1 24
18 20 10 22 10
18 20 17 6 15
23 21 4 1 39
23 21 2 13 29
23 21 4 8 32
19 22 4 1 36
19 22 2 13 26
19 22 4 8 29
18 20 4 1 33
18 20 2 13 23
18 20 4 8 26
23 21 13 4 27
23 21 20 0 24
23 21 17 19 8
19 22 13 4 24
19 22 20 0 23
19 22 17 19 5
18 20 13 4 21
18 20 20 0 22
18 20 17 19 2
23 21 2 7 35
23 21 15 20 9
23 21 1 24 25
19 22 2 7 32
19 22 15 20 6
19 22 1 24 20
18 20 2 7 29
18 20 15 20 3
18 20 1 24 21
23 21 23 23 2
23 21 15 9 20
23 21 19 10 15
19 22 23 23 5
19 22 15 9 17
19 22 19 10 12
18 20 23 23 8
18 20 15 9 14
18 20 19 10 11
23 21 10 19 15
23 21 17 18 9
23 21 19 15 10
19 22 10 19 12
19 22 17 18 6
19 22 19 15 7
18 20 10 19 9
18 20 17 18 3
18 20 19 15 6
23 21 8 13 23
23 21 16 6 22
23 21 23 13 8
19 22 8 13 20
19 22 16 6 19
19 22 23 13 13
18 20 8 13 17
18 20 16 6 16
18 20 23 13 12
23 21 13 3 28
23 21 7 15 22
23 21 7 11 26
19 22 13 3 25
19 22 7 15 19
19 22 7 11 23
18 20 13 3 22
18 20 7 15 16
18 20 7 11 20
23 21 4 4 36
23 21 8 9 27
23 21 17 13 14
19 22 4 4 33
19 22 8 9 24
19 22 17 13 11
18 20 4 4 30
18 20 8 9 21
18 20 17 13 8
23 21 11 22 13
23 21 24 17 5
23 21 22 22 2
19 22 11 22 8
19 22 24 17 10
19 22 22 22 3
18 20 11 22 9
18 20 24 17 9
18 20 22 22 6
23 21 10 20 14
23 21 2 12 30
23 21 15 11 18
19 22 10 20 11
19 22 2 12 27
19 22 15 11 15
18 20 10 20 8
18 20 2 12 24
18 20 15 11 12
23 21 13 24 13
23 21 9 5 30
23 21 19 1 24
19 22 13 24 8
19 22 9 5 27
19 22 19 1 21
18 20 13 24 9
18 20 9 5 24
18 20 19 1 20
23 21 8 8 28
23 21 16 13 15
23 21 22 24 4
19 22 8 8 25
19 22 16 13 12
19 22 22 24 5
18 20 8 8 22
18 20 16 13 9
18 20 22 24 8
23 21 20 22 4
23 21 19 4 21
23 21 22 1 21
19 22 20 22 1
19 22 19 4 18
19 22 22 1 24
18 20 20 22 4
18 20 19 4 17
18 20 22 1 23
23 21 0 21 23
23 21 17 8 19
19 22 0 21 20
19 22 17 8 16
18 20 0 21 19
18 20 17 8 13
10 20 1 10 19
2 12 1 10 3
15 11 1 10 15
10 20 1 5 24
10 20 18 24 12
10 20 20 16 14
2 12 1 5 8
2 12 18 24 28
2 12 20 16 22
15 11 1 5 20
15 11 18 24 16
15 11 20 16 10
10 20 3 6 21
10 20 21 7 24
10 20 15 6 19
2 12 3 6 7
2 12 21 7 24
2 12 15 6 19
15 11 3 6 17
15 11 21 7 10
15 11 15 6 5
10 20 21 4 27
10 20 12 24 6
10 20 2 11 17
2 12 21 4 27
2 12 12 24 22
2 12 2 11 1
15 11 21 4 13
15 11 12 24 16
15 11 2 11 13
10 20 21 22 13
10 20 1 22 11
10 20 2 21 9
2 12 21 22 29
2 12 1 22 11
2 12 2 21 9
15 11 21 22 17
15 11 1 22 25
15 11 2 21 23
10 20 18 6 22
10 20 20 24 14
10 20 1 19 10
2 12 18 6 22
2 12 20 24 30
2 12 1 19 8
15 11 18 6 8
15 11 20 24 18
15 11 1 19 22
10 20 23 1 32
10 20 10 22 2
10 20 17 6 21
2 12 23 1 32
2 12 10 22 18
2 12 17 6 21
15 11 23 1 18
15 11 10 22 16
15 11 17 6 7
10 20 4 1 25
10 20 2 13 15
10 20 4 8 18
2 12 4 1 13
2 12 2 13 1
2 12 4 8 6
15 11 4 1 21
15 11 2 13 15
15 11 4 8 14
10 20 13 4 19
10 20 20 0 30
10 20 17 19 8
2 12 13 4 19
2 12 20 0 30
2 12 17 19 22
15 11 13 4 9
15 11 20 0 16
15 11 17 19 10
10 20 2 7 21
10 20 15 20 5
10 20 1 24 13
2 12 2 7 5
2 12 15 20 21
2 12 1 24 13
15 11 2 7 17
15 11 15 20 9
15 11 1 24 27
10 20 23 23 16
10 20 15 9 16
10 20 19 10 19
2 12 23 23 32
2 12 15 9 16
2 12 19 10 19
15 11 23 23 20
15 11 15 9 2
15 11 19 10 5
10 20 10 19 1
10 20 17 18 9
10 20 19 15 14
2 12 10 19 15
2 12 17 18 21
2 12 19 15 20
15 11 10 19 13
15 11 17 18 9
15 11 19 15 8
10 20 8 13 9
10 20 16 6 20
10 20 23 13 20
2 12 8 13 7
2 12 16 6 20
2 12 23 13 22
15 11 8 13 9
15 11 16 6 6
15 11 23 13 10
10 20 13 3 20
10 20 7 15 8
10 20 7 11 12
2 12 13 3 20
2 12 7 15 8
2 12 7 11 6
15 11 13 3 10
15 11 7 15 12
15 11 7 11 8
10 20 4 4 22
10 20 8 9 13
10 20 17 13 14
2 12 4 4 10
2 12 8 9 9
2 12 17 13 16
15 11 4 4 18
15 11 8 9 9
15 11 17 13 4
10 20 11 22 3
10 20 24 17 17
10 20 22 22 14
2 12 11 22 19
2 12 24 17 27
2 12 22 22 30
15 11 11 22 15
15 11 24 17 15
15 11 22 22 18
10 20 23 21 14
10 20 19 22 11
10 20 18 20 8
2 12 23 21 30
2 12 19 22 27
2 12 18 20 24
15 11 23 21 18
15 11 19 22 15
15 11 18 20 12
10 20 13 24 7
10 20 9 5 16
10 20 19 1 28
2 12 13 24 23
2 12 9 5 14
2 12 19 1 28
15 11 13 24 15
15 11 9 5 12
15 11 19 1 14
10 20 8 8 14
10 20 16 13 13
10 20 22 24 16
2 12 8 8 10
2 12 16 13 15
2 12 22 24 32
15 11 8 8 10
15 11 16 13 3
15 11 22 24 20
10 20 20 22 12
10 20 19 4 25
10 20 22 1 31
2 12 20 22 28
2 12 19 4 25
2 12 22 1 31
15 11 20 22 16
15 11 19 4 11
15 11 22 1 17
10 20 0 21 11
10 20 17 8 19
2 12 0 21 11
2 12 17 8 19
15 11 0 21 25
15 11 17 8 5
13 24 1 10 26
9 5 1 10 13
19 1 1 10 27
13 24 1 5 31
13 24 18 24 5
13 24 20 16 15
9 5 1 5 8
9 5 18 24 28
9 5 20 16 22
19 1 1 5 22
19 1 18 24 24
19 1 20 16 16
13 24 3 6 28
13 24 21 7 25
13 24 15 6 20
9 5 3 6 7
9 5 21 7 14
9 5 15 6 7
19 1 3 6 21
19 1 21 7 8
19 1 15 6 9
13 24 21 4 28
13 24 12 24 1
13 24 2 11 24
9 5 21 4 13
9 5 12 24 22
9 5 2 11 13
19 1 21 4 5
19 1 12 24 30
19 1 2 11 27
13 24 21 22 10
13 24 1 22 14
13 24 2 21 14
9 5 21 22 29
9 5 1 22 25
9 5 2 21 23
19 1 21 22 23
19 1 1 22 39
19 1 2 21 37
13 24 18 6 23
13 24 20 24 7
13 24 1 19 17
9 5 18 6 10
9 5 20 24 30
9 5 1 19 22
19 1 18 6 6
19 1 20 24 24
19 1 1 19 36
13 24 23 1 33
13 24 10 22 5
13 24 17 6 22
9 5 23 1 18
9 5 10 22 18
9 5 17 6 9
19 1 23 1 4
19 1 10 22 30
19 1 17 6 7
13 24 4 1 32
13 24 2 13 22
13 24 4 8 25
9 5 4 1 9
9 5 2 13 15
9 5 4 8 8
19 1 4 1 15
19 1 2 13 29
19 1 4 8 22
13 24 13 4 20
13 24 20 0 31
13 24 17 19 9
9 5 13 4 5
9 5 20 0 16
9 5 17 19 22
19 1 13 4 9
19 1 20 0 2
19 1 17 19 20
13 24 2 7 28
13 24 15 20 6
13 24 1 24 12
9 5 2 7 9
9 5 15 20 21
9 5 1 24 27
19 1 2 7 23
19 1 15 20 23
19 1 1 24 41
13 24 23 23 11
13 24 15 9 17
13 24 19 10 20
9 5 23 23 32
9 5 15 9 10
9 5 19 10 15
19 1 23 23 26
19 1 15 9 12
19 1 19 10 9
13 24 10 19 8
13 24 17 18 10
13 24 19 15 15
9 5 10 19 15
9 5 17 18 21
9 5 19 15 20
19 1 10 19 27
19 1 17 18 19
19 1 19 15 14
13 24 8 13 16
13 24 16 6 21
13 24 23 13 21
9 5 8 13 9
9 5 16 6 8
9 5 23 13 22
19 1 8 13 23
19 1 16 6 8
19 1 23 13 16
13 24 13 3 21
13 24 7 15 15
13 24 7 11 19
9 5 13 3 6
9 5 7 15 12
9 5 7 11 8
19 1 13 3 8
19 1 7 15 26
19 1 7 11 22
13 24 4 4 29
13 24 8 9 20
13 24 17 13 15
9 5 4 4 6
9 5 8 9 5
9 5 17 13 16
19 1 4 4 18
19 1 8 9 19
19 1 17 13 14
13 24 11 22 4
13 24 24 17 18
13 24 22 22 11
9 5 11 22 19
9 5 24 17 27
9 5 22 22 30
19 1 11 22 29
19 1 24 17 21
19 1 22 22 24
13 24 23 21 13
13 24 19 22 8
13 24 18 20 9
9 5 23 21 30
9 5 19 22 27
9 5 18 20 24
19 1 23 21 24
19 1 19 22 21
19 1 18 20 20
13 24 10 20 7
13 24 2 12 23
13 24 15 11 15
9 5 10 20 16
9 5 2 12 14
9 5 15 11 12
19 1 10 20 28
19 1 2 12 28
19 1 15 11 14
13 24 8 8 21
13 24 16 13 14
13 24 22 24 9
9 5 8 8 4
9 5 16 13 15
9 5 22 24 32
19 1 8 8 18
19 1 16 13 15
19 1 22 24 26
13 24 20 22 9
13 24 19 4 26
13 24 22 1 32
9 5 20 22 28
9 5 19 4 11
9 5 22 1 17
19 1 20 22 22
19 1 19 4 3
19 1 22 1 3
13 24 0 21 16
13 24 17 8 20
9 5 0 21 25
9 5 17 8 11
19 1 0 21 39
19 1 17 8 9
8 8 1 10 9
16 13 1 10 18
22 24 1 10 35
8 8 1 5 10
8 8 18 24 26
8 8 20 16 20
16 13 1 5 23
16 13 18 24 13
16 13 20 16 7
22 24 1 5 40
22 24 18 24 4
22 24 20 16 10
8 8 3 6 7
8 8 21 7 14
8 8 15 6 9
16 13 3 6 20
16 13 21 7 11
16 13 15 6 8
22 24 3 6 37
22 24 21 7 18
22 24 15 6 25
8 8 21 4 17
8 8 12 24 20
8 8 2 11 9
16 13 21 4 14
16 13 12 24 15
16 13 2 11 16
22 24 21 4 21
22 24 12 24 10
22 24 2 11 33
8 8 21 22 27
8 8 1 22 21
8 8 2 21 19
16 13 21 22 14
16 13 1 22 24
16 13 2 21 22
22 24 21 22 3
22 24 1 22 23
22 24 2 21 23
8 8 18 6 12
8 8 20 24 28
8 8 1 19 18
16 13 18 6 9
16 13 20 24 15
16 13 1 19 21
22 24 18 6 22
22 24 20 24 2
22 24 1 19 26
8 8 23 1 22
8 8 10 22 16
8 8 17 6 11
16 13 23 1 19
16 13 10 22 15
16 13 17 6 8
22 24 23 1 24
22 24 10 22 14
22 24 17 6 23
8 8 4 1 11
8 8 2 13 11
8 8 4 8 4
16 13 4 1 24
16 13 2 13 14
16 13 4 8 17
22 24 4 1 41
22 24 2 13 31
22 24 4 8 34
8 8 13 4 9
8 8 20 0 20
8 8 17 19 20
16 13 13 4 12
16 13 20 0 17
16 13 17 19 7
22 24 13 4 29
22 24 20 0 26
22 24 17 19 10
8 8 2 7 7
8 8 15 20 19
8 8 1 24 23
16 13 2 7 20
16 13 15 20 8
16 13 1 24 26
22 24 2 7 37
22 24 15 20 11
22 24 1 24 21
8 8 23 23 30
8 8 15 9 8
8 8 19 10 13
16 13 23 23 17
16 13 15 9 5
16 13 19 10 6
22 24 23 23 2
22 24 15 9 22
22 24 19 10 17
8 8 10 19 13
8 8 17 18 19
8 8 19 15 18
16 13 10 19 12
16 13 17 18 6
16 13 19 15 5
22 24 10 19 17
22 24 17 18 11
22 24 19 15 12
8 8 8 13 5
8 8 16 6 10
8 8 23 13 20
16 13 8 13 8
16 13 16 6 7
16 13 23 13 7
22 24 8 13 25
22 24 16 6 24
22 24 23 13 12
8 8 13 3 10
8 8 7 15 8
8 8 7 11 4
16 13 13 3 13
16 13 7 15 11
16 13 7 11 11
22 24 13 3 30
22 24 7 15 24
22 24 7 11 28
8 8 4 4 8
8 8 8 9 1
8 8 17 13 14
16 13 4 4 21
16 13 8 9 12
16 13 17 13 1
22 24 4 4 38
22 24 8 9 29
22 24 17 13 16
8 8 11 22 17
8 8 24 17 25
8 8 22 22 28
16 13 11 22 14
16 13 24 17 12
16 13 22 22 15
22 24 11 22 13
22 24 24 17 9
22 24 22 22 2
8 8 23 21 28
8 8 19 22 25
8 8 18 20 22
16 13 23 21 15
16 13 19 22 12
16 13 18 20 9
22 24 23 21 4
22 24 19 22 5
22 24 18 20 8
8 8 10 20 14
8 8 2 12 10
8 8 15 11 10
16 13 10 20 13
16 13 2 12 15
16 13 15 11 3
22 24 10 20 16
22 24 2 12 32
22 24 15 11 20
8 8 13 24 21
8 8 9 5 4
8 8 19 1 18
16 13 13 24 14
16 13 9 5 15
16 13 19 1 15
22 24 13 24 9
22 24 9 5 32
22 24 19 1 26
8 8 20 22 26
8 8 19 4 15
8 8 22 1 21
16 13 20 22 13
16 13 19 4 12
16 13 22 1 18
22 24 20 22 4
22 24 19 4 23
22 24 22 1 23
8 8 0 21 21
8 8 17 8 9
16 13 0 21 24
16 13 17 8 6
22 24 0 21 25
22 24 17 8 21
20 22 1 10 31
19 4 1 10 24
22 1 1 10 30
20 22 1 5 36
20 22 18 24 4
20 22 20 16 6
19 4 1 5 19
19 4 18 24 21
19 4 20 16 13
22 1 1 5 25
22 1 18 24 27
22 1 20 16 17
20 22 3 6 33
20 22 21 7 16
20 22 15 6 21
19 4 3 6 18
19 4 21 7 5
19 4 15 6 6
22 1 3 6 24
22 1 21 7 7
22 1 15 6 12
20 22 21 4 19
20 22 12 24 10
20 22 2 11 29
19 4 21 4 2
19 4 12 24 27
19 4 2 11 24
22 1 21 4 4
22 1 12 24 33
22 1 2 11 30
20 22 21 22 1
20 22 1 22 19
20 22 2 21 19
19 4 21 22 20
19 4 1 22 36
19 4 2 21 34
22 1 21 22 22
22 1 1 22 42
22 1 2 21 40
20 22 18 6 18
20 22 20 24 2
20 22 1 19 22
19 4 18 6 3
19 4 20 24 21
19 4 1 19 33
22 1 18 6 9
22 1 20 24 25
22 1 1 19 39
20 22 23 1 24
20 22 10 22 10
20 22 17 6 19
19 4 23 1 7
19 4 10 22 27
19 4 17 6 4
22 1 23 1 1
22 1 10 22 33
22 1 17 6 10
20 22 4 1 37
20 22 2 13 27
20 22 4 8 30
19 4 4 1 18
19 4 2 13 26
19 4 4 8 19
22 1 4 1 18
22 1 2 13 32
22 1 4 8 25
20 22 13 4 25
20 22 20 0 22
20 22 17 19 6
19 4 13 4 6
19 4 20 0 5
19 4 17 19 17
22 1 13 4 12
22 1 20 0 3
22 1 17 19 23
20 22 2 7 33
20 22 15 20 7
20 22 1 24 21
19 4 2 7 20
19 4 15 20 20
19 4 1 24 38
22 1 2 7 26
22 1 15 20 26
22 1 1 24 44
20 22 23 23 4
20 22 15 9 18
20 22 19 10 13
19 4 23 23 23
19 4 15 9 9
19 4 19 10 6
22 1 23 23 23
22 1 15 9 15
22 1 19 10 12
20 22 10 19 13
20 22 17 18 7
20 22 19 15 8
19 4 10 19 24
19 4 17 18 16
19 4 19 15 11
22 1 10 19 30
22 1 17 18 22
22 1 19 15 17
20 22 8 13 21
20 22 16 6 20
20 22 23 13 12
19 4 8 13 20
19 4 16 6 5
19 4 23 13 13
22 1 8 13 26
22 1 16 6 11
22 1 23 13 13
20 22 13 3 26
20 22 7 15 20
20 22 7 11 24
19 4 13 3 7
19 4 7 15 23
19 4 7 11 19
22 1 13 3 11
22 1 7 15 29
22 1 7 11 25
20 22 4 4 34
20 22 8 9 25
20 22 17 13 12
19 4 4 4 15
19 4 8 9 16
19 4 17 13 11
22 1 4 4 21
22 1 8 9 22
22 1 17 13 17
20 22 11 22 9
20 22 24 17 9
20 22 22 22 2
19 4 11 22 26
19 4 24 17 18
19 4 22 22 21
22 1 11 22 32
22 1 24 17 18
22 1 22 22 21
20 22 23 21 4
20 22 19 22 1
20 22 18 20 4
19 4 23 21 21
19 4 19 22 18
19 4 18 20 17
22 1 23 21 21
22 1 19 22 24
22 1 18 20 23
20 22 10 20 12
20 22 2 12 28
20 22 15 11 16
19 4 10 20 25
19 4 2 12 25
19 4 15 11 11
22 1 10 20 31
22 1 2 12 31
22 1 15 11 17
20 22 13 24 9
20 22 9 5 28
20 22 19 1 22
19 4 13 24 26
19 4 9 5 11
19 4 19 1 3
22 1 13 24 32
22 1 9 5 17
22 1 19 1 3
20 22 8 8 26
20 22 16 13 13
20 22 22 24 4
19 4 8 8 15
19 4 16 13 12
19 4 22 24 23
22 1 8 8 21
22 1 16 13 18
22 1 22 24 23
20 22 0 21 21
20 22 17 8 17
19 4 0 21 36
19 4 17 8 6
22 1 0 21 42
22 1 17 8 12
0 21 1 10 12
17 8 1 10 18
0 21 1 5 17
0 21 18 24 21
0 21 20 16 25
17 8 1 5 19
17 8 18 24 17
17 8 20 16 11
0 21 3 6 18
0 21 21 7 35
0 21 15 6 30
17 8 3 6 16
17 8 21 7 5
17 8 15 6 4
0 21 21 4 38
0 21 12 24 15
0 21 2 11 12
17 8 21 4 8
17 8 12 24 21
17 8 2 11 18
0 21 21 22 22
0 21 1 22 2
0 21 2 21 2
17 8 21 22 18
17 8 1 22 30
17 8 2 21 28
0 21 18 6 33
0 21 20 24 23
0 21 1 19 3
17 8 18 6 3
17 8 20 24 19
17 8 1 19 27
0 21 23 1 43
0 21 10 22 11
0 21 17 6 32
17 8 23 1 13
17 8 10 22 21
17 8 17 6 2
0 21 4 1 24
0 21 2 13 10
0 21 4 8 17
17 8 4 1 20
17 8 2 13 20
17 8 4 8 13
0 21 13 4 30
0 21 20 0 41
0 21 17 19 19
17 8 13 4 8
17 8 20 0 11
17 8 17 19 11
0 21 2 7 16
0 21 15 20 16
0 21 1 24 4
17 8 2 7 16
17 8 15 20 14
17 8 1 24 32
0 21 23 23 25
0 21 15 9 27
0 21 19 10 30
17 8 23 23 21
17 8 15 9 3
17 8 19 10 4
0 21 10 19 12
0 21 17 18 20
0 21 19 15 25
17 8 10 19 18
17 8 17 18 10
17 8 19 15 9
0 21 8 13 16
0 21 16 6 31
0 21 23 13 31
17 8 8 13 14
17 8 16 6 3
17 8 23 13 11
0 21 13 3 31
0 21 7 15 13
0 21 7 11 17
17 8 13 3 9
17 8 7 15 17
17 8 7 11 13
0 21 4 4 21
0 21 8 9 20
0 21 17 13 25
17 8 4 4 17
17 8 8 9 10
17 8 17 13 5
0 21 11 22 12
0 21 24 17 28
0 21 22 22 23
17 8 11 22 20
17 8 24 17 16
17 8 22 22 19
0 21 23 21 23
0 21 19 22 20
0 21 18 20 19
17 8 23 21 19
17 8 19 22 16
17 8 18 20 13
0 21 10 20 11
0 21 2 12 11
0 21 15 11 25
17 8 10 20 19
17 8 2 12 19
17 8 15 11 5
0 21 13 24 16
0 21 9 5 25
0 21 19 1 39
17 8 13 24 20
17 8 9 5 11
17 8 19 1 9
0 21 8 8 21
0 21 16 13 24
0 21 22 24 25
17 8 8 8 9
17 8 16 13 6
17 8 22 24 21
0 21 20 22 21
0 21 19 4 36
0 21 22 1 42
17 8 20 22 17
17 8 19 4 6
17 8 22 1 12
