625 63 21 38 15
21 Clusters:
0 0 17 0
1 24 1 6
1 5 1 6
1 0 4 6
2 18 21 14
2 9 20 14
2 6 1 14
3 5 12 9
3 13 2 9
3 23 21 9
4 21 2 7
4 1 14 7
4 13 15 7
5 14 24 14
5 24 19 14
5 0 15 14
6 6 11 3
6 24 23 3
6 7 6 3
7 16 13 10
7 4 5 10
7 9 4 10
8 1 3 15
8 20 17 15
8 21 15 15
9 24 8 13
9 24 3 13
9 10 17 13
10 19 9 13
10 15 19 13
10 2 11 13
11 8 10 6
11 17 3 6
11 22 11 6
12 14 9 9
12 0 24 9
12 12 1 9
13 21 19 14
13 8 19 14
13 6 16 14
14 2 15 3
14 22 9 3
14 9 18 3
15 22 10 7
15 7 19 7
15 4 22 7
16 19 7 9
16 22 1 9
16 13 13 9
17 8 17 5
17 0 5 5
17 21 1 5
18 24 12 13
18 19 15 13
18 0 18 13
19 4 19 3
19 15 17 3
19 8 23 3
20 7 3 15
20 20 13 15
20 12 18 15
21 19 21 5
21 18 9 5
3784 Arcs:
0 17 24 1 40
0 17 5 1 21
0 17 0 4 13
0 17 18 21 22
0 17 9 20 12
0 17 6 1 22
0 17 5 12 10
0 17 13 2 28
0 17 23 21 27
0 17 21 2 36
0 17 1 14 4
0 17 13 15 15
0 17 14 24 21
0 17 24 19 26
0 17 0 15 2
0 17 6 11 12
0 17 24 23 30
0 17 7 6 18
0 17 16 13 20
0 17 4 5 16
0 17 9 4 22
0 17 1 3 15
0 17 20 17 20
0 17 21 15 23
0 17 24 8 33
0 17 24 3 38
0 17 10 17 10
0 17 19 9 27
0 17 15 19 17
0 17 2 11 8
0 17 8 10 15
0 17 17 3 31
0 17 22 11 28
0 17 14 9 22
0 17 0 24 7
0 17 12 1 28
0 17 21 19 23
0 17 8 19 10
0 17 6 16 7
0 17 2 15 4
0 17 22 9 30
0 17 9 18 10
0 17 22 10 29
0 17 7 19 9
0 17 4 22 9
0 17 19 7 29
0 17 22 1 38
0 17 13 13 17
0 17 8 17 8
0 17 0 5 12
0 17 21 1 37
0 17 24 12 29
0 17 19 15 21
0 17 0 18 1
0 17 4 19 6
0 17 15 17 15
0 17 8 23 14
0 17 7 3 21
0 17 20 13 24
0 17 12 18 13
0 17 19 21 23
0 17 18 9 26
24 1 0 17 40
5 1 0 17 21
0 4 0 17 13
24 1 18 21 26
24 1 9 20 34
24 1 6 1 18
5 1 18 21 33
5 1 9 20 23
5 1 6 1 1
0 4 18 21 35
0 4 9 20 25
0 4 6 1 9
24 1 5 12 30
24 1 13 2 12
24 1 23 21 21
5 1 5 12 11
5 1 13 2 9
5 1 23 21 38
0 4 5 12 13
0 4 13 2 15
0 4 23 21 40
24 1 21 2 4
24 1 1 14 36
24 1 13 15 25
5 1 21 2 17
5 1 1 14 17
5 1 13 15 22
0 4 21 2 23
0 4 1 14 11
0 4 13 15 24
24 1 14 24 33
24 1 24 19 18
24 1 0 15 38
5 1 14 24 32
5 1 24 19 37
5 1 0 15 19
0 4 14 24 34
0 4 24 19 39
0 4 0 15 11
24 1 6 11 28
24 1 24 23 22
24 1 7 6 22
5 1 6 11 11
5 1 24 23 41
5 1 7 6 7
0 4 6 11 13
0 4 24 23 43
0 4 7 6 9
24 1 16 13 20
24 1 4 5 24
24 1 9 4 18
5 1 16 13 23
5 1 4 5 5
5 1 9 4 7
0 4 16 13 25
0 4 4 5 5
0 4 9 4 9
24 1 1 3 25
24 1 20 17 20
24 1 21 15 17
5 1 1 3 6
5 1 20 17 31
5 1 21 15 30
0 4 1 3 2
0 4 20 17 33
0 4 21 15 32
24 1 24 8 7
24 1 24 3 2
24 1 10 17 30
5 1 24 8 26
5 1 24 3 21
5 1 10 17 21
0 4 24 8 28
0 4 24 3 25
0 4 10 17 23
24 1 19 9 13
24 1 15 19 27
24 1 2 11 32
5 1 19 9 22
5 1 15 19 28
5 1 2 11 13
0 4 19 9 24
0 4 15 19 30
0 4 2 11 9
24 1 8 10 25
24 1 17 3 9
24 1 22 11 12
5 1 8 10 12
5 1 17 3 14
5 1 22 11 27
0 4 8 10 14
0 4 17 3 18
0 4 22 11 29
24 1 14 9 18
24 1 0 24 47
24 1 12 1 12
5 1 14 9 17
5 1 0 24 28
5 1 12 1 7
0 4 14 9 19
0 4 0 24 20
0 4 12 1 15
24 1 21 19 21
24 1 8 19 34
24 1 6 16 33
5 1 21 19 34
5 1 8 19 21
5 1 6 16 16
0 4 21 19 36
0 4 8 19 23
0 4 6 16 18
24 1 2 15 36
24 1 22 9 10
24 1 9 18 32
5 1 2 15 17
5 1 22 9 25
5 1 9 18 21
0 4 2 15 13
0 4 22 9 27
0 4 9 18 23
24 1 22 10 11
24 1 7 19 35
24 1 4 22 41
5 1 22 10 26
5 1 7 19 20
5 1 4 22 22
0 4 22 10 28
0 4 7 19 22
0 4 4 22 22
24 1 19 7 11
24 1 22 1 2
24 1 13 13 23
5 1 19 7 20
5 1 22 1 17
5 1 13 13 20
0 4 19 7 22
0 4 22 1 25
0 4 13 13 22
24 1 8 17 32
24 1 0 5 28
24 1 21 1 3
5 1 8 17 19
5 1 0 5 9
5 1 21 1 16
0 4 8 17 21
0 4 0 5 1
0 4 21 1 24
24 1 24 12 11
24 1 19 15 19
24 1 0 18 41
5 1 24 12 30
5 1 19 15 28
5 1 0 18 22
0 4 24 12 32
0 4 19 15 30
0 4 0 18 14
24 1 4 19 38
24 1 15 17 25
24 1 8 23 38
5 1 4 19 19
5 1 15 17 26
5 1 8 23 25
0 4 4 19 19
0 4 15 17 28
0 4 8 23 27
24 1 7 3 19
24 1 20 13 16
24 1 12 18 29
5 1 7 3 4
5 1 20 13 27
5 1 12 18 24
0 4 7 3 8
0 4 20 13 29
0 4 12 18 26
24 1 19 21 25
24 1 18 9 14
5 1 19 21 34
5 1 18 9 21
0 4 19 21 36
0 4 18 9 23
18 21 0 17 22
9 20 0 17 12
6 1 0 17 22
18 21 24 1 26
18 21 5 1 33
18 21 0 4 35
9 20 24 1 34
9 20 5 1 23
9 20 0 4 25
6 1 24 1 18
6 1 5 1 1
6 1 0 4 9
18 21 5 12 22
18 21 13 2 24
18 21 23 21 5
9 20 5 12 12
9 20 13 2 22
9 20 23 21 15
6 1 5 12 12
6 1 13 2 8
6 1 23 21 37
18 21 21 2 22
18 21 1 14 24
18 21 13 15 11
9 20 21 2 30
9 20 1 14 14
9 20 13 15 9
6 1 21 2 16
6 1 1 14 18
6 1 13 15 21
18 21 14 24 7
18 21 24 19 8
18 21 0 15 24
9 20 14 24 9
9 20 24 19 16
9 20 0 15 14
6 1 14 24 31
6 1 24 19 36
6 1 0 15 20
18 21 6 11 22
18 21 24 23 8
18 21 7 6 26
9 20 6 11 12
9 20 24 23 18
9 20 7 6 16
6 1 6 11 10
6 1 24 23 40
6 1 7 6 6
18 21 16 13 10
18 21 4 5 30
18 21 9 4 26
9 20 16 13 14
9 20 4 5 20
9 20 9 4 16
6 1 16 13 22
6 1 4 5 6
6 1 9 4 6
18 21 1 3 35
18 21 20 17 6
18 21 21 15 9
9 20 1 3 25
9 20 20 17 14
9 20 21 15 17
6 1 1 3 7
6 1 20 17 30
6 1 21 15 29
18 21 24 8 19
18 21 24 3 24
18 21 10 17 12
9 20 24 8 27
9 20 24 3 32
9 20 10 17 4
6 1 24 8 25
6 1 24 3 20
6 1 10 17 20
18 21 19 9 13
18 21 15 19 5
18 21 2 11 26
9 20 19 9 21
9 20 15 19 7
9 20 2 11 16
6 1 19 9 21
6 1 15 19 27
6 1 2 11 14
18 21 8 10 21
18 21 17 3 19
18 21 22 11 14
9 20 8 10 11
9 20 17 3 25
9 20 22 11 22
6 1 8 10 11
6 1 17 3 13
6 1 22 11 26
18 21 14 9 16
18 21 0 24 21
18 21 12 1 26
9 20 14 9 16
9 20 0 24 13
9 20 12 1 22
6 1 14 9 16
6 1 0 24 29
6 1 12 1 6
18 21 21 19 5
18 21 8 19 12
18 21 6 16 17
9 20 21 19 13
9 20 8 19 2
9 20 6 16 7
6 1 21 19 33
6 1 8 19 20
6 1 6 16 15
18 21 2 15 22
18 21 22 9 16
18 21 9 18 12
9 20 2 15 12
9 20 22 9 24
9 20 9 18 2
6 1 2 15 18
6 1 22 9 24
6 1 9 18 20
18 21 22 10 15
18 21 7 19 13
18 21 4 22 15
9 20 22 10 23
9 20 7 19 3
9 20 4 22 7
6 1 22 10 25
6 1 7 19 19
6 1 4 22 23
18 21 19 7 15
18 21 22 1 24
18 21 13 13 13
9 20 19 7 23
9 20 22 1 32
9 20 13 13 11
6 1 19 7 19
6 1 22 1 16
6 1 13 13 19
18 21 8 17 14
18 21 0 5 34
18 21 21 1 23
9 20 8 17 4
9 20 0 5 24
9 20 21 1 31
6 1 8 17 18
6 1 0 5 10
6 1 21 1 15
18 21 24 12 15
18 21 19 15 7
18 21 0 18 21
9 20 24 12 23
9 20 19 15 15
9 20 0 18 11
6 1 24 12 29
6 1 19 15 27
6 1 0 18 23
18 21 4 19 16
18 21 15 17 7
18 21 8 23 12
9 20 4 19 6
9 20 15 17 9
9 20 8 23 4
6 1 4 19 20
6 1 15 17 25
6 1 8 23 24
18 21 7 3 29
18 21 20 13 10
18 21 12 18 9
9 20 7 3 19
9 20 20 13 18
9 20 12 18 5
6 1 7 3 3
6 1 20 13 26
6 1 12 18 23
18 21 19 21 1
18 21 18 9 12
9 20 19 21 11
9 20 18 9 20
6 1 19 21 33
6 1 18 9 20
5 12 0 17 10
13 2 0 17 28
23 21 0 17 27
5 12 24 1 30
5 12 5 1 11
5 12 0 4 13
13 2 24 1 12
13 2 5 1 9
13 2 0 4 15
23 21 24 1 21
23 21 5 1 38
23 21 0 4 40
5 12 18 21 22
5 12 9 20 12
5 12 6 1 12
13 2 18 21 24
13 2 9 20 22
13 2 6 1 8
23 21 18 21 5
23 21 9 20 15
23 21 6 1 37
5 12 21 2 26
5 12 1 14 6
5 12 13 15 11
13 2 21 2 8
13 2 1 14 24
13 2 13 15 13
23 21 21 2 21
23 21 1 14 29
23 21 13 15 16
5 12 14 24 21
5 12 24 19 26
5 12 0 15 8
13 2 14 24 23
13 2 24 19 28
13 2 0 15 26
23 21 14 24 12
23 21 24 19 3
23 21 0 15 29
5 12 6 11 2
5 12 24 23 30
5 12 7 6 8
13 2 6 11 16
13 2 24 23 32
13 2 7 6 10
23 21 6 11 27
23 21 24 23 3
23 21 7 6 31
5 12 16 13 12
5 12 4 5 8
5 12 9 4 12
13 2 16 13 14
13 2 4 5 12
13 2 9 4 6
23 21 16 13 15
23 21 4 5 35
23 21 9 4 31
5 12 1 3 13
5 12 20 17 20
5 12 21 15 19
13 2 1 3 13
13 2 20 17 22
13 2 21 15 21
23 21 1 3 40
23 21 20 17 7
23 21 21 15 8
5 12 24 8 23
5 12 24 3 28
5 12 10 17 10
13 2 24 8 17
13 2 24 3 12
13 2 10 17 18
23 21 24 8 14
23 21 24 3 19
23 21 10 17 17
5 12 19 9 17
5 12 15 19 17
5 12 2 11 4
13 2 19 9 13
13 2 15 19 19
13 2 2 11 20
23 21 19 9 16
23 21 15 19 10
23 21 2 11 31
5 12 8 10 5
5 12 17 3 21
5 12 22 11 18
13 2 8 10 13
13 2 17 3 5
13 2 22 11 18
23 21 8 10 26
23 21 17 3 24
23 21 22 11 11
5 12 14 9 12
5 12 0 24 17
5 12 12 1 18
13 2 14 9 8
13 2 0 24 35
13 2 12 1 2
23 21 14 9 21
23 21 0 24 26
23 21 12 1 31
5 12 21 19 23
5 12 8 19 10
5 12 6 16 5
13 2 21 19 25
13 2 8 19 22
13 2 6 16 21
23 21 21 19 4
23 21 8 19 17
23 21 6 16 22
5 12 2 15 6
5 12 22 9 20
5 12 9 18 10
13 2 2 15 24
13 2 22 9 16
13 2 9 18 20
23 21 2 15 27
23 21 22 9 13
23 21 9 18 17
5 12 22 10 19
5 12 7 19 9
5 12 4 22 11
13 2 22 10 17
13 2 7 19 23
13 2 4 22 29
23 21 22 10 12
23 21 7 19 18
23 21 4 22 20
5 12 19 7 19
5 12 22 1 28
5 12 13 13 9
13 2 19 7 11
13 2 22 1 10
13 2 13 13 11
23 21 19 7 18
23 21 22 1 21
23 21 13 13 18
5 12 8 17 8
5 12 0 5 12
5 12 21 1 27
13 2 8 17 20
13 2 0 5 16
13 2 21 1 9
23 21 8 17 19
23 21 0 5 39
23 21 21 1 22
5 12 24 12 19
5 12 19 15 17
5 12 0 18 11
13 2 24 12 21
13 2 19 15 19
13 2 0 18 29
23 21 24 12 10
23 21 19 15 10
23 21 0 18 26
5 12 4 19 8
5 12 15 17 15
5 12 8 23 14
13 2 4 19 26
13 2 15 17 17
13 2 8 23 26
23 21 4 19 21
23 21 15 17 12
23 21 8 23 17
5 12 7 3 11
5 12 20 13 16
5 12 12 18 13
13 2 7 3 7
13 2 20 13 18
13 2 12 18 17
23 21 7 3 34
23 21 20 13 11
23 21 12 18 14
5 12 19 21 23
5 12 18 9 16
13 2 19 21 25
13 2 18 9 12
23 21 19 21 4
23 21 18 9 17
21 2 0 17 36
1 14 0 17 4
13 15 0 17 15
21 2 24 1 4
21 2 5 1 17
21 2 0 4 23
1 14 24 1 36
1 14 5 1 17
1 14 0 4 11
13 15 24 1 25
13 15 5 1 22
13 15 0 4 24
21 2 18 21 22
21 2 9 20 30
21 2 6 1 16
1 14 18 21 24
1 14 9 20 14
1 14 6 1 18
13 15 18 21 11
13 15 9 20 9
13 15 6 1 21
21 2 5 12 26
21 2 13 2 8
21 2 23 21 21
1 14 5 12 6
1 14 13 2 24
1 14 23 21 29
13 15 5 12 11
13 15 13 2 13
13 15 23 21 16
21 2 14 24 29
21 2 24 19 20
21 2 0 15 34
1 14 14 24 23
1 14 24 19 28
1 14 0 15 2
13 15 14 24 10
13 15 24 19 15
13 15 0 15 13
21 2 6 11 24
21 2 24 23 24
21 2 7 6 18
1 14 6 11 8
1 14 24 23 32
1 14 7 6 14
13 15 6 11 11
13 15 24 23 19
13 15 7 6 15
21 2 16 13 16
21 2 4 5 20
21 2 9 4 14
1 14 16 13 16
1 14 4 5 12
1 14 9 4 18
13 15 16 13 5
13 15 4 5 19
13 15 9 4 15
21 2 1 3 21
21 2 20 17 16
21 2 21 15 13
1 14 1 3 11
1 14 20 17 22
1 14 21 15 21
13 15 1 3 24
13 15 20 17 9
13 15 21 15 8
21 2 24 8 9
21 2 24 3 4
21 2 10 17 26
1 14 24 8 29
1 14 24 3 34
1 14 10 17 12
13 15 24 8 18
13 15 24 3 23
13 15 10 17 5
21 2 19 9 9
21 2 15 19 23
21 2 2 11 28
1 14 19 9 23
1 14 15 19 19
1 14 2 11 4
13 15 19 9 12
13 15 15 19 6
13 15 2 11 15
21 2 8 10 21
21 2 17 3 5
21 2 22 11 10
1 14 8 10 11
1 14 17 3 27
1 14 22 11 24
13 15 8 10 10
13 15 17 3 16
13 15 22 11 13
21 2 14 9 14
21 2 0 24 43
21 2 12 1 10
1 14 14 9 18
1 14 0 24 11
1 14 12 1 24
13 15 14 9 7
13 15 0 24 22
13 15 12 1 15
21 2 21 19 17
21 2 8 19 30
21 2 6 16 29
1 14 21 19 25
1 14 8 19 12
1 14 6 16 7
13 15 21 19 12
13 15 8 19 9
13 15 6 16 8
21 2 2 15 32
21 2 22 9 8
21 2 9 18 28
1 14 2 15 2
1 14 22 9 26
1 14 9 18 12
13 15 2 15 11
13 15 22 9 15
13 15 9 18 7
21 2 22 10 9
21 2 7 19 31
21 2 4 22 37
1 14 22 10 25
1 14 7 19 11
1 14 4 22 11
13 15 22 10 14
13 15 7 19 10
13 15 4 22 16
21 2 19 7 7
21 2 22 1 2
21 2 13 13 19
1 14 19 7 25
1 14 22 1 34
1 14 13 13 13
13 15 19 7 14
13 15 22 1 23
13 15 13 13 2
21 2 8 17 28
21 2 0 5 24
21 2 21 1 1
1 14 8 17 10
1 14 0 5 10
1 14 21 1 33
13 15 8 17 7
13 15 0 5 23
13 15 21 1 22
21 2 24 12 13
21 2 19 15 15
21 2 0 18 37
1 14 24 12 25
1 14 19 15 19
1 14 0 18 5
13 15 24 12 14
13 15 19 15 6
13 15 0 18 16
21 2 4 19 34
21 2 15 17 21
21 2 8 23 34
1 14 4 19 8
1 14 15 17 17
1 14 8 23 16
13 15 4 19 13
13 15 15 17 4
13 15 8 23 13
21 2 7 3 15
21 2 20 13 12
21 2 12 18 25
1 14 7 3 17
1 14 20 13 20
1 14 12 18 15
13 15 7 3 18
13 15 20 13 9
13 15 12 18 4
21 2 19 21 21
21 2 18 9 10
1 14 19 21 25
1 14 18 9 22
13 15 19 21 12
13 15 18 9 11
14 24 0 17 21
24 19 0 17 26
0 15 0 17 2
14 24 24 1 33
14 24 5 1 32
14 24 0 4 34
24 19 24 1 18
24 19 5 1 37
24 19 0 4 39
0 15 24 1 38
0 15 5 1 19
0 15 0 4 11
14 24 18 21 7
14 24 9 20 9
14 24 6 1 31
24 19 18 21 8
24 19 9 20 16
24 19 6 1 36
0 15 18 21 24
0 15 9 20 14
0 15 6 1 20
14 24 5 12 21
14 24 13 2 23
14 24 23 21 12
24 19 5 12 26
24 19 13 2 28
24 19 23 21 3
0 15 5 12 8
0 15 13 2 26
0 15 23 21 29
14 24 21 2 29
14 24 1 14 23
14 24 13 15 10
24 19 21 2 20
24 19 1 14 28
24 19 13 15 15
0 15 21 2 34
0 15 1 14 2
0 15 13 15 13
14 24 6 11 21
14 24 24 23 11
14 24 7 6 25
24 19 6 11 26
24 19 24 23 4
24 19 7 6 30
0 15 6 11 10
0 15 24 23 32
0 15 7 6 16
14 24 16 13 13
14 24 4 5 29
14 24 9 4 25
24 19 16 13 14
24 19 4 5 34
24 19 9 4 30
0 15 16 13 18
0 15 4 5 14
0 15 9 4 20
14 24 1 3 34
14 24 20 17 13
14 24 21 15 16
24 19 1 3 39
24 19 20 17 6
24 19 21 15 7
0 15 1 3 13
0 15 20 17 22
0 15 21 15 21
14 24 24 8 26
14 24 24 3 31
14 24 10 17 11
24 19 24 8 11
24 19 24 3 16
24 19 10 17 16
0 15 24 8 31
0 15 24 3 36
0 15 10 17 12
14 24 19 9 20
14 24 15 19 6
14 24 2 11 25
24 19 19 9 15
24 19 15 19 9
24 19 2 11 30
0 15 19 9 25
0 15 15 19 19
0 15 2 11 6
14 24 8 10 20
14 24 17 3 24
14 24 22 11 21
24 19 8 10 25
24 19 17 3 23
24 19 22 11 10
0 15 8 10 13
0 15 17 3 29
0 15 22 11 26
14 24 14 9 15
14 24 0 24 14
14 24 12 1 25
24 19 14 9 20
24 19 0 24 29
24 19 12 1 30
0 15 14 9 20
0 15 0 24 9
0 15 12 1 26
14 24 21 19 12
14 24 8 19 11
14 24 6 16 16
24 19 21 19 3
24 19 8 19 16
24 19 6 16 21
0 15 21 19 25
0 15 8 19 12
0 15 6 16 7
14 24 2 15 21
14 24 22 9 23
14 24 9 18 11
24 19 2 15 26
24 19 22 9 12
24 19 9 18 16
0 15 2 15 2
0 15 22 9 28
0 15 9 18 12
14 24 22 10 22
14 24 7 19 12
14 24 4 22 12
24 19 22 10 11
24 19 7 19 17
24 19 4 22 23
0 15 22 10 27
0 15 7 19 11
0 15 4 22 11
14 24 19 7 22
14 24 22 1 31
14 24 13 13 12
24 19 19 7 17
24 19 22 1 20
24 19 13 13 17
0 15 19 7 27
0 15 22 1 36
0 15 13 13 15
14 24 8 17 13
14 24 0 5 33
14 24 21 1 30
24 19 8 17 18
24 19 0 5 38
24 19 21 1 21
0 15 8 17 10
0 15 0 5 10
0 15 21 1 35
14 24 24 12 22
14 24 19 15 14
14 24 0 18 20
24 19 24 12 7
24 19 19 15 9
24 19 0 18 25
0 15 24 12 27
0 15 19 15 19
0 15 0 18 3
14 24 4 19 15
14 24 15 17 8
14 24 8 23 7
24 19 4 19 20
24 19 15 17 11
24 19 8 23 20
0 15 4 19 8
0 15 15 17 17
0 15 8 23 16
14 24 7 3 28
14 24 20 13 17
14 24 12 18 8
24 19 7 3 33
24 19 20 13 10
24 19 12 18 13
0 15 7 3 19
0 15 20 13 22
0 15 12 18 15
14 24 19 21 8
14 24 18 9 19
24 19 19 21 7
24 19 18 9 16
0 15 19 21 25
0 15 18 9 24
6 11 0 17 12
24 23 0 17 30
7 6 0 17 18
6 11 24 1 28
6 11 5 1 11
6 11 0 4 13
24 23 24 1 22
24 23 5 1 41
24 23 0 4 43
7 6 24 1 22
7 6 5 1 7
7 6 0 4 9
6 11 18 21 22
6 11 9 20 12
6 11 6 1 10
24 23 18 21 8
24 23 9 20 18
24 23 6 1 40
7 6 18 21 26
7 6 9 20 16
7 6 6 1 6
6 11 5 12 2
6 11 13 2 16
6 11 23 21 27
24 23 5 12 30
24 23 13 2 32
24 23 23 21 3
7 6 5 12 8
7 6 13 2 10
7 6 23 21 31
6 11 21 2 24
6 11 1 14 8
6 11 13 15 11
24 23 21 2 24
24 23 1 14 32
24 23 13 15 19
7 6 21 2 18
7 6 1 14 14
7 6 13 15 15
6 11 14 24 21
6 11 24 19 26
6 11 0 15 10
24 23 14 24 11
24 23 24 19 4
24 23 0 15 32
7 6 14 24 25
7 6 24 19 30
7 6 0 15 16
6 11 16 13 12
6 11 4 5 8
6 11 9 4 10
24 23 16 13 18
24 23 4 5 38
24 23 9 4 34
7 6 16 13 16
7 6 4 5 4
7 6 9 4 4
6 11 1 3 13
6 11 20 17 20
6 11 21 15 19
24 23 1 3 43
24 23 20 17 10
24 23 21 15 11
7 6 1 3 9
7 6 20 17 24
7 6 21 15 23
6 11 24 8 21
6 11 24 3 26
6 11 10 17 10
24 23 24 8 15
24 23 24 3 20
24 23 10 17 20
7 6 24 8 19
7 6 24 3 20
7 6 10 17 14
6 11 19 9 15
6 11 15 19 17
6 11 2 11 4
24 23 19 9 19
24 23 15 19 13
24 23 2 11 34
7 6 19 9 15
7 6 15 19 21
7 6 2 11 10
6 11 8 10 3
6 11 17 3 19
6 11 22 11 16
24 23 8 10 29
24 23 17 3 27
24 23 22 11 14
7 6 8 10 5
7 6 17 3 13
7 6 22 11 20
6 11 14 9 10
6 11 0 24 19
6 11 12 1 16
24 23 14 9 24
24 23 0 24 25
24 23 12 1 34
7 6 14 9 10
7 6 0 24 25
7 6 12 1 10
6 11 21 19 23
6 11 8 19 10
6 11 6 16 5
24 23 21 19 7
24 23 8 19 20
24 23 6 16 25
7 6 21 19 27
7 6 8 19 14
7 6 6 16 11
6 11 2 15 8
6 11 22 9 18
6 11 9 18 10
24 23 2 15 30
24 23 22 9 16
24 23 9 18 20
7 6 2 15 14
7 6 22 9 18
7 6 9 18 14
6 11 22 10 17
6 11 7 19 9
6 11 4 22 13
24 23 22 10 15
24 23 7 19 21
24 23 4 22 21
7 6 22 10 19
7 6 7 19 13
7 6 4 22 19
6 11 19 7 17
6 11 22 1 26
6 11 13 13 9
24 23 19 7 21
24 23 22 1 24
24 23 13 13 21
7 6 19 7 13
7 6 22 1 20
7 6 13 13 13
6 11 8 17 8
6 11 0 5 12
6 11 21 1 25
24 23 8 17 22
24 23 0 5 42
24 23 21 1 25
7 6 8 17 12
7 6 0 5 8
7 6 21 1 19
6 11 24 12 19
6 11 19 15 17
6 11 0 18 13
24 23 24 12 11
24 23 19 15 13
24 23 0 18 29
7 6 24 12 23
7 6 19 15 21
7 6 0 18 19
6 11 4 19 10
6 11 15 17 15
6 11 8 23 14
24 23 4 19 24
24 23 15 17 15
24 23 8 23 16
7 6 4 19 16
7 6 15 17 19
7 6 8 23 18
6 11 7 3 9
6 11 20 13 16
6 11 12 18 13
24 23 7 3 37
24 23 20 13 14
24 23 12 18 17
7 6 7 3 3
7 6 20 13 20
7 6 12 18 17
6 11 19 21 23
6 11 18 9 14
24 23 19 21 7
24 23 18 9 20
7 6 19 21 27
7 6 18 9 14
16 13 0 17 20
4 5 0 17 16
9 4 0 17 22
16 13 24 1 20
16 13 5 1 23
16 13 0 4 25
4 5 24 1 24
4 5 5 1 5
4 5 0 4 5
9 4 24 1 18
9 4 5 1 7
9 4 0 4 9
16 13 18 21 10
16 13 9 20 14
16 13 6 1 22
4 5 18 21 30
4 5 9 20 20
4 5 6 1 6
9 4 18 21 26
9 4 9 20 16
9 4 6 1 6
16 13 5 12 12
16 13 13 2 14
16 13 23 21 15
4 5 5 12 8
4 5 13 2 12
4 5 23 21 35
9 4 5 12 12
9 4 13 2 6
9 4 23 21 31
16 13 21 2 16
16 13 1 14 16
16 13 13 15 5
4 5 21 2 20
4 5 1 14 12
4 5 13 15 19
9 4 21 2 14
9 4 1 14 18
9 4 13 15 15
16 13 14 24 13
16 13 24 19 14
16 13 0 15 18
4 5 14 24 29
4 5 24 19 34
4 5 0 15 14
9 4 14 24 25
9 4 24 19 30
9 4 0 15 20
16 13 6 11 12
16 13 24 23 18
16 13 7 6 16
4 5 6 11 8
4 5 24 23 38
4 5 7 6 4
9 4 6 11 10
9 4 24 23 34
9 4 7 6 4
16 13 1 3 25
16 13 20 17 8
16 13 21 15 7
4 5 1 3 5
4 5 20 17 28
4 5 21 15 27
9 4 1 3 9
9 4 20 17 24
9 4 21 15 23
16 13 24 8 13
16 13 24 3 18
16 13 10 17 10
4 5 24 8 23
4 5 24 3 22
4 5 10 17 18
9 4 24 8 19
9 4 24 3 16
9 4 10 17 14
16 13 19 9 7
16 13 15 19 7
16 13 2 11 16
4 5 19 9 19
4 5 15 19 25
4 5 2 11 8
9 4 19 9 15
9 4 15 19 21
9 4 2 11 14
16 13 8 10 11
16 13 17 3 11
16 13 22 11 8
4 5 8 10 9
4 5 17 3 15
4 5 22 11 24
9 4 8 10 7
9 4 17 3 9
9 4 22 11 20
16 13 14 9 6
16 13 0 24 27
16 13 12 1 16
4 5 14 9 14
4 5 0 24 23
4 5 12 1 12
9 4 14 9 10
9 4 0 24 29
9 4 12 1 6
16 13 21 19 11
16 13 8 19 14
16 13 6 16 13
4 5 21 19 31
4 5 8 19 18
4 5 6 16 13
9 4 21 19 27
9 4 8 19 16
9 4 6 16 15
16 13 2 15 16
16 13 22 9 10
16 13 9 18 12
4 5 2 15 12
4 5 22 9 22
4 5 9 18 18
9 4 2 15 18
9 4 22 9 18
9 4 9 18 14
16 13 22 10 9
16 13 7 19 15
16 13 4 22 21
4 5 22 10 23
4 5 7 19 17
4 5 4 22 17
9 4 22 10 19
9 4 7 19 17
9 4 4 22 23
16 13 19 7 9
16 13 22 1 18
16 13 13 13 3
4 5 19 7 17
4 5 22 1 22
4 5 13 13 17
9 4 19 7 13
9 4 22 1 16
9 4 13 13 13
16 13 8 17 12
16 13 0 5 24
16 13 21 1 17
4 5 8 17 16
4 5 0 5 4
4 5 21 1 21
9 4 8 17 14
9 4 0 5 10
9 4 21 1 15
16 13 24 12 9
16 13 19 15 5
16 13 0 18 21
4 5 24 12 27
4 5 19 15 25
4 5 0 18 17
9 4 24 12 23
9 4 19 15 21
9 4 0 18 23
16 13 4 19 18
16 13 15 17 5
16 13 8 23 18
4 5 4 19 14
4 5 15 17 23
4 5 8 23 22
9 4 4 19 20
9 4 15 17 19
9 4 8 23 20
16 13 7 3 19
16 13 20 13 4
16 13 12 18 9
4 5 7 3 5
4 5 20 13 24
4 5 12 18 21
9 4 7 3 3
9 4 20 13 20
9 4 12 18 17
16 13 19 21 11
16 13 18 9 6
4 5 19 21 31
4 5 18 9 18
9 4 19 21 27
9 4 18 9 14
1 3 0 17 15
20 17 0 17 20
21 15 0 17 23
1 3 24 1 25
1 3 5 1 6
1 3 0 4 2
20 17 24 1 20
20 17 5 1 31
20 17 0 4 33
21 15 24 1 17
21 15 5 1 30
21 15 0 4 32
1 3 18 21 35
1 3 9 20 25
1 3 6 1 7
20 17 18 21 6
20 17 9 20 14
20 17 6 1 30
21 15 18 21 9
21 15 9 20 17
21 15 6 1 29
1 3 5 12 13
1 3 13 2 13
1 3 23 21 40
20 17 5 12 20
20 17 13 2 22
20 17 23 21 7
21 15 5 12 19
21 15 13 2 21
21 15 23 21 8
1 3 21 2 21
1 3 1 14 11
1 3 13 15 24
20 17 21 2 16
20 17 1 14 22
20 17 13 15 9
21 15 21 2 13
21 15 1 14 21
21 15 13 15 8
1 3 14 24 34
1 3 24 19 39
1 3 0 15 13
20 17 14 24 13
20 17 24 19 6
20 17 0 15 22
21 15 14 24 16
21 15 24 19 7
21 15 0 15 21
1 3 6 11 13
1 3 24 23 43
1 3 7 6 9
20 17 6 11 20
20 17 24 23 10
20 17 7 6 24
21 15 6 11 19
21 15 24 23 11
21 15 7 6 23
1 3 16 13 25
1 3 4 5 5
1 3 9 4 9
20 17 16 13 8
20 17 4 5 28
20 17 9 4 24
21 15 16 13 7
21 15 4 5 27
21 15 9 4 23
1 3 24 8 28
1 3 24 3 23
1 3 10 17 23
20 17 24 8 13
20 17 24 3 18
20 17 10 17 10
21 15 24 8 10
21 15 24 3 15
21 15 10 17 13
1 3 19 9 24
1 3 15 19 30
1 3 2 11 9
20 17 19 9 9
20 17 15 19 7
20 17 2 11 24
21 15 19 9 8
21 15 15 19 10
21 15 2 11 23
1 3 8 10 14
1 3 17 3 16
1 3 22 11 29
20 17 8 10 19
20 17 17 3 17
20 17 22 11 8
21 15 8 10 18
21 15 17 3 16
21 15 22 11 5
1 3 14 9 19
1 3 0 24 22
1 3 12 1 13
20 17 14 9 14
20 17 0 24 27
20 17 12 1 24
21 15 14 9 13
21 15 0 24 30
21 15 12 1 23
1 3 21 19 36
1 3 8 19 23
1 3 6 16 18
20 17 21 19 3
20 17 8 19 14
20 17 6 16 15
21 15 21 19 4
21 15 8 19 17
21 15 6 16 16
1 3 2 15 13
1 3 22 9 27
1 3 9 18 23
20 17 2 15 20
20 17 22 9 10
20 17 9 18 12
21 15 2 15 19
21 15 22 9 7
21 15 9 18 15
1 3 22 10 28
1 3 7 19 22
1 3 4 22 22
20 17 22 10 9
20 17 7 19 15
20 17 4 22 21
21 15 22 10 6
21 15 7 19 18
21 15 4 22 24
1 3 19 7 22
1 3 22 1 23
1 3 13 13 22
20 17 19 7 11
20 17 22 1 18
20 17 13 13 11
21 15 19 7 10
21 15 22 1 15
21 15 13 13 10
1 3 8 17 21
1 3 0 5 3
1 3 21 1 22
20 17 8 17 12
20 17 0 5 32
20 17 21 1 17
21 15 8 17 15
21 15 0 5 31
21 15 21 1 14
1 3 24 12 32
1 3 19 15 30
1 3 0 18 16
20 17 24 12 9
20 17 19 15 3
20 17 0 18 21
21 15 24 12 6
21 15 19 15 2
21 15 0 18 24
1 3 4 19 19
1 3 15 17 28
1 3 8 23 27
20 17 4 19 18
20 17 15 17 5
20 17 8 23 18
21 15 4 19 21
21 15 15 17 8
21 15 8 23 21
1 3 7 3 6
1 3 20 13 29
1 3 12 18 26
20 17 7 3 27
20 17 20 13 4
20 17 12 18 9
21 15 7 3 26
21 15 20 13 3
21 15 12 18 12
1 3 19 21 36
1 3 18 9 23
20 17 19 21 5
20 17 18 9 10
21 15 19 21 8
21 15 18 9 9
24 8 0 17 33
24 3 0 17 38
10 17 0 17 10
24 8 24 1 7
24 8 5 1 26
24 8 0 4 28
24 3 24 1 2
24 3 5 1 21
24 3 0 4 25
10 17 24 1 30
10 17 5 1 21
10 17 0 4 23
24 8 18 21 19
24 8 9 20 27
24 8 6 1 25
24 3 18 21 24
24 3 9 20 32
24 3 6 1 20
10 17 18 21 12
10 17 9 20 4
10 17 6 1 20
24 8 5 12 23
24 8 13 2 17
24 8 23 21 14
24 3 5 12 28
24 3 13 2 12
24 3 23 21 19
10 17 5 12 10
10 17 13 2 18
10 17 23 21 17
24 8 21 2 9
24 8 1 14 29
24 8 13 15 18
24 3 21 2 4
24 3 1 14 34
24 3 13 15 23
10 17 21 2 26
10 17 1 14 12
10 17 13 15 5
24 8 14 24 26
24 8 24 19 11
24 8 0 15 31
24 3 14 24 31
24 3 24 19 16
24 3 0 15 36
10 17 14 24 11
10 17 24 19 16
10 17 0 15 12
24 8 6 11 21
24 8 24 23 15
24 8 7 6 19
24 3 6 11 26
24 3 24 23 20
24 3 7 6 20
10 17 6 11 10
10 17 24 23 20
10 17 7 6 14
24 8 16 13 13
24 8 4 5 23
24 8 9 4 19
24 3 16 13 18
24 3 4 5 22
24 3 9 4 16
10 17 16 13 10
10 17 4 5 18
10 17 9 4 14
24 8 1 3 28
24 8 20 17 13
24 8 21 15 10
24 3 1 3 23
24 3 20 17 18
24 3 21 15 15
10 17 1 3 23
10 17 20 17 10
10 17 21 15 13
24 8 19 9 6
24 8 15 19 20
24 8 2 11 25
24 3 19 9 11
24 3 15 19 25
24 3 2 11 30
10 17 19 9 17
10 17 15 19 7
10 17 2 11 14
24 8 8 10 18
24 8 17 3 12
24 8 22 11 5
24 3 8 10 23
24 3 17 3 7
24 3 22 11 10
10 17 8 10 9
10 17 17 3 21
10 17 22 11 18
24 8 14 9 11
24 8 0 24 40
24 8 12 1 19
24 3 14 9 16
24 3 0 24 45
24 3 12 1 14
10 17 14 9 12
10 17 0 24 17
10 17 12 1 18
24 8 21 19 14
24 8 8 19 27
24 8 6 16 26
24 3 21 19 19
24 3 8 19 32
24 3 6 16 31
10 17 21 19 13
10 17 8 19 4
10 17 6 16 5
24 8 2 15 29
24 8 22 9 3
24 8 9 18 25
24 3 2 15 34
24 3 22 9 8
24 3 9 18 30
10 17 2 15 10
10 17 22 9 20
10 17 9 18 2
24 8 22 10 4
24 8 7 19 28
24 8 4 22 34
24 3 22 10 9
24 3 7 19 33
24 3 4 22 39
10 17 22 10 19
10 17 7 19 5
10 17 4 22 11
24 8 19 7 6
24 8 22 1 9
24 8 13 13 16
24 3 19 7 9
24 3 22 1 4
24 3 13 13 21
10 17 19 7 19
10 17 22 1 28
10 17 13 13 7
24 8 8 17 25
24 8 0 5 27
24 8 21 1 10
24 3 8 17 30
24 3 0 5 26
24 3 21 1 5
10 17 8 17 2
10 17 0 5 22
10 17 21 1 27
24 8 24 12 4
24 8 19 15 12
24 8 0 18 34
24 3 24 12 9
24 3 19 15 17
24 3 0 18 39
10 17 24 12 19
10 17 19 15 11
10 17 0 18 11
24 8 4 19 31
24 8 15 17 18
24 8 8 23 31
24 3 4 19 36
24 3 15 17 23
24 3 8 23 36
10 17 4 19 8
10 17 15 17 5
10 17 8 23 8
24 8 7 3 22
24 8 20 13 9
24 8 12 18 22
24 3 7 3 17
24 3 20 13 14
24 3 12 18 27
10 17 7 3 17
10 17 20 13 14
10 17 12 18 3
24 8 19 21 18
24 8 18 9 7
24 3 19 21 23
24 3 18 9 12
10 17 19 21 13
10 17 18 9 16
19 9 0 17 27
15 19 0 17 17
2 11 0 17 8
19 9 24 1 13
19 9 5 1 22
19 9 0 4 24
15 19 24 1 27
15 19 5 1 28
15 19 0 4 30
2 11 24 1 32
2 11 5 1 13
2 11 0 4 9
19 9 18 21 13
19 9 9 20 21
19 9 6 1 21
15 19 18 21 5
15 19 9 20 7
15 19 6 1 27
2 11 18 21 26
2 11 9 20 16
2 11 6 1 14
19 9 5 12 17
19 9 13 2 13
19 9 23 21 16
15 19 5 12 17
15 19 13 2 19
15 19 23 21 10
2 11 5 12 4
2 11 13 2 20
2 11 23 21 31
19 9 21 2 9
19 9 1 14 23
19 9 13 15 12
15 19 21 2 23
15 19 1 14 19
15 19 13 15 6
2 11 21 2 28
2 11 1 14 4
2 11 13 15 15
19 9 14 24 20
19 9 24 19 15
19 9 0 15 25
15 19 14 24 6
15 19 24 19 9
15 19 0 15 19
2 11 14 24 25
2 11 24 19 30
2 11 0 15 6
19 9 6 11 15
19 9 24 23 19
19 9 7 6 15
15 19 6 11 17
15 19 24 23 13
15 19 7 6 21
2 11 6 11 4
2 11 24 23 34
2 11 7 6 10
19 9 16 13 7
19 9 4 5 19
19 9 9 4 15
15 19 16 13 7
15 19 4 5 25
15 19 9 4 21
2 11 16 13 16
2 11 4 5 8
2 11 9 4 14
19 9 1 3 24
19 9 20 17 9
19 9 21 15 8
15 19 1 3 30
15 19 20 17 7
15 19 21 15 10
2 11 1 3 9
2 11 20 17 24
2 11 21 15 23
19 9 24 8 6
19 9 24 3 11
19 9 10 17 17
15 19 24 8 20
15 19 24 3 25
15 19 10 17 7
2 11 24 8 25
2 11 24 3 30
2 11 10 17 14
19 9 8 10 12
19 9 17 3 8
19 9 22 11 5
15 19 8 10 16
15 19 17 3 18
15 19 22 11 15
2 11 8 10 7
2 11 17 3 23
2 11 22 11 20
19 9 14 9 5
19 9 0 24 34
19 9 12 1 15
15 19 14 9 11
15 19 0 24 20
15 19 12 1 21
2 11 14 9 14
2 11 0 24 15
2 11 12 1 20
19 9 21 19 12
19 9 8 19 21
19 9 6 16 20
15 19 21 19 6
15 19 8 19 7
15 19 6 16 12
2 11 21 19 27
2 11 8 19 14
2 11 6 16 9
19 9 2 15 23
19 9 22 9 3
19 9 9 18 19
15 19 2 15 17
15 19 22 9 17
15 19 9 18 7
2 11 2 15 4
2 11 22 9 22
2 11 9 18 14
19 9 22 10 4
19 9 7 19 22
19 9 4 22 28
15 19 22 10 16
15 19 7 19 8
15 19 4 22 14
2 11 22 10 21
2 11 7 19 13
2 11 4 22 13
19 9 19 7 2
19 9 22 1 11
19 9 13 13 10
15 19 19 7 16
15 19 22 1 25
15 19 13 13 8
2 11 19 7 21
2 11 22 1 30
2 11 13 13 13
19 9 8 17 19
19 9 0 5 23
19 9 21 1 10
15 19 8 17 9
15 19 0 5 29
15 19 21 1 24
2 11 8 17 12
2 11 0 5 8
2 11 21 1 29
19 9 24 12 8
19 9 19 15 6
19 9 0 18 28
15 19 24 12 16
15 19 19 15 8
15 19 0 18 16
2 11 24 12 23
2 11 19 15 21
2 11 0 18 9
19 9 4 19 25
19 9 15 17 12
19 9 8 23 25
15 19 4 19 11
15 19 15 17 2
15 19 8 23 11
2 11 4 19 10
2 11 15 17 19
2 11 8 23 18
19 9 7 3 18
19 9 20 13 5
19 9 12 18 16
15 19 7 3 24
15 19 20 13 11
15 19 12 18 4
2 11 7 3 13
2 11 20 13 20
2 11 12 18 17
19 9 19 21 12
19 9 18 9 1
15 19 19 21 6
15 19 18 9 13
2 11 19 21 27
2 11 18 9 18
8 10 0 17 15
17 3 0 17 31
22 11 0 17 28
8 10 24 1 25
8 10 5 1 12
8 10 0 4 14
17 3 24 1 9
17 3 5 1 14
17 3 0 4 18
22 11 24 1 12
22 11 5 1 27
22 11 0 4 29
8 10 18 21 21
8 10 9 20 11
8 10 6 1 11
17 3 18 21 19
17 3 9 20 25
17 3 6 1 13
22 11 18 21 14
22 11 9 20 22
22 11 6 1 26
8 10 5 12 5
8 10 13 2 13
8 10 23 21 26
17 3 5 12 21
17 3 13 2 5
17 3 23 21 24
22 11 5 12 18
22 11 13 2 18
22 11 23 21 11
8 10 21 2 21
8 10 1 14 11
8 10 13 15 10
17 3 21 2 5
17 3 1 14 27
17 3 13 15 16
22 11 21 2 10
22 11 1 14 24
22 11 13 15 13
8 10 14 24 20
8 10 24 19 25
8 10 0 15 13
17 3 14 24 24
17 3 24 19 23
17 3 0 15 29
22 11 14 24 21
22 11 24 19 10
22 11 0 15 26
8 10 6 11 3
8 10 24 23 29
8 10 7 6 5
17 3 6 11 19
17 3 24 23 27
17 3 7 6 13
22 11 6 11 16
22 11 24 23 14
22 11 7 6 20
8 10 16 13 11
8 10 4 5 9
8 10 9 4 7
17 3 16 13 11
17 3 4 5 15
17 3 9 4 9
22 11 16 13 8
22 11 4 5 24
22 11 9 4 20
8 10 1 3 14
8 10 20 17 19
8 10 21 15 18
17 3 1 3 16
17 3 20 17 17
17 3 21 15 16
22 11 1 3 29
22 11 20 17 8
22 11 21 15 5
8 10 24 8 18
8 10 24 3 23
8 10 10 17 9
17 3 24 8 12
17 3 24 3 7
17 3 10 17 21
22 11 24 8 5
22 11 24 3 10
22 11 10 17 18
8 10 19 9 12
8 10 15 19 16
8 10 2 11 7
17 3 19 9 8
17 3 15 19 18
17 3 2 11 23
22 11 19 9 5
22 11 15 19 15
22 11 2 11 20
8 10 14 9 7
8 10 0 24 22
8 10 12 1 13
17 3 14 9 9
17 3 0 24 38
17 3 12 1 7
22 11 14 9 10
22 11 0 24 35
22 11 12 1 20
8 10 21 19 22
8 10 8 19 9
8 10 6 16 8
17 3 21 19 20
17 3 8 19 25
17 3 6 16 24
22 11 21 19 9
22 11 8 19 22
22 11 6 16 21
8 10 2 15 11
8 10 22 9 15
8 10 9 18 9
17 3 2 15 27
17 3 22 9 11
17 3 9 18 23
22 11 2 15 24
22 11 22 9 2
22 11 9 18 20
8 10 22 10 14
8 10 7 19 10
8 10 4 22 16
17 3 22 10 12
17 3 7 19 26
17 3 4 22 32
22 11 22 10 1
22 11 7 19 23
22 11 4 22 29
8 10 19 7 14
8 10 22 1 23
8 10 13 13 8
17 3 19 7 6
17 3 22 1 7
17 3 13 13 14
22 11 19 7 7
22 11 22 1 10
22 11 13 13 11
8 10 8 17 7
8 10 0 5 13
8 10 21 1 22
17 3 8 17 23
17 3 0 5 19
17 3 21 1 6
22 11 8 17 20
22 11 0 5 28
22 11 21 1 11
8 10 24 12 18
8 10 19 15 16
8 10 0 18 16
17 3 24 12 16
17 3 19 15 14
17 3 0 18 32
22 11 24 12 3
22 11 19 15 7
22 11 0 18 29
8 10 4 19 13
8 10 15 17 14
8 10 8 23 13
17 3 4 19 29
17 3 15 17 16
17 3 8 23 29
22 11 4 19 26
22 11 15 17 13
22 11 8 23 26
8 10 7 3 8
8 10 20 13 15
8 10 12 18 12
17 3 7 3 10
17 3 20 13 13
17 3 12 18 20
22 11 7 3 23
22 11 20 13 4
22 11 12 18 17
8 10 19 21 22
8 10 18 9 11
17 3 19 21 20
17 3 18 9 7
22 11 19 21 13
22 11 18 9 6
14 9 0 17 22
0 24 0 17 7
12 1 0 17 28
14 9 24 1 18
14 9 5 1 17
14 9 0 4 19
0 24 24 1 47
0 24 5 1 28
0 24 0 4 20
12 1 24 1 12
12 1 5 1 7
12 1 0 4 15
14 9 18 21 16
14 9 9 20 16
14 9 6 1 16
0 24 18 21 21
0 24 9 20 13
0 24 6 1 29
12 1 18 21 26
12 1 9 20 22
12 1 6 1 6
14 9 5 12 12
14 9 13 2 8
14 9 23 21 21
0 24 5 12 17
0 24 13 2 35
0 24 23 21 26
12 1 5 12 18
12 1 13 2 2
12 1 23 21 31
14 9 21 2 14
14 9 1 14 18
14 9 13 15 7
0 24 21 2 43
0 24 1 14 11
0 24 13 15 22
12 1 21 2 10
12 1 1 14 24
12 1 13 15 15
14 9 14 24 15
14 9 24 19 20
14 9 0 15 20
0 24 14 24 14
0 24 24 19 29
0 24 0 15 9
12 1 14 24 25
12 1 24 19 30
12 1 0 15 26
14 9 6 11 10
14 9 24 23 24
14 9 7 6 10
0 24 6 11 19
0 24 24 23 25
0 24 7 6 25
12 1 6 11 16
12 1 24 23 34
12 1 7 6 10
14 9 16 13 6
14 9 4 5 14
14 9 9 4 10
0 24 16 13 27
0 24 4 5 23
0 24 9 4 29
12 1 16 13 16
12 1 4 5 12
12 1 9 4 6
14 9 1 3 19
14 9 20 17 14
14 9 21 15 13
0 24 1 3 22
0 24 20 17 27
0 24 21 15 30
12 1 1 3 13
12 1 20 17 24
12 1 21 15 23
14 9 24 8 11
14 9 24 3 16
14 9 10 17 12
0 24 24 8 40
0 24 24 3 45
0 24 10 17 17
12 1 24 8 19
12 1 24 3 14
12 1 10 17 18
14 9 19 9 5
14 9 15 19 11
14 9 2 11 14
0 24 19 9 34
0 24 15 19 20
0 24 2 11 15
12 1 19 9 15
12 1 15 19 21
12 1 2 11 20
14 9 8 10 7
14 9 17 3 9
14 9 22 11 10
0 24 8 10 22
0 24 17 3 38
0 24 22 11 35
12 1 8 10 13
12 1 17 3 7
12 1 22 11 20
14 9 21 19 17
14 9 8 19 16
14 9 6 16 15
0 24 21 19 26
0 24 8 19 13
0 24 6 16 14
12 1 21 19 27
12 1 8 19 22
12 1 6 16 21
14 9 2 15 18
14 9 22 9 8
14 9 9 18 14
0 24 2 15 11
0 24 22 9 37
0 24 9 18 15
12 1 2 15 24
12 1 22 9 18
12 1 9 18 20
14 9 22 10 9
14 9 7 19 17
14 9 4 22 23
0 24 22 10 36
0 24 7 19 12
0 24 4 22 6
12 1 22 10 19
12 1 7 19 23
12 1 4 22 29
14 9 19 7 7
14 9 22 1 16
14 9 13 13 5
0 24 19 7 36
0 24 22 1 45
0 24 13 13 24
12 1 19 7 13
12 1 22 1 10
12 1 13 13 13
14 9 8 17 14
14 9 0 5 18
14 9 21 1 15
0 24 8 17 15
0 24 0 5 19
0 24 21 1 44
12 1 8 17 20
12 1 0 5 16
12 1 21 1 9
14 9 24 12 13
14 9 19 15 11
14 9 0 18 23
0 24 24 12 36
0 24 19 15 28
0 24 0 18 6
12 1 24 12 23
12 1 19 15 21
12 1 0 18 29
14 9 4 19 20
14 9 15 17 9
14 9 8 23 20
0 24 4 19 9
0 24 15 17 22
0 24 8 23 9
12 1 4 19 26
12 1 15 17 19
12 1 8 23 26
14 9 7 3 13
14 9 20 13 10
14 9 12 18 11
0 24 7 3 28
0 24 20 13 31
0 24 12 18 18
12 1 7 3 7
12 1 20 13 20
12 1 12 18 17
14 9 19 21 17
14 9 18 9 4
0 24 19 21 22
0 24 18 9 33
12 1 19 21 27
12 1 18 9 14
21 19 0 17 23
8 19 0 17 10
6 16 0 17 7
21 19 24 1 21
21 19 5 1 34
21 19 0 4 36
8 19 24 1 34
8 19 5 1 21
8 19 0 4 23
6 16 24 1 33
6 16 5 1 16
6 16 0 4 18
21 19 18 21 5
21 19 9 20 13
21 19 6 1 33
8 19 18 21 12
8 19 9 20 2
8 19 6 1 20
6 16 18 21 17
6 16 9 20 7
6 16 6 1 15
21 19 5 12 23
21 19 13 2 25
21 19 23 21 4
8 19 5 12 10
8 19 13 2 22
8 19 23 21 17
6 16 5 12 5
6 16 13 2 21
6 16 23 21 22
21 19 21 2 17
21 19 1 14 25
21 19 13 15 12
8 19 21 2 30
8 19 1 14 12
8 19 13 15 9
6 16 21 2 29
6 16 1 14 7
6 16 13 15 8
21 19 14 24 12
21 19 24 19 3
21 19 0 15 25
8 19 14 24 11
8 19 24 19 16
8 19 0 15 12
6 16 14 24 16
6 16 24 19 21
6 16 0 15 7
21 19 6 11 23
21 19 24 23 7
21 19 7 6 27
8 19 6 11 10
8 19 24 23 20
8 19 7 6 14
6 16 6 11 5
6 16 24 23 25
6 16 7 6 11
21 19 16 13 11
21 19 4 5 31
21 19 9 4 27
8 19 16 13 14
8 19 4 5 18
8 19 9 4 16
6 16 16 13 13
6 16 4 5 13
6 16 9 4 15
21 19 1 3 36
21 19 20 17 3
21 19 21 15 4
8 19 1 3 23
8 19 20 17 14
8 19 21 15 17
6 16 1 3 18
6 16 20 17 15
6 16 21 15 16
21 19 24 8 14
21 19 24 3 19
21 19 10 17 13
8 19 24 8 27
8 19 24 3 32
8 19 10 17 4
6 16 24 8 26
6 16 24 3 31
6 16 10 17 5
21 19 19 9 12
21 19 15 19 6
21 19 2 11 27
8 19 19 9 21
8 19 15 19 7
8 19 2 11 14
6 16 19 9 20
6 16 15 19 12
6 16 2 11 9
21 19 8 10 22
21 19 17 3 20
21 19 22 11 9
8 19 8 10 9
8 19 17 3 25
8 19 22 11 22
6 16 8 10 8
6 16 17 3 24
6 16 22 11 21
21 19 14 9 17
21 19 0 24 26
21 19 12 1 27
8 19 14 9 16
8 19 0 24 13
8 19 12 1 22
6 16 14 9 15
6 16 0 24 14
6 16 12 1 21
21 19 2 15 23
21 19 22 9 11
21 19 9 18 13
8 19 2 15 10
8 19 22 9 24
8 19 9 18 2
6 16 2 15 5
6 16 22 9 23
6 16 9 18 5
21 19 22 10 10
21 19 7 19 14
21 19 4 22 20
8 19 22 10 23
8 19 7 19 1
8 19 4 22 7
6 16 22 10 22
6 16 7 19 4
6 16 4 22 8
21 19 19 7 14
21 19 22 1 19
21 19 13 13 14
8 19 19 7 23
8 19 22 1 32
8 19 13 13 11
6 16 19 7 22
6 16 22 1 31
6 16 13 13 10
21 19 8 17 15
21 19 0 5 35
21 19 21 1 18
8 19 8 17 2
8 19 0 5 22
8 19 21 1 31
6 16 8 17 3
6 16 0 5 17
6 16 21 1 30
21 19 24 12 10
21 19 19 15 6
21 19 0 18 22
8 19 24 12 23
8 19 19 15 15
8 19 0 18 9
6 16 24 12 22
6 16 19 15 14
6 16 0 18 8
21 19 4 19 17
21 19 15 17 8
21 19 8 23 17
8 19 4 19 4
8 19 15 17 9
8 19 8 23 4
6 16 4 19 5
6 16 15 17 10
6 16 8 23 9
21 19 7 3 30
21 19 20 13 7
21 19 12 18 10
8 19 7 3 17
8 19 20 13 18
8 19 12 18 5
6 16 7 3 14
6 16 20 13 17
6 16 12 18 8
21 19 19 21 4
21 19 18 9 13
8 19 19 21 13
8 19 18 9 20
6 16 19 21 18
6 16 18 9 19
2 15 0 17 4
22 9 0 17 30
9 18 0 17 10
2 15 24 1 36
2 15 5 1 17
2 15 0 4 13
22 9 24 1 10
22 9 5 1 25
22 9 0 4 27
9 18 24 1 32
9 18 5 1 21
9 18 0 4 23
2 15 18 21 22
2 15 9 20 12
2 15 6 1 18
22 9 18 21 16
22 9 9 20 24
22 9 6 1 24
9 18 18 21 12
9 18 9 20 2
9 18 6 1 20
2 15 5 12 6
2 15 13 2 24
2 15 23 21 27
22 9 5 12 20
22 9 13 2 16
22 9 23 21 13
9 18 5 12 10
9 18 13 2 20
9 18 23 21 17
2 15 21 2 32
2 15 1 14 2
2 15 13 15 11
22 9 21 2 8
22 9 1 14 26
22 9 13 15 15
9 18 21 2 28
9 18 1 14 12
9 18 13 15 7
2 15 14 24 21
2 15 24 19 26
2 15 0 15 2
22 9 14 24 23
22 9 24 19 12
22 9 0 15 28
9 18 14 24 11
9 18 24 19 16
9 18 0 15 12
2 15 6 11 8
2 15 24 23 30
2 15 7 6 14
22 9 6 11 18
22 9 24 23 16
22 9 7 6 18
9 18 6 11 10
9 18 24 23 20
9 18 7 6 14
2 15 16 13 16
2 15 4 5 12
2 15 9 4 18
22 9 16 13 10
22 9 4 5 22
22 9 9 4 18
9 18 16 13 12
9 18 4 5 18
9 18 9 4 14
2 15 1 3 13
2 15 20 17 20
2 15 21 15 19
22 9 1 3 27
22 9 20 17 10
22 9 21 15 7
9 18 1 3 23
9 18 20 17 12
9 18 21 15 15
2 15 24 8 29
2 15 24 3 34
2 15 10 17 10
22 9 24 8 3
22 9 24 3 8
22 9 10 17 20
9 18 24 8 25
9 18 24 3 30
9 18 10 17 2
2 15 19 9 23
2 15 15 19 17
2 15 2 11 4
22 9 19 9 3
22 9 15 19 17
22 9 2 11 22
9 18 19 9 19
9 18 15 19 7
9 18 2 11 14
2 15 8 10 11
2 15 17 3 27
2 15 22 11 24
22 9 8 10 15
22 9 17 3 11
22 9 22 11 2
9 18 8 10 9
9 18 17 3 23
9 18 22 11 20
2 15 14 9 18
2 15 0 24 11
2 15 12 1 24
22 9 14 9 8
22 9 0 24 37
22 9 12 1 18
9 18 14 9 14
9 18 0 24 15
9 18 12 1 20
2 15 21 19 23
2 15 8 19 10
2 15 6 16 5
22 9 21 19 11
22 9 8 19 24
22 9 6 16 23
9 18 21 19 13
9 18 8 19 2
9 18 6 16 5
2 15 22 10 25
2 15 7 19 9
2 15 4 22 9
22 9 22 10 1
22 9 7 19 25
22 9 4 22 31
9 18 22 10 21
9 18 7 19 3
9 18 4 22 9
2 15 19 7 25
2 15 22 1 34
2 15 13 13 13
22 9 19 7 5
22 9 22 1 8
22 9 13 13 13
9 18 19 7 21
9 18 22 1 30
9 18 13 13 9
2 15 8 17 8
2 15 0 5 12
2 15 21 1 33
22 9 8 17 22
22 9 0 5 26
22 9 21 1 9
9 18 8 17 2
9 18 0 5 22
9 18 21 1 29
2 15 24 12 25
2 15 19 15 17
2 15 0 18 5
22 9 24 12 5
22 9 19 15 9
22 9 0 18 31
9 18 24 12 21
9 18 19 15 13
9 18 0 18 9
2 15 4 19 6
2 15 15 17 15
2 15 8 23 14
22 9 4 19 28
22 9 15 17 15
22 9 8 23 28
9 18 4 19 6
9 18 15 17 7
9 18 8 23 6
2 15 7 3 17
2 15 20 13 20
2 15 12 18 13
22 9 7 3 21
22 9 20 13 6
22 9 12 18 19
9 18 7 3 17
9 18 20 13 16
9 18 12 18 3
2 15 19 21 23
2 15 18 9 22
22 9 19 21 15
22 9 18 9 4
9 18 19 21 13
9 18 18 9 18
22 10 0 17 29
7 19 0 17 9
4 22 0 17 9
22 10 24 1 11
22 10 5 1 26
22 10 0 4 28
7 19 24 1 35
7 19 5 1 20
7 19 0 4 22
4 22 24 1 41
4 22 5 1 22
4 22 0 4 22
22 10 18 21 15
22 10 9 20 23
22 10 6 1 25
7 19 18 21 13
7 19 9 20 3
7 19 6 1 19
4 22 18 21 15
4 22 9 20 7
4 22 6 1 23
22 10 5 12 19
22 10 13 2 17
22 10 23 21 12
7 19 5 12 9
7 19 13 2 23
7 19 23 21 18
4 22 5 12 11
4 22 13 2 29
4 22 23 21 20
22 10 21 2 9
22 10 1 14 25
22 10 13 15 14
7 19 21 2 31
7 19 1 14 11
7 19 13 15 10
4 22 21 2 37
4 22 1 14 11
4 22 13 15 16
22 10 14 24 22
22 10 24 19 11
22 10 0 15 27
7 19 14 24 12
7 19 24 19 17
7 19 0 15 11
4 22 14 24 12
4 22 24 19 23
4 22 0 15 11
22 10 6 11 17
22 10 24 23 15
22 10 7 6 19
7 19 6 11 9
7 19 24 23 21
7 19 7 6 13
4 22 6 11 13
4 22 24 23 21
4 22 7 6 19
22 10 16 13 9
22 10 4 5 23
22 10 9 4 19
7 19 16 13 15
7 19 4 5 17
7 19 9 4 17
4 22 16 13 21
4 22 4 5 17
4 22 9 4 23
22 10 1 3 28
22 10 20 17 9
22 10 21 15 6
7 19 1 3 22
7 19 20 17 15
7 19 21 15 18
4 22 1 3 22
4 22 20 17 21
4 22 21 15 24
22 10 24 8 4
22 10 24 3 9
22 10 10 17 19
7 19 24 8 28
7 19 24 3 33
7 19 10 17 5
4 22 24 8 34
4 22 24 3 39
4 22 10 17 11
22 10 19 9 4
22 10 15 19 16
22 10 2 11 21
7 19 19 9 22
7 19 15 19 8
7 19 2 11 13
4 22 19 9 28
4 22 15 19 14
4 22 2 11 13
22 10 8 10 14
22 10 17 3 12
22 10 22 11 1
7 19 8 10 10
7 19 17 3 26
7 19 22 11 23
4 22 8 10 16
4 22 17 3 32
4 22 22 11 29
22 10 14 9 9
22 10 0 24 36
22 10 12 1 19
7 19 14 9 17
7 19 0 24 12
7 19 12 1 23
4 22 14 9 23
4 22 0 24 6
4 22 12 1 29
22 10 21 19 10
22 10 8 19 23
22 10 6 16 22
7 19 21 19 14
7 19 8 19 1
7 19 6 16 4
4 22 21 19 20
4 22 8 19 7
4 22 6 16 8
22 10 2 15 25
22 10 22 9 1
22 10 9 18 21
7 19 2 15 9
7 19 22 9 25
7 19 9 18 3
4 22 2 15 9
4 22 22 9 31
4 22 9 18 9
22 10 19 7 6
22 10 22 1 9
22 10 13 13 12
7 19 19 7 24
7 19 22 1 33
7 19 13 13 12
4 22 19 7 30
4 22 22 1 39
4 22 13 13 18
22 10 8 17 21
22 10 0 5 27
22 10 21 1 10
7 19 8 17 3
7 19 0 5 21
7 19 21 1 32
4 22 8 17 9
4 22 0 5 21
4 22 21 1 38
22 10 24 12 4
22 10 19 15 8
22 10 0 18 30
7 19 24 12 24
7 19 19 15 16
7 19 0 18 8
4 22 24 12 30
4 22 19 15 22
4 22 0 18 8
22 10 4 19 27
22 10 15 17 14
22 10 8 23 27
7 19 4 19 3
7 19 15 17 10
7 19 8 23 5
4 22 4 19 3
4 22 15 17 16
4 22 8 23 5
22 10 7 3 22
22 10 20 13 5
22 10 12 18 18
7 19 7 3 16
7 19 20 13 19
7 19 12 18 6
4 22 7 3 22
4 22 20 13 25
4 22 12 18 12
22 10 19 21 14
22 10 18 9 5
7 19 19 21 14
7 19 18 9 21
4 22 19 21 16
4 22 18 9 27
19 7 0 17 29
22 1 0 17 38
13 13 0 17 17
19 7 24 1 11
19 7 5 1 20
19 7 0 4 22
22 1 24 1 2
22 1 5 1 17
22 1 0 4 25
13 13 24 1 23
13 13 5 1 20
13 13 0 4 22
19 7 18 21 15
19 7 9 20 23
19 7 6 1 19
22 1 18 21 24
22 1 9 20 32
22 1 6 1 16
13 13 18 21 13
13 13 9 20 11
13 13 6 1 19
19 7 5 12 19
19 7 13 2 11
19 7 23 21 18
22 1 5 12 28
22 1 13 2 10
22 1 23 21 21
13 13 5 12 9
13 13 13 2 11
13 13 23 21 18
19 7 21 2 7
19 7 1 14 25
19 7 13 15 14
22 1 21 2 2
22 1 1 14 34
22 1 13 15 23
13 13 21 2 19
13 13 1 14 13
13 13 13 15 2
19 7 14 24 22
19 7 24 19 17
19 7 0 15 27
22 1 14 24 31
22 1 24 19 20
22 1 0 15 36
13 13 14 24 12
13 13 24 19 17
13 13 0 15 15
19 7 6 11 17
19 7 24 23 21
19 7 7 6 13
22 1 6 11 26
22 1 24 23 24
22 1 7 6 20
13 13 6 11 9
13 13 24 23 21
13 13 7 6 13
19 7 16 13 9
19 7 4 5 17
19 7 9 4 13
22 1 16 13 18
22 1 4 5 22
22 1 9 4 16
13 13 16 13 3
13 13 4 5 17
13 13 9 4 13
19 7 1 3 22
19 7 20 17 11
19 7 21 15 10
22 1 1 3 23
22 1 20 17 18
22 1 21 15 15
13 13 1 3 22
13 13 20 17 11
13 13 21 15 10
19 7 24 8 6
19 7 24 3 9
19 7 10 17 19
22 1 24 8 9
22 1 24 3 4
22 1 10 17 28
13 13 24 8 16
13 13 24 3 21
13 13 10 17 7
19 7 19 9 2
19 7 15 19 16
19 7 2 11 21
22 1 19 9 11
22 1 15 19 25
22 1 2 11 30
13 13 19 9 10
13 13 15 19 8
13 13 2 11 13
19 7 8 10 14
19 7 17 3 6
19 7 22 11 7
22 1 8 10 23
22 1 17 3 7
22 1 22 11 10
13 13 8 10 8
13 13 17 3 14
13 13 22 11 11
19 7 14 9 7
19 7 0 24 36
19 7 12 1 13
22 1 14 9 16
22 1 0 24 45
22 1 12 1 10
13 13 14 9 5
13 13 0 24 24
13 13 12 1 13
19 7 21 19 14
19 7 8 19 23
19 7 6 16 22
22 1 21 19 19
22 1 8 19 32
22 1 6 16 31
13 13 21 19 14
13 13 8 19 11
13 13 6 16 10
19 7 2 15 25
19 7 22 9 5
19 7 9 18 21
22 1 2 15 34
22 1 22 9 8
22 1 9 18 30
13 13 2 15 13
13 13 22 9 13
13 13 9 18 9
19 7 22 10 6
19 7 7 19 24
19 7 4 22 30
22 1 22 10 9
22 1 7 19 33
22 1 4 22 39
13 13 22 10 12
13 13 7 19 12
13 13 4 22 18
19 7 8 17 21
19 7 0 5 21
19 7 21 1 8
22 1 8 17 30
22 1 0 5 26
22 1 21 1 1
13 13 8 17 9
13 13 0 5 21
13 13 21 1 20
19 7 24 12 10
19 7 19 15 8
19 7 0 18 30
22 1 24 12 13
22 1 19 15 17
22 1 0 18 39
13 13 24 12 12
13 13 19 15 8
13 13 0 18 18
19 7 4 19 27
19 7 15 17 14
19 7 8 23 27
22 1 4 19 36
22 1 15 17 23
22 1 8 23 36
13 13 4 19 15
13 13 15 17 6
13 13 8 23 15
19 7 7 3 16
19 7 20 13 7
19 7 12 18 18
22 1 7 3 17
22 1 20 13 14
22 1 12 18 27
13 13 7 3 16
13 13 20 13 7
13 13 12 18 6
19 7 19 21 14
19 7 18 9 3
22 1 19 21 23
22 1 18 9 12
13 13 19 21 14
13 13 18 9 9
8 17 0 17 8
0 5 0 17 12
21 1 0 17 37
8 17 24 1 32
8 17 5 1 19
8 17 0 4 21
0 5 24 1 28
0 5 5 1 9
0 5 0 4 1
21 1 24 1 3
21 1 5 1 16
21 1 0 4 24
8 17 18 21 14
8 17 9 20 4
8 17 6 1 18
0 5 18 21 34
0 5 9 20 24
0 5 6 1 10
21 1 18 21 23
21 1 9 20 31
21 1 6 1 15
8 17 5 12 8
8 17 13 2 20
8 17 23 21 19
0 5 5 12 12
0 5 13 2 16
0 5 23 21 39
21 1 5 12 27
21 1 13 2 9
21 1 23 21 22
8 17 21 2 28
8 17 1 14 10
8 17 13 15 7
0 5 21 2 24
0 5 1 14 10
0 5 13 15 23
21 1 21 2 1
21 1 1 14 33
21 1 13 15 22
8 17 14 24 13
8 17 24 19 18
8 17 0 15 10
0 5 14 24 33
0 5 24 19 38
0 5 0 15 10
21 1 14 24 30
21 1 24 19 21
21 1 0 15 35
8 17 6 11 8
8 17 24 23 22
8 17 7 6 12
0 5 6 11 12
0 5 24 23 42
0 5 7 6 8
21 1 6 11 25
21 1 24 23 25
21 1 7 6 19
8 17 16 13 12
8 17 4 5 16
8 17 9 4 14
0 5 16 13 24
0 5 4 5 4
0 5 9 4 10
21 1 16 13 17
21 1 4 5 21
21 1 9 4 15
8 17 1 3 21
8 17 20 17 12
8 17 21 15 15
0 5 1 3 3
0 5 20 17 32
0 5 21 15 31
21 1 1 3 22
21 1 20 17 17
21 1 21 15 14
8 17 24 8 25
8 17 24 3 30
8 17 10 17 2
0 5 24 8 27
0 5 24 3 26
0 5 10 17 22
21 1 24 8 10
21 1 24 3 5
21 1 10 17 27
8 17 19 9 19
8 17 15 19 9
8 17 2 11 12
0 5 19 9 23
0 5 15 19 29
0 5 2 11 8
21 1 19 9 10
21 1 15 19 24
21 1 2 11 29
8 17 8 10 7
8 17 17 3 23
8 17 22 11 20
0 5 8 10 13
0 5 17 3 19
0 5 22 11 28
21 1 8 10 22
21 1 17 3 6
21 1 22 11 11
8 17 14 9 14
8 17 0 24 15
8 17 12 1 20
0 5 14 9 18
0 5 0 24 19
0 5 12 1 16
21 1 14 9 15
21 1 0 24 44
21 1 12 1 9
8 17 21 19 15
8 17 8 19 2
8 17 6 16 3
0 5 21 19 35
0 5 8 19 22
0 5 6 16 17
21 1 21 19 18
21 1 8 19 31
21 1 6 16 30
8 17 2 15 8
8 17 22 9 22
8 17 9 18 2
0 5 2 15 12
0 5 22 9 26
0 5 9 18 22
21 1 2 15 33
21 1 22 9 9
21 1 9 18 29
8 17 22 10 21
8 17 7 19 3
8 17 4 22 9
0 5 22 10 27
0 5 7 19 21
0 5 4 22 21
21 1 22 10 10
21 1 7 19 32
21 1 4 22 38
8 17 19 7 21
8 17 22 1 30
8 17 13 13 9
0 5 19 7 21
0 5 22 1 26
0 5 13 13 21
21 1 19 7 8
21 1 22 1 1
21 1 13 13 20
8 17 24 12 21
8 17 19 15 13
8 17 0 18 9
0 5 24 12 31
0 5 19 15 29
0 5 0 18 13
21 1 24 12 14
21 1 19 15 16
21 1 0 18 38
8 17 4 19 6
8 17 15 17 7
8 17 8 23 6
0 5 4 19 18
0 5 15 17 27
0 5 8 23 26
21 1 4 19 35
21 1 15 17 22
21 1 8 23 35
8 17 7 3 15
8 17 20 13 16
8 17 12 18 5
0 5 7 3 9
0 5 20 13 28
0 5 12 18 25
21 1 7 3 16
21 1 20 13 13
21 1 12 18 26
8 17 19 21 15
8 17 18 9 18
0 5 19 21 35
0 5 18 9 22
21 1 19 21 22
21 1 18 9 11
24 12 0 17 29
19 15 0 17 21
0 18 0 17 1
24 12 24 1 11
24 12 5 1 30
24 12 0 4 32
19 15 24 1 19
19 15 5 1 28
19 15 0 4 30
0 18 24 1 41
0 18 5 1 22
0 18 0 4 14
24 12 18 21 15
24 12 9 20 23
24 12 6 1 29
19 15 18 21 7
19 15 9 20 15
19 15 6 1 27
0 18 18 21 21
0 18 9 20 11
0 18 6 1 23
24 12 5 12 19
24 12 13 2 21
24 12 23 21 10
19 15 5 12 17
19 15 13 2 19
19 15 23 21 10
0 18 5 12 11
0 18 13 2 29
0 18 23 21 26
24 12 21 2 13
24 12 1 14 25
24 12 13 15 14
19 15 21 2 15
19 15 1 14 19
19 15 13 15 6
0 18 21 2 37
0 18 1 14 5
0 18 13 15 16
24 12 14 24 22
24 12 24 19 7
24 12 0 15 27
19 15 14 24 14
19 15 24 19 9
19 15 0 15 19
0 18 14 24 20
0 18 24 19 25
0 18 0 15 3
24 12 6 11 19
24 12 24 23 11
24 12 7 6 23
19 15 6 11 17
19 15 24 23 13
19 15 7 6 21
0 18 6 11 13
0 18 24 23 29
0 18 7 6 19
24 12 16 13 9
24 12 4 5 27
24 12 9 4 23
19 15 16 13 5
19 15 4 5 25
19 15 9 4 21
0 18 16 13 21
0 18 4 5 17
0 18 9 4 23
24 12 1 3 32
24 12 20 17 9
24 12 21 15 6
19 15 1 3 30
19 15 20 17 3
19 15 21 15 2
0 18 1 3 16
0 18 20 17 21
0 18 21 15 24
24 12 24 8 4
24 12 24 3 9
24 12 10 17 19
19 15 24 8 12
19 15 24 3 17
19 15 10 17 11
0 18 24 8 34
0 18 24 3 39
0 18 10 17 11
24 12 19 9 8
24 12 15 19 16
24 12 2 11 23
19 15 19 9 6
19 15 15 19 8
19 15 2 11 21
0 18 19 9 28
0 18 15 19 16
0 18 2 11 9
24 12 8 10 18
24 12 17 3 16
24 12 22 11 3
19 15 8 10 16
19 15 17 3 14
19 15 22 11 7
0 18 8 10 16
0 18 17 3 32
0 18 22 11 29
24 12 14 9 13
24 12 0 24 36
24 12 12 1 23
19 15 14 9 11
19 15 0 24 28
19 15 12 1 21
0 18 14 9 23
0 18 0 24 6
0 18 12 1 29
24 12 21 19 10
24 12 8 19 23
24 12 6 16 22
19 15 21 19 6
19 15 8 19 15
19 15 6 16 14
0 18 21 19 22
0 18 8 19 9
0 18 6 16 8
24 12 2 15 25
24 12 22 9 5
24 12 9 18 21
19 15 2 15 17
19 15 22 9 9
19 15 9 18 13
0 18 2 15 5
0 18 22 9 31
0 18 9 18 9
24 12 22 10 4
24 12 7 19 24
24 12 4 22 30
19 15 22 10 8
19 15 7 19 16
19 15 4 22 22
0 18 22 10 30
0 18 7 19 8
0 18 4 22 8
24 12 19 7 10
24 12 22 1 13
24 12 13 13 12
19 15 19 7 8
19 15 22 1 17
19 15 13 13 8
0 18 19 7 30
0 18 22 1 39
0 18 13 13 18
24 12 8 17 21
24 12 0 5 31
24 12 21 1 14
19 15 8 17 13
19 15 0 5 29
19 15 21 1 16
0 18 8 17 9
0 18 0 5 13
0 18 21 1 38
24 12 4 19 27
24 12 15 17 14
24 12 8 23 27
19 15 4 19 19
19 15 15 17 6
19 15 8 23 19
0 18 4 19 5
0 18 15 17 16
0 18 8 23 13
24 12 7 3 26
24 12 20 13 5
24 12 12 18 18
19 15 7 3 24
19 15 20 13 3
19 15 12 18 10
0 18 7 3 22
0 18 20 13 25
0 18 12 18 12
24 12 19 21 14
24 12 18 9 9
19 15 19 21 6
19 15 18 9 7
0 18 19 21 22
0 18 18 9 27
4 19 0 17 6
15 17 0 17 15
8 23 0 17 14
4 19 24 1 38
4 19 5 1 19
4 19 0 4 19
15 17 24 1 25
15 17 5 1 26
15 17 0 4 28
8 23 24 1 38
8 23 5 1 25
8 23 0 4 27
4 19 18 21 16
4 19 9 20 6
4 19 6 1 20
15 17 18 21 7
15 17 9 20 9
15 17 6 1 25
8 23 18 21 12
8 23 9 20 4
8 23 6 1 24
4 19 5 12 8
4 19 13 2 26
4 19 23 21 21
15 17 5 12 15
15 17 13 2 17
15 17 23 21 12
8 23 5 12 14
8 23 13 2 26
8 23 23 21 17
4 19 21 2 34
4 19 1 14 8
4 19 13 15 13
15 17 21 2 21
15 17 1 14 17
15 17 13 15 4
8 23 21 2 34
8 23 1 14 16
8 23 13 15 13
4 19 14 24 15
4 19 24 19 20
4 19 0 15 8
15 17 14 24 8
15 17 24 19 11
15 17 0 15 17
8 23 14 24 7
8 23 24 19 20
8 23 0 15 16
4 19 6 11 10
4 19 24 23 24
4 19 7 6 16
15 17 6 11 15
15 17 24 23 15
15 17 7 6 19
8 23 6 11 14
8 23 24 23 16
8 23 7 6 18
4 19 16 13 18
4 19 4 5 14
4 19 9 4 20
15 17 16 13 5
15 17 4 5 23
15 17 9 4 19
8 23 16 13 18
8 23 4 5 22
8 23 9 4 20
4 19 1 3 19
4 19 20 17 18
4 19 21 15 21
15 17 1 3 28
15 17 20 17 5
15 17 21 15 8
8 23 1 3 27
8 23 20 17 18
8 23 21 15 21
4 19 24 8 31
4 19 24 3 36
4 19 10 17 8
15 17 24 8 18
15 17 24 3 23
15 17 10 17 5
8 23 24 8 31
8 23 24 3 36
8 23 10 17 8
4 19 19 9 25
4 19 15 19 11
4 19 2 11 10
15 17 19 9 12
15 17 15 19 2
15 17 2 11 19
8 23 19 9 25
8 23 15 19 11
8 23 2 11 18
4 19 8 10 13
4 19 17 3 29
4 19 22 11 26
15 17 8 10 14
15 17 17 3 16
15 17 22 11 13
8 23 8 10 13
8 23 17 3 29
8 23 22 11 26
4 19 14 9 20
4 19 0 24 9
4 19 12 1 26
15 17 14 9 9
15 17 0 24 22
15 17 12 1 19
8 23 14 9 20
8 23 0 24 9
8 23 12 1 26
4 19 21 19 17
4 19 8 19 4
4 19 6 16 5
15 17 21 19 8
15 17 8 19 9
15 17 6 16 10
8 23 21 19 17
8 23 8 19 4
8 23 6 16 9
4 19 2 15 6
4 19 22 9 28
4 19 9 18 6
15 17 2 15 15
15 17 22 9 15
15 17 9 18 7
8 23 2 15 14
8 23 22 9 28
8 23 9 18 6
4 19 22 10 27
4 19 7 19 3
4 19 4 22 3
15 17 22 10 14
15 17 7 19 10
15 17 4 22 16
8 23 22 10 27
8 23 7 19 5
8 23 4 22 5
4 19 19 7 27
4 19 22 1 36
4 19 13 13 15
15 17 19 7 14
15 17 22 1 23
15 17 13 13 6
8 23 19 7 27
8 23 22 1 36
8 23 13 13 15
4 19 8 17 6
4 19 0 5 18
4 19 21 1 35
15 17 8 17 7
15 17 0 5 27
15 17 21 1 22
8 23 8 17 6
8 23 0 5 26
8 23 21 1 35
4 19 24 12 27
4 19 19 15 19
4 19 0 18 5
15 17 24 12 14
15 17 19 15 6
15 17 0 18 16
8 23 24 12 27
8 23 19 15 19
8 23 0 18 13
4 19 7 3 19
4 19 20 13 22
4 19 12 18 9
15 17 7 3 22
15 17 20 13 9
15 17 12 18 4
8 23 7 3 21
8 23 20 13 22
8 23 12 18 9
4 19 19 21 17
4 19 18 9 24
15 17 19 21 8
15 17 18 9 11
8 23 19 21 13
8 23 18 9 24
7 3 0 17 21
20 13 0 17 24
12 18 0 17 13
7 3 24 1 19
7 3 5 1 4
7 3 0 4 8
20 13 24 1 16
20 13 5 1 27
20 13 0 4 29
12 18 24 1 29
12 18 5 1 24
12 18 0 4 26
7 3 18 21 29
7 3 9 20 19
7 3 6 1 3
20 13 18 21 10
20 13 9 20 18
20 13 6 1 26
12 18 18 21 9
12 18 9 20 5
12 18 6 1 23
7 3 5 12 11
7 3 13 2 7
7 3 23 21 34
20 13 5 12 16
20 13 13 2 18
20 13 23 21 11
12 18 5 12 13
12 18 13 2 17
12 18 23 21 14
7 3 21 2 15
7 3 1 14 17
7 3 13 15 18
20 13 21 2 12
20 13 1 14 20
20 13 13 15 9
12 18 21 2 25
12 18 1 14 15
12 18 13 15 4
7 3 14 24 28
7 3 24 19 33
7 3 0 15 19
20 13 14 24 17
20 13 24 19 10
20 13 0 15 22
12 18 14 24 8
12 18 24 19 13
12 18 0 15 15
7 3 6 11 9
7 3 24 23 37
7 3 7 6 3
20 13 6 11 16
20 13 24 23 14
20 13 7 6 20
12 18 6 11 13
12 18 24 23 17
12 18 7 6 17
7 3 16 13 19
7 3 4 5 5
7 3 9 4 3
20 13 16 13 4
20 13 4 5 24
20 13 9 4 20
12 18 16 13 9
12 18 4 5 21
12 18 9 4 17
7 3 1 3 6
7 3 20 17 27
7 3 21 15 26
20 13 1 3 29
20 13 20 17 4
20 13 21 15 3
12 18 1 3 26
12 18 20 17 9
12 18 21 15 12
7 3 24 8 22
7 3 24 3 17
7 3 10 17 17
20 13 24 8 9
20 13 24 3 14
20 13 10 17 14
12 18 24 8 22
12 18 24 3 27
12 18 10 17 3
7 3 19 9 18
7 3 15 19 24
7 3 2 11 13
20 13 19 9 5
20 13 15 19 11
20 13 2 11 20
12 18 19 9 16
12 18 15 19 4
12 18 2 11 17
7 3 8 10 8
7 3 17 3 10
7 3 22 11 23
20 13 8 10 15
20 13 17 3 13
20 13 22 11 4
12 18 8 10 12
12 18 17 3 20
12 18 22 11 17
7 3 14 9 13
7 3 0 24 28
7 3 12 1 7
20 13 14 9 10
20 13 0 24 31
20 13 12 1 20
12 18 14 9 11
12 18 0 24 18
12 18 12 1 17
7 3 21 19 30
7 3 8 19 17
7 3 6 16 14
20 13 21 19 7
20 13 8 19 18
20 13 6 16 17
12 18 21 19 10
12 18 8 19 5
12 18 6 16 8
7 3 2 15 17
7 3 22 9 21
7 3 9 18 17
20 13 2 15 20
20 13 22 9 6
20 13 9 18 16
12 18 2 15 13
12 18 22 9 19
12 18 9 18 3
7 3 22 10 22
7 3 7 19 16
7 3 4 22 22
20 13 22 10 5
20 13 7 19 19
20 13 4 22 25
12 18 22 10 18
12 18 7 19 6
12 18 4 22 12
7 3 19 7 16
7 3 22 1 17
7 3 13 13 16
20 13 19 7 7
20 13 22 1 14
20 13 13 13 7
12 18 19 7 18
12 18 22 1 27
12 18 13 13 6
7 3 8 17 15
7 3 0 5 9
7 3 21 1 16
20 13 8 17 16
20 13 0 5 28
20 13 21 1 13
12 18 8 17 5
12 18 0 5 25
12 18 21 1 26
7 3 24 12 26
7 3 19 15 24
7 3 0 18 22
20 13 24 12 5
20 13 19 15 3
20 13 0 18 25
12 18 24 12 18
12 18 19 15 10
12 18 0 18 12
7 3 4 19 19
7 3 15 17 22
7 3 8 23 21
20 13 4 19 22
20 13 15 17 9
20 13 8 23 22
12 18 4 19 9
12 18 15 17 4
12 18 8 23 9
7 3 19 21 30
7 3 18 9 17
20 13 19 21 9
20 13 18 9 6
12 18 19 21 10
12 18 18 9 15
19 21 0 17 23
18 9 0 17 26
19 21 24 1 25
19 21 5 1 34
19 21 0 4 36
18 9 24 1 14
18 9 5 1 21
18 9 0 4 23
19 21 18 21 1
19 21 9 20 11
19 21 6 1 33
18 9 18 21 12
18 9 9 20 20
18 9 6 1 20
19 21 5 12 23
19 21 13 2 25
19 21 23 21 4
18 9 5 12 16
18 9 13 2 12
18 9 23 21 17
19 21 21 2 21
19 21 1 14 25
19 21 13 15 12
18 9 21 2 10
18 9 1 14 22
18 9 13 15 11
19 21 14 24 8
19 21 24 19 7
19 21 0 15 25
18 9 14 24 19
18 9 24 19 16
18 9 0 15 24
19 21 6 11 23
19 21 24 23 7
19 21 7 6 27
18 9 6 11 14
18 9 24 23 20
18 9 7 6 14
19 21 16 13 11
19 21 4 5 31
19 21 9 4 27
18 9 16 13 6
18 9 4 5 18
18 9 9 4 14
19 21 1 3 36
19 21 20 17 5
19 21 21 15 8
18 9 1 3 23
18 9 20 17 10
18 9 21 15 9
19 21 24 8 18
19 21 24 3 23
19 21 10 17 13
18 9 24 8 7
18 9 24 3 12
18 9 10 17 16
19 21 19 9 12
19 21 15 19 6
19 21 2 11 27
18 9 19 9 1
18 9 15 19 13
18 9 2 11 18
19 21 8 10 22
19 21 17 3 20
19 21 22 11 13
18 9 8 10 11
18 9 17 3 7
18 9 22 11 6
19 21 14 9 17
19 21 0 24 22
19 21 12 1 27
18 9 14 9 4
18 9 0 24 33
18 9 12 1 14
19 21 21 19 4
19 21 8 19 13
19 21 6 16 18
18 9 21 19 13
18 9 8 19 20
18 9 6 16 19
19 21 2 15 23
19 21 22 9 15
19 21 9 18 13
18 9 2 15 22
18 9 22 9 4
18 9 9 18 18
19 21 22 10 14
19 21 7 19 14
19 21 4 22 16
18 9 22 10 5
18 9 7 19 21
18 9 4 22 27
19 21 19 7 14
19 21 22 1 23
19 21 13 13 14
18 9 19 7 3
18 9 22 1 12
18 9 13 13 9
19 21 8 17 15
19 21 0 5 35
19 21 21 1 22
18 9 8 17 18
18 9 0 5 22
18 9 21 1 11
19 21 24 12 14
19 21 19 15 6
19 21 0 18 22
18 9 24 12 9
18 9 19 15 7
18 9 0 18 27
19 21 4 19 17
19 21 15 17 8
19 21 8 23 13
18 9 4 19 24
18 9 15 17 11
18 9 8 23 24
19 21 7 3 30
19 21 20 13 9
19 21 12 18 10
18 9 7 3 17
18 9 20 13 6
18 9 12 18 15
