625 63 21 38 15
21 Clusters:
0 3 16 0
1 14 7 9
1 5 12 9
1 15 16 9
2 4 0 14
2 19 21 14
2 9 12 14
3 17 15 11
3 8 15 11
3 18 19 11
4 12 14 6
4 0 8 6
4 4 14 6
5 22 7 5
5 2 17 5
5 9 13 5
6 7 0 3
6 15 22 3
6 14 12 3
7 0 3 9
7 4 21 9
7 23 12 9
8 19 2 8
8 0 1 8
8 2 24 8
9 17 6 6
9 12 16 6
9 7 16 6
10 14 21 15
10 12 17 15
10 3 2 15
11 16 3 3
11 13 22 3
11 7 6 3
12 5 24 14
12 7 24 14
12 12 22 14
13 5 6 9
13 19 3 9
13 2 15 9
14 15 14 6
14 22 24 6
14 16 9 6
15 16 10 10
15 16 5 10
15 14 4 10
16 9 23 12
16 20 8 12
16 24 6 12
17 18 5 6
17 13 4 6
17 22 11 6
18 24 12 10
18 1 20 10
18 12 9 10
19 14 5 6
19 5 0 6
19 15 7 6
20 15 21 4
20 11 7 4
20 22 0 4
21 22 21 13
21 19 14 13
3784 Arcs:
3 16 14 7 20
3 16 5 12 6
3 16 15 16 12
3 16 4 0 17
3 16 19 21 21
3 16 9 12 10
3 16 17 15 15
3 16 8 15 6
3 16 18 19 18
3 16 12 14 11
3 16 0 8 11
3 16 4 14 3
3 16 22 7 28
3 16 2 17 2
3 16 9 13 9
3 16 7 0 20
3 16 15 22 18
3 16 14 12 15
3 16 0 3 16
3 16 4 21 6
3 16 23 12 24
3 16 19 2 30
3 16 0 1 18
3 16 2 24 9
3 16 17 6 24
3 16 12 16 9
3 16 7 16 4
3 16 14 21 16
3 16 12 17 10
3 16 3 2 14
3 16 16 3 26
3 16 13 22 16
3 16 7 6 14
3 16 5 24 10
3 16 7 24 12
3 16 12 22 15
3 16 5 6 12
3 16 19 3 29
3 16 2 15 2
3 16 15 14 14
3 16 22 24 27
3 16 16 9 20
3 16 16 10 19
3 16 16 5 24
3 16 14 4 23
3 16 9 23 13
3 16 20 8 25
3 16 24 6 31
3 16 18 5 26
3 16 13 4 22
3 16 22 11 24
3 16 24 12 25
3 16 1 20 6
3 16 12 9 16
3 16 14 5 22
3 16 5 0 18
3 16 15 7 21
3 16 15 21 17
3 16 11 7 17
3 16 22 0 35
3 16 22 21 24
3 16 19 14 18
14 7 3 16 20
5 12 3 16 6
15 16 3 16 12
14 7 4 0 17
14 7 19 21 19
14 7 9 12 10
5 12 4 0 13
5 12 19 21 23
5 12 9 12 4
15 16 4 0 27
15 16 19 21 9
15 16 9 12 10
14 7 17 15 11
14 7 8 15 14
14 7 18 19 16
5 12 17 15 15
5 12 8 15 6
5 12 18 19 20
15 16 17 15 3
15 16 8 15 8
15 16 18 19 6
14 7 12 14 9
14 7 0 8 15
14 7 4 14 17
5 12 12 14 9
5 12 0 8 9
5 12 4 14 3
15 16 12 14 5
15 16 0 8 23
15 16 4 14 13
14 7 22 7 8
14 7 2 17 22
14 7 9 13 11
5 12 22 7 22
5 12 2 17 8
5 12 9 13 5
15 16 22 7 16
15 16 2 17 14
15 16 9 13 9
14 7 7 0 14
14 7 15 22 16
14 7 14 12 5
5 12 7 0 14
5 12 15 22 20
5 12 14 12 9
15 16 7 0 24
15 16 15 22 6
15 16 14 12 5
14 7 0 3 18
14 7 4 21 24
14 7 23 12 14
5 12 0 3 14
5 12 4 21 10
5 12 23 12 18
15 16 0 3 28
15 16 4 21 16
15 16 23 12 12
14 7 19 2 10
14 7 0 1 20
14 7 2 24 29
5 12 19 2 24
5 12 0 1 16
5 12 2 24 15
15 16 19 2 18
15 16 0 1 30
15 16 2 24 21
14 7 17 6 4
14 7 12 16 11
14 7 7 16 16
5 12 17 6 18
5 12 12 16 11
5 12 7 16 6
15 16 17 6 12
15 16 12 16 3
15 16 7 16 8
14 7 14 21 14
14 7 12 17 12
14 7 3 2 16
5 12 14 21 18
5 12 12 17 12
5 12 3 2 12
15 16 14 21 6
15 16 12 17 4
15 16 3 2 26
14 7 16 3 6
14 7 13 22 16
14 7 7 6 8
5 12 16 3 20
5 12 13 22 18
5 12 7 6 8
15 16 16 3 14
15 16 13 22 8
15 16 7 6 18
14 7 5 24 26
14 7 7 24 24
14 7 12 22 17
5 12 5 24 12
5 12 7 24 14
5 12 12 22 17
15 16 5 24 18
15 16 7 24 16
15 16 12 22 9
14 7 5 6 10
14 7 19 3 9
14 7 2 15 20
5 12 5 6 6
5 12 19 3 23
5 12 2 15 6
15 16 5 6 20
15 16 19 3 17
15 16 2 15 14
14 7 15 14 8
14 7 22 24 25
14 7 16 9 4
5 12 15 14 12
5 12 22 24 29
5 12 16 9 14
15 16 15 14 2
15 16 22 24 15
15 16 16 9 8
14 7 16 10 5
14 7 16 5 4
14 7 14 4 3
5 12 16 10 13
5 12 16 5 18
5 12 14 4 17
15 16 16 10 7
15 16 16 5 12
15 16 14 4 13
14 7 9 23 21
14 7 20 8 7
14 7 24 6 11
5 12 9 23 15
5 12 20 8 19
5 12 24 6 25
15 16 9 23 13
15 16 20 8 13
15 16 24 6 19
14 7 18 5 6
14 7 13 4 4
14 7 22 11 12
5 12 18 5 20
5 12 13 4 16
5 12 22 11 18
15 16 18 5 14
15 16 13 4 14
15 16 22 11 12
14 7 24 12 15
14 7 1 20 26
14 7 12 9 4
5 12 24 12 19
5 12 1 20 12
5 12 12 9 10
15 16 24 12 13
15 16 1 20 18
15 16 12 9 10
14 7 14 5 2
14 7 5 0 16
14 7 15 7 1
5 12 14 5 16
5 12 5 0 12
5 12 15 7 15
15 16 14 5 12
15 16 5 0 26
15 16 15 7 9
14 7 15 21 15
14 7 11 7 3
14 7 22 0 15
5 12 15 21 19
5 12 11 7 11
5 12 22 0 29
15 16 15 21 5
15 16 11 7 13
15 16 22 0 23
14 7 22 21 22
14 7 19 14 12
5 12 22 21 26
5 12 19 14 16
15 16 22 21 12
15 16 19 14 6
4 0 3 16 17
19 21 3 16 21
9 12 3 16 10
4 0 14 7 17
4 0 5 12 13
4 0 15 16 27
19 21 14 7 19
19 21 5 12 23
19 21 15 16 9
9 12 14 7 10
9 12 5 12 4
9 12 15 16 10
4 0 17 15 28
4 0 8 15 19
4 0 18 19 33
19 21 17 15 8
19 21 8 15 17
19 21 18 19 3
9 12 17 15 11
9 12 8 15 4
9 12 18 19 16
4 0 12 14 22
4 0 0 8 12
4 0 4 14 14
19 21 12 14 14
19 21 0 8 32
19 21 4 14 22
9 12 12 14 5
9 12 0 8 13
9 12 4 14 7
4 0 22 7 25
4 0 2 17 19
4 0 9 13 18
19 21 22 7 17
19 21 2 17 21
19 21 9 13 18
9 12 22 7 18
9 12 2 17 12
9 12 9 13 1
4 0 7 0 3
4 0 15 22 33
4 0 14 12 22
19 21 7 0 33
19 21 15 22 5
19 21 14 12 14
9 12 7 0 14
9 12 15 22 16
9 12 14 12 5
4 0 0 3 7
4 0 4 21 21
4 0 23 12 31
19 21 0 3 37
19 21 4 21 15
19 21 23 12 13
9 12 0 3 18
9 12 4 21 14
9 12 23 12 14
4 0 19 2 17
4 0 0 1 5
4 0 2 24 26
19 21 19 2 19
19 21 0 1 39
19 21 2 24 20
9 12 19 2 20
9 12 0 1 20
9 12 2 24 19
4 0 17 6 19
4 0 12 16 24
4 0 7 16 19
19 21 17 6 17
19 21 12 16 12
19 21 7 16 17
9 12 17 6 14
9 12 12 16 7
9 12 7 16 6
4 0 14 21 31
4 0 12 17 25
4 0 3 2 3
19 21 14 21 5
19 21 12 17 11
19 21 3 2 35
9 12 14 21 14
9 12 12 17 8
9 12 3 2 16
4 0 16 3 15
4 0 13 22 31
4 0 7 6 9
19 21 16 3 21
19 21 13 22 7
19 21 7 6 27
9 12 16 3 16
9 12 13 22 14
9 12 7 6 8
4 0 5 24 25
4 0 7 24 27
4 0 12 22 30
19 21 5 24 17
19 21 7 24 15
19 21 12 22 8
9 12 5 24 16
9 12 7 24 14
9 12 12 22 13
4 0 5 6 7
4 0 19 3 18
4 0 2 15 17
19 21 5 6 29
19 21 19 3 18
19 21 2 15 23
9 12 5 6 10
9 12 19 3 19
9 12 2 15 10
4 0 15 14 25
4 0 22 24 42
4 0 16 9 21
19 21 15 14 11
19 21 22 24 6
19 21 16 9 15
9 12 15 14 8
9 12 22 24 25
9 12 16 9 10
4 0 16 10 22
4 0 16 5 17
4 0 14 4 14
19 21 16 10 14
19 21 16 5 19
19 21 14 4 22
9 12 16 10 9
9 12 16 5 14
9 12 14 4 13
4 0 9 23 28
4 0 20 8 24
4 0 24 6 26
19 21 9 23 12
19 21 20 8 14
19 21 24 6 20
9 12 9 23 11
9 12 20 8 15
9 12 24 6 21
4 0 18 5 19
4 0 13 4 13
4 0 22 11 29
19 21 18 5 17
19 21 13 4 23
19 21 22 11 13
9 12 18 5 16
9 12 13 4 12
9 12 22 11 14
4 0 24 12 32
4 0 1 20 23
4 0 12 9 17
19 21 24 12 14
19 21 1 20 19
19 21 12 9 19
9 12 24 12 15
9 12 1 20 16
9 12 12 9 6
4 0 14 5 15
4 0 5 0 1
4 0 15 7 18
19 21 14 5 21
19 21 5 0 35
19 21 15 7 18
9 12 14 5 12
9 12 5 0 16
9 12 15 7 11
4 0 15 21 32
4 0 11 7 14
4 0 22 0 18
19 21 15 21 4
19 21 11 7 22
19 21 22 0 24
9 12 15 21 15
9 12 11 7 7
9 12 22 0 25
4 0 22 21 39
4 0 19 14 29
19 21 22 21 3
19 21 19 14 7
9 12 22 21 22
9 12 19 14 12
17 15 3 16 15
8 15 3 16 6
18 19 3 16 18
17 15 14 7 11
17 15 5 12 15
17 15 15 16 3
8 15 14 7 14
8 15 5 12 6
8 15 15 16 8
18 19 14 7 16
18 19 5 12 20
18 19 15 16 6
17 15 4 0 28
17 15 19 21 8
17 15 9 12 11
8 15 4 0 19
8 15 19 21 17
8 15 9 12 4
18 19 4 0 33
18 19 19 21 3
18 19 9 12 16
17 15 12 14 6
17 15 0 8 24
17 15 4 14 14
8 15 12 14 5
8 15 0 8 15
8 15 4 14 5
18 19 12 14 11
18 19 0 8 29
18 19 4 14 19
17 15 22 7 13
17 15 2 17 17
17 15 9 13 10
8 15 22 7 22
8 15 2 17 8
8 15 9 13 3
18 19 22 7 16
18 19 2 17 18
18 19 9 13 15
17 15 7 0 25
17 15 15 22 9
17 15 14 12 6
8 15 7 0 16
8 15 15 22 14
8 15 14 12 9
18 19 7 0 30
18 19 15 22 6
18 19 14 12 11
17 15 0 3 29
17 15 4 21 19
17 15 23 12 9
8 15 0 3 20
8 15 4 21 10
8 15 23 12 18
18 19 0 3 34
18 19 4 21 16
18 19 23 12 12
17 15 19 2 15
17 15 0 1 31
17 15 2 24 24
8 15 19 2 24
8 15 0 1 22
8 15 2 24 15
18 19 19 2 18
18 19 0 1 36
18 19 2 24 21
17 15 17 6 9
17 15 12 16 6
17 15 7 16 11
8 15 17 6 18
8 15 12 16 5
8 15 7 16 2
18 19 17 6 14
18 19 12 16 9
18 19 7 16 14
17 15 14 21 9
17 15 12 17 7
17 15 3 2 27
8 15 14 21 12
8 15 12 17 6
8 15 3 2 18
18 19 14 21 6
18 19 12 17 8
18 19 3 2 32
17 15 16 3 13
17 15 13 22 11
17 15 7 6 19
8 15 16 3 20
8 15 13 22 12
8 15 7 6 10
18 19 16 3 18
18 19 13 22 8
18 19 7 6 24
17 15 5 24 21
17 15 7 24 19
17 15 12 22 12
8 15 5 24 12
8 15 7 24 10
8 15 12 22 11
18 19 5 24 18
18 19 7 24 16
18 19 12 22 9
17 15 5 6 21
17 15 19 3 14
17 15 2 15 15
8 15 5 6 12
8 15 19 3 23
8 15 2 15 6
18 19 5 6 26
18 19 19 3 17
18 19 2 15 20
17 15 15 14 3
17 15 22 24 14
17 15 16 9 7
8 15 15 14 8
8 15 22 24 23
8 15 16 9 14
18 19 15 14 8
18 19 22 24 9
18 19 16 9 12
17 15 16 10 6
17 15 16 5 11
17 15 14 4 14
8 15 16 10 13
8 15 16 5 18
8 15 14 4 17
18 19 16 10 11
18 19 16 5 16
18 19 14 4 19
17 15 9 23 16
17 15 20 8 10
17 15 24 6 16
8 15 9 23 9
8 15 20 8 19
8 15 24 6 25
18 19 9 23 13
18 19 20 8 13
18 19 24 6 19
17 15 18 5 11
17 15 13 4 15
17 15 22 11 9
8 15 18 5 20
8 15 13 4 16
8 15 22 11 18
18 19 18 5 14
18 19 13 4 20
18 19 22 11 12
17 15 24 12 10
17 15 1 20 21
17 15 12 9 11
8 15 24 12 19
8 15 1 20 12
8 15 12 9 10
18 19 24 12 13
18 19 1 20 18
18 19 12 9 16
17 15 14 5 13
17 15 5 0 27
17 15 15 7 10
8 15 14 5 16
8 15 5 0 18
8 15 15 7 15
18 19 14 5 18
18 19 5 0 32
18 19 15 7 15
17 15 15 21 8
17 15 11 7 14
17 15 22 0 20
8 15 15 21 13
8 15 11 7 11
8 15 22 0 29
18 19 15 21 5
18 19 11 7 19
18 19 22 0 23
17 15 22 21 11
17 15 19 14 3
8 15 22 21 20
8 15 19 14 12
18 19 22 21 6
18 19 19 14 6
12 14 3 16 11
0 8 3 16 11
4 14 3 16 3
12 14 14 7 9
12 14 5 12 9
12 14 15 16 5
0 8 14 7 15
0 8 5 12 9
0 8 15 16 23
4 14 14 7 17
4 14 5 12 3
4 14 15 16 13
12 14 4 0 22
12 14 19 21 14
12 14 9 12 5
0 8 4 0 12
0 8 19 21 32
0 8 9 12 13
4 14 4 0 14
4 14 19 21 22
4 14 9 12 7
12 14 17 15 6
12 14 8 15 5
12 14 18 19 11
0 8 17 15 24
0 8 8 15 15
0 8 18 19 29
4 14 17 15 14
4 14 8 15 5
4 14 18 19 19
12 14 22 7 17
12 14 2 17 13
12 14 9 13 4
0 8 22 7 23
0 8 2 17 11
0 8 9 13 14
4 14 22 7 25
4 14 2 17 5
4 14 9 13 6
12 14 7 0 19
12 14 15 22 11
12 14 14 12 4
0 8 7 0 15
0 8 15 22 29
0 8 14 12 18
4 14 7 0 17
4 14 15 22 19
4 14 14 12 12
12 14 0 3 23
12 14 4 21 15
12 14 23 12 13
0 8 0 3 5
0 8 4 21 17
0 8 23 12 27
4 14 0 3 15
4 14 4 21 7
4 14 23 12 21
12 14 19 2 19
12 14 0 1 25
12 14 2 24 20
0 8 19 2 25
0 8 0 1 7
0 8 2 24 18
4 14 19 2 27
4 14 0 1 17
4 14 2 24 12
12 14 17 6 13
12 14 12 16 2
12 14 7 16 7
0 8 17 6 19
0 8 12 16 20
0 8 7 16 15
4 14 17 6 21
4 14 12 16 10
4 14 7 16 5
12 14 14 21 9
12 14 12 17 3
12 14 3 2 21
0 8 14 21 27
0 8 12 17 21
0 8 3 2 9
4 14 14 21 17
4 14 12 17 11
4 14 3 2 13
12 14 16 3 15
12 14 13 22 9
12 14 7 6 13
0 8 16 3 21
0 8 13 22 27
0 8 7 6 9
4 14 16 3 23
4 14 13 22 17
4 14 7 6 11
12 14 5 24 17
12 14 7 24 15
12 14 12 22 8
0 8 5 24 21
0 8 7 24 23
0 8 12 22 26
4 14 5 24 11
4 14 7 24 13
4 14 12 22 16
12 14 5 6 15
12 14 19 3 18
12 14 2 15 11
0 8 5 6 7
0 8 19 3 24
0 8 2 15 9
4 14 5 6 9
4 14 19 3 26
4 14 2 15 3
12 14 15 14 3
12 14 22 24 20
12 14 16 9 9
0 8 15 14 21
0 8 22 24 38
0 8 16 9 17
4 14 15 14 11
4 14 22 24 28
4 14 16 9 17
12 14 16 10 8
12 14 16 5 13
12 14 14 4 12
0 8 16 10 18
0 8 16 5 19
0 8 14 4 18
4 14 16 10 16
4 14 16 5 21
4 14 14 4 20
12 14 9 23 12
12 14 20 8 14
12 14 24 6 20
0 8 9 23 24
0 8 20 8 20
0 8 24 6 26
4 14 9 23 14
4 14 20 8 22
4 14 24 6 28
12 14 18 5 15
12 14 13 4 11
12 14 22 11 13
0 8 18 5 21
0 8 13 4 17
0 8 22 11 25
4 14 18 5 23
4 14 13 4 19
4 14 22 11 21
12 14 24 12 14
12 14 1 20 17
12 14 12 9 5
0 8 24 12 28
0 8 1 20 13
0 8 12 9 13
4 14 24 12 22
4 14 1 20 9
4 14 12 9 13
12 14 14 5 11
12 14 5 0 21
12 14 15 7 10
0 8 14 5 17
0 8 5 0 13
0 8 15 7 16
4 14 14 5 19
4 14 5 0 15
4 14 15 7 18
12 14 15 21 10
12 14 11 7 8
12 14 22 0 24
0 8 15 21 28
0 8 11 7 12
0 8 22 0 30
4 14 15 21 18
4 14 11 7 14
4 14 22 0 32
12 14 22 21 17
12 14 19 14 7
0 8 22 21 35
0 8 19 14 25
4 14 22 21 25
4 14 19 14 15
22 7 3 16 28
2 17 3 16 2
9 13 3 16 9
22 7 14 7 8
22 7 5 12 22
22 7 15 16 16
2 17 14 7 22
2 17 5 12 8
2 17 15 16 14
9 13 14 7 11
9 13 5 12 5
9 13 15 16 9
22 7 4 0 25
22 7 19 21 17
22 7 9 12 18
2 17 4 0 19
2 17 19 21 21
2 17 9 12 12
9 13 4 0 18
9 13 19 21 18
9 13 9 12 1
22 7 17 15 13
22 7 8 15 22
22 7 18 19 16
2 17 17 15 17
2 17 8 15 8
2 17 18 19 18
9 13 17 15 10
9 13 8 15 3
9 13 18 19 15
22 7 12 14 17
22 7 0 8 23
22 7 4 14 25
2 17 12 14 13
2 17 0 8 11
2 17 4 14 5
9 13 12 14 4
9 13 0 8 14
9 13 4 14 6
22 7 7 0 22
22 7 15 22 22
22 7 14 12 13
2 17 7 0 22
2 17 15 22 18
2 17 14 12 17
9 13 7 0 15
9 13 15 22 15
9 13 14 12 6
22 7 0 3 26
22 7 4 21 32
22 7 23 12 6
2 17 0 3 16
2 17 4 21 6
2 17 23 12 26
9 13 0 3 19
9 13 4 21 13
9 13 23 12 15
22 7 19 2 8
22 7 0 1 28
22 7 2 24 37
2 17 19 2 32
2 17 0 1 18
2 17 2 24 7
9 13 19 2 21
9 13 0 1 21
9 13 2 24 18
22 7 17 6 6
22 7 12 16 19
22 7 7 16 24
2 17 17 6 26
2 17 12 16 11
2 17 7 16 6
9 13 17 6 15
9 13 12 16 6
9 13 7 16 5
22 7 14 21 22
22 7 12 17 20
22 7 3 2 24
2 17 14 21 16
2 17 12 17 10
2 17 3 2 16
9 13 14 21 13
9 13 12 17 7
9 13 3 2 17
22 7 16 3 10
22 7 13 22 24
22 7 7 6 16
2 17 16 3 28
2 17 13 22 16
2 17 7 6 16
9 13 16 3 17
9 13 13 22 13
9 13 7 6 9
22 7 5 24 34
22 7 7 24 32
22 7 12 22 25
2 17 5 24 10
2 17 7 24 12
2 17 12 22 15
9 13 5 24 15
9 13 7 24 13
9 13 12 22 12
22 7 5 6 18
22 7 19 3 7
22 7 2 15 28
2 17 5 6 14
2 17 19 3 31
2 17 2 15 2
9 13 5 6 11
9 13 19 3 20
9 13 2 15 9
22 7 15 14 14
22 7 22 24 17
22 7 16 9 8
2 17 15 14 16
2 17 22 24 27
2 17 16 9 22
9 13 15 14 7
9 13 22 24 24
9 13 16 9 11
22 7 16 10 9
22 7 16 5 8
22 7 14 4 11
2 17 16 10 21
2 17 16 5 26
2 17 14 4 25
9 13 16 10 10
9 13 16 5 15
9 13 14 4 14
22 7 9 23 29
22 7 20 8 3
22 7 24 6 3
2 17 9 23 13
2 17 20 8 27
2 17 24 6 33
9 13 9 23 10
9 13 20 8 16
9 13 24 6 22
22 7 18 5 6
22 7 13 4 12
22 7 22 11 4
2 17 18 5 28
2 17 13 4 24
2 17 22 11 26
9 13 18 5 17
9 13 13 4 13
9 13 22 11 15
22 7 24 12 7
22 7 1 20 34
22 7 12 9 12
2 17 24 12 27
2 17 1 20 4
2 17 12 9 18
9 13 24 12 16
9 13 1 20 15
9 13 12 9 7
22 7 14 5 10
22 7 5 0 24
22 7 15 7 7
2 17 14 5 24
2 17 5 0 20
2 17 15 7 23
9 13 14 5 13
9 13 5 0 17
9 13 15 7 12
22 7 15 21 21
22 7 11 7 11
22 7 22 0 7
2 17 15 21 17
2 17 11 7 19
2 17 22 0 37
9 13 15 21 14
9 13 11 7 8
9 13 22 0 26
22 7 22 21 14
22 7 19 14 10
2 17 22 21 24
2 17 19 14 20
9 13 22 21 21
9 13 19 14 11
7 0 3 16 20
15 22 3 16 18
14 12 3 16 15
7 0 14 7 14
7 0 5 12 14
7 0 15 16 24
15 22 14 7 16
15 22 5 12 20
15 22 15 16 6
14 12 14 7 5
14 12 5 12 9
14 12 15 16 5
7 0 4 0 3
7 0 19 21 33
7 0 9 12 14
15 22 4 0 33
15 22 19 21 5
15 22 9 12 16
14 12 4 0 22
14 12 19 21 14
14 12 9 12 5
7 0 17 15 25
7 0 8 15 16
7 0 18 19 30
15 22 17 15 9
15 22 8 15 14
15 22 18 19 6
14 12 17 15 6
14 12 8 15 9
14 12 18 19 11
7 0 12 14 19
7 0 0 8 15
7 0 4 14 17
15 22 12 14 11
15 22 0 8 29
15 22 4 14 19
14 12 12 14 4
14 12 0 8 18
14 12 4 14 12
7 0 22 7 22
7 0 2 17 22
7 0 9 13 15
15 22 22 7 22
15 22 2 17 18
15 22 9 13 15
14 12 22 7 13
14 12 2 17 17
14 12 9 13 6
7 0 0 3 10
7 0 4 21 24
7 0 23 12 28
15 22 0 3 34
15 22 4 21 12
15 22 23 12 18
14 12 0 3 23
14 12 4 21 19
14 12 23 12 9
7 0 19 2 14
7 0 0 1 8
7 0 2 24 29
15 22 19 2 24
15 22 0 1 36
15 22 2 24 15
14 12 19 2 15
14 12 0 1 25
14 12 2 24 24
7 0 17 6 16
7 0 12 16 21
7 0 7 16 16
15 22 17 6 18
15 22 12 16 9
15 22 7 16 14
14 12 17 6 9
14 12 12 16 6
14 12 7 16 11
7 0 14 21 28
7 0 12 17 22
7 0 3 2 6
15 22 14 21 2
15 22 12 17 8
15 22 3 2 32
14 12 14 21 9
14 12 12 17 7
14 12 3 2 21
7 0 16 3 12
7 0 13 22 28
7 0 7 6 6
15 22 16 3 20
15 22 13 22 2
15 22 7 6 24
14 12 16 3 11
14 12 13 22 11
14 12 7 6 13
7 0 5 24 26
7 0 7 24 24
7 0 12 22 27
15 22 5 24 12
15 22 7 24 10
15 22 12 22 3
14 12 5 24 21
14 12 7 24 19
14 12 12 22 12
7 0 5 6 8
7 0 19 3 15
7 0 2 15 20
15 22 5 6 26
15 22 19 3 23
15 22 2 15 20
14 12 5 6 15
14 12 19 3 14
14 12 2 15 15
7 0 15 14 22
7 0 22 24 39
7 0 16 9 18
15 22 15 14 8
15 22 22 24 9
15 22 16 9 14
14 12 15 14 3
14 12 22 24 20
14 12 16 9 5
7 0 16 10 19
7 0 16 5 14
7 0 14 4 11
15 22 16 10 13
15 22 16 5 18
15 22 14 4 19
14 12 16 10 4
14 12 16 5 9
14 12 14 4 8
7 0 9 23 25
7 0 20 8 21
7 0 24 6 23
15 22 9 23 7
15 22 20 8 19
15 22 24 6 25
14 12 9 23 16
14 12 20 8 10
14 12 24 6 16
7 0 18 5 16
7 0 13 4 10
7 0 22 11 26
15 22 18 5 20
15 22 13 4 20
15 22 22 11 18
14 12 18 5 11
14 12 13 4 9
14 12 22 11 9
7 0 24 12 29
7 0 1 20 26
7 0 12 9 14
15 22 24 12 19
15 22 1 20 16
15 22 12 9 16
14 12 24 12 10
14 12 1 20 21
14 12 12 9 5
7 0 14 5 12
7 0 5 0 2
7 0 15 7 15
15 22 14 5 18
15 22 5 0 32
15 22 15 7 15
14 12 14 5 7
14 12 5 0 21
14 12 15 7 6
7 0 15 21 29
7 0 11 7 11
7 0 22 0 15
15 22 15 21 1
15 22 11 7 19
15 22 22 0 29
14 12 15 21 10
14 12 11 7 8
14 12 22 0 20
7 0 22 21 36
7 0 19 14 26
15 22 22 21 8
15 22 19 14 12
14 12 22 21 17
14 12 19 14 7
0 3 3 16 16
4 21 3 16 6
23 12 3 16 24
0 3 14 7 18
0 3 5 12 14
0 3 15 16 28
4 21 14 7 24
4 21 5 12 10
4 21 15 16 16
23 12 14 7 14
23 12 5 12 18
23 12 15 16 12
0 3 4 0 7
0 3 19 21 37
0 3 9 12 18
4 21 4 0 21
4 21 19 21 15
4 21 9 12 14
23 12 4 0 31
23 12 19 21 13
23 12 9 12 14
0 3 17 15 29
0 3 8 15 20
0 3 18 19 34
4 21 17 15 19
4 21 8 15 10
4 21 18 19 16
23 12 17 15 9
23 12 8 15 18
23 12 18 19 12
0 3 12 14 23
0 3 0 8 5
0 3 4 14 15
4 21 12 14 15
4 21 0 8 17
4 21 4 14 7
23 12 12 14 13
23 12 0 8 27
23 12 4 14 21
0 3 22 7 26
0 3 2 17 16
0 3 9 13 19
4 21 22 7 32
4 21 2 17 6
4 21 9 13 13
23 12 22 7 6
23 12 2 17 26
23 12 9 13 15
0 3 7 0 10
0 3 15 22 34
0 3 14 12 23
4 21 7 0 24
4 21 15 22 12
4 21 14 12 19
23 12 7 0 28
23 12 15 22 18
23 12 14 12 9
0 3 19 2 20
0 3 0 1 2
0 3 2 24 23
4 21 19 2 34
4 21 0 1 24
4 21 2 24 5
23 12 19 2 14
23 12 0 1 34
23 12 2 24 33
0 3 17 6 20
0 3 12 16 25
0 3 7 16 20
4 21 17 6 28
4 21 12 16 13
4 21 7 16 8
23 12 17 6 12
23 12 12 16 15
23 12 7 16 20
0 3 14 21 32
0 3 12 17 26
0 3 3 2 4
4 21 14 21 10
4 21 12 17 12
4 21 3 2 20
23 12 14 21 18
23 12 12 17 16
23 12 3 2 30
0 3 16 3 16
0 3 13 22 32
0 3 7 6 10
4 21 16 3 30
4 21 13 22 10
4 21 7 6 18
23 12 16 3 16
23 12 13 22 20
23 12 7 6 22
0 3 5 24 26
0 3 7 24 28
0 3 12 22 31
4 21 5 24 4
4 21 7 24 6
4 21 12 22 9
23 12 5 24 30
23 12 7 24 28
23 12 12 22 21
0 3 5 6 8
0 3 19 3 19
0 3 2 15 14
4 21 5 6 16
4 21 19 3 33
4 21 2 15 8
23 12 5 6 24
23 12 19 3 13
23 12 2 15 24
0 3 15 14 26
0 3 22 24 43
0 3 16 9 22
4 21 15 14 18
4 21 22 24 21
4 21 16 9 24
23 12 15 14 10
23 12 22 24 13
23 12 16 9 10
0 3 16 10 23
0 3 16 5 18
0 3 14 4 15
4 21 16 10 23
4 21 16 5 28
4 21 14 4 27
23 12 16 10 9
23 12 16 5 14
23 12 14 4 17
0 3 9 23 29
0 3 20 8 25
0 3 24 6 27
4 21 9 23 7
4 21 20 8 29
4 21 24 6 35
23 12 9 23 25
23 12 20 8 7
23 12 24 6 7
0 3 18 5 20
0 3 13 4 14
0 3 22 11 30
4 21 18 5 30
4 21 13 4 26
4 21 22 11 28
23 12 18 5 12
23 12 13 4 18
23 12 22 11 2
0 3 24 12 33
0 3 1 20 18
0 3 12 9 18
4 21 24 12 29
4 21 1 20 4
4 21 12 9 20
23 12 24 12 1
23 12 1 20 30
23 12 12 9 14
0 3 14 5 16
0 3 5 0 8
0 3 15 7 19
4 21 14 5 26
4 21 5 0 22
4 21 15 7 25
23 12 14 5 16
23 12 5 0 30
23 12 15 7 13
0 3 15 21 33
0 3 11 7 15
0 3 22 0 25
4 21 15 21 11
4 21 11 7 21
4 21 22 0 39
23 12 15 21 17
23 12 11 7 17
23 12 22 0 13
0 3 22 21 40
0 3 19 14 30
4 21 22 21 18
4 21 19 14 22
23 12 22 21 10
23 12 19 14 6
19 2 3 16 30
0 1 3 16 18
2 24 3 16 9
19 2 14 7 10
19 2 5 12 24
19 2 15 16 18
0 1 14 7 20
0 1 5 12 16
0 1 15 16 30
2 24 14 7 29
2 24 5 12 15
2 24 15 16 21
19 2 4 0 17
19 2 19 21 19
19 2 9 12 20
0 1 4 0 5
0 1 19 21 39
0 1 9 12 20
2 24 4 0 26
2 24 19 21 20
2 24 9 12 19
19 2 17 15 15
19 2 8 15 24
19 2 18 19 18
0 1 17 15 31
0 1 8 15 22
0 1 18 19 36
2 24 17 15 24
2 24 8 15 15
2 24 18 19 21
19 2 12 14 19
19 2 0 8 25
19 2 4 14 27
0 1 12 14 25
0 1 0 8 7
0 1 4 14 17
2 24 12 14 20
2 24 0 8 18
2 24 4 14 12
19 2 22 7 8
19 2 2 17 32
19 2 9 13 21
0 1 22 7 28
0 1 2 17 18
0 1 9 13 21
2 24 22 7 37
2 24 2 17 7
2 24 9 13 18
19 2 7 0 14
19 2 15 22 24
19 2 14 12 15
0 1 7 0 8
0 1 15 22 36
0 1 14 12 25
2 24 7 0 29
2 24 15 22 15
2 24 14 12 24
19 2 0 3 20
19 2 4 21 34
19 2 23 12 14
0 1 0 3 2
0 1 4 21 24
0 1 23 12 34
2 24 0 3 23
2 24 4 21 5
2 24 23 12 33
19 2 17 6 6
19 2 12 16 21
19 2 7 16 26
0 1 17 6 22
0 1 12 16 27
0 1 7 16 22
2 24 17 6 33
2 24 12 16 18
2 24 7 16 13
19 2 14 21 24
19 2 12 17 22
19 2 3 2 16
0 1 14 21 34
0 1 12 17 28
0 1 3 2 4
2 24 14 21 15
2 24 12 17 17
2 24 3 2 23
19 2 16 3 4
19 2 13 22 26
19 2 7 6 16
0 1 16 3 18
0 1 13 22 34
0 1 7 6 12
2 24 16 3 35
2 24 13 22 13
2 24 7 6 23
19 2 5 24 36
19 2 7 24 34
19 2 12 22 27
0 1 5 24 28
0 1 7 24 30
0 1 12 22 33
2 24 5 24 3
2 24 7 24 5
2 24 12 22 12
19 2 5 6 18
19 2 19 3 1
19 2 2 15 30
0 1 5 6 10
0 1 19 3 21
0 1 2 15 16
2 24 5 6 21
2 24 19 3 38
2 24 2 15 9
19 2 15 14 16
19 2 22 24 25
19 2 16 9 10
0 1 15 14 28
0 1 22 24 45
0 1 16 9 24
2 24 15 14 23
2 24 22 24 20
2 24 16 9 29
19 2 16 10 11
19 2 16 5 6
19 2 14 4 7
0 1 16 10 25
0 1 16 5 20
0 1 14 4 17
2 24 16 10 28
2 24 16 5 33
2 24 14 4 32
19 2 9 23 31
19 2 20 8 7
19 2 24 6 9
0 1 9 23 31
0 1 20 8 27
0 1 24 6 29
2 24 9 23 8
2 24 20 8 34
2 24 24 6 40
19 2 18 5 4
19 2 13 4 8
19 2 22 11 12
0 1 18 5 22
0 1 13 4 16
0 1 22 11 32
2 24 18 5 35
2 24 13 4 31
2 24 22 11 33
19 2 24 12 15
19 2 1 20 36
19 2 12 9 14
0 1 24 12 35
0 1 1 20 20
0 1 12 9 20
2 24 24 12 34
2 24 1 20 5
2 24 12 9 25
19 2 14 5 8
19 2 5 0 16
19 2 15 7 9
0 1 14 5 18
0 1 5 0 6
0 1 15 7 21
2 24 14 5 31
2 24 5 0 27
2 24 15 7 30
19 2 15 21 23
19 2 11 7 13
19 2 22 0 5
0 1 15 21 35
0 1 11 7 17
0 1 22 0 23
2 24 15 21 16
2 24 11 7 26
2 24 22 0 44
19 2 22 21 22
19 2 19 14 12
0 1 22 21 42
0 1 19 14 32
2 24 22 21 23
2 24 19 14 27
17 6 3 16 24
12 16 3 16 9
7 16 3 16 4
17 6 14 7 4
17 6 5 12 18
17 6 15 16 12
12 16 14 7 11
12 16 5 12 11
12 16 15 16 3
7 16 14 7 16
7 16 5 12 6
7 16 15 16 8
17 6 4 0 19
17 6 19 21 17
17 6 9 12 14
12 16 4 0 24
12 16 19 21 12
12 16 9 12 7
7 16 4 0 19
7 16 19 21 17
7 16 9 12 6
17 6 17 15 9
17 6 8 15 18
17 6 18 19 14
12 16 17 15 6
12 16 8 15 5
12 16 18 19 9
7 16 17 15 11
7 16 8 15 2
7 16 18 19 14
17 6 12 14 13
17 6 0 8 19
17 6 4 14 21
12 16 12 14 2
12 16 0 8 20
12 16 4 14 10
7 16 12 14 7
7 16 0 8 15
7 16 4 14 5
17 6 22 7 6
17 6 2 17 26
17 6 9 13 15
12 16 22 7 19
12 16 2 17 11
12 16 9 13 6
7 16 22 7 24
7 16 2 17 6
7 16 9 13 5
17 6 7 0 16
17 6 15 22 18
17 6 14 12 9
12 16 7 0 21
12 16 15 22 9
12 16 14 12 6
7 16 7 0 16
7 16 15 22 14
7 16 14 12 11
17 6 0 3 20
17 6 4 21 28
17 6 23 12 12
12 16 0 3 25
12 16 4 21 13
12 16 23 12 15
7 16 0 3 20
7 16 4 21 8
7 16 23 12 20
17 6 19 2 6
17 6 0 1 22
17 6 2 24 33
12 16 19 2 21
12 16 0 1 27
12 16 2 24 18
7 16 19 2 26
7 16 0 1 22
7 16 2 24 13
17 6 14 21 18
17 6 12 17 16
17 6 3 2 18
12 16 14 21 7
12 16 12 17 1
12 16 3 2 23
7 16 14 21 12
7 16 12 17 6
7 16 3 2 18
17 6 16 3 4
17 6 13 22 20
17 6 7 6 10
12 16 16 3 17
12 16 13 22 7
12 16 7 6 15
7 16 16 3 22
7 16 13 22 12
7 16 7 6 10
17 6 5 24 30
17 6 7 24 28
17 6 12 22 21
12 16 5 24 15
12 16 7 24 13
12 16 12 22 6
7 16 5 24 10
7 16 7 24 8
7 16 12 22 11
17 6 5 6 12
17 6 19 3 5
17 6 2 15 24
12 16 5 6 17
12 16 19 3 20
12 16 2 15 11
7 16 5 6 12
7 16 19 3 25
7 16 2 15 6
17 6 15 14 10
17 6 22 24 23
17 6 16 9 4
12 16 15 14 5
12 16 22 24 18
12 16 16 9 11
7 16 15 14 10
7 16 22 24 23
7 16 16 9 16
17 6 16 10 5
17 6 16 5 2
17 6 14 4 5
12 16 16 10 10
12 16 16 5 15
12 16 14 4 14
7 16 16 10 15
7 16 16 5 20
7 16 14 4 19
17 6 9 23 25
17 6 20 8 5
17 6 24 6 7
12 16 9 23 10
12 16 20 8 16
12 16 24 6 22
7 16 9 23 9
7 16 20 8 21
7 16 24 6 27
17 6 18 5 2
17 6 13 4 6
17 6 22 11 10
12 16 18 5 17
12 16 13 4 13
12 16 22 11 15
7 16 18 5 22
7 16 13 4 18
7 16 22 11 20
17 6 24 12 13
17 6 1 20 30
17 6 12 9 8
12 16 24 12 16
12 16 1 20 15
12 16 12 9 7
7 16 24 12 21
7 16 1 20 10
7 16 12 9 12
17 6 14 5 4
17 6 5 0 18
17 6 15 7 3
12 16 14 5 13
12 16 5 0 23
12 16 15 7 12
7 16 14 5 18
7 16 5 0 18
7 16 15 7 17
17 6 15 21 17
17 6 11 7 7
17 6 22 0 11
12 16 15 21 8
12 16 11 7 10
12 16 22 0 26
7 16 15 21 13
7 16 11 7 13
7 16 22 0 31
17 6 22 21 20
17 6 19 14 10
12 16 22 21 15
12 16 19 14 9
7 16 22 21 20
7 16 19 14 14
14 21 3 16 16
12 17 3 16 10
3 2 3 16 14
14 21 14 7 14
14 21 5 12 18
14 21 15 16 6
12 17 14 7 12
12 17 5 12 12
12 17 15 16 4
3 2 14 7 16
3 2 5 12 12
3 2 15 16 26
14 21 4 0 31
14 21 19 21 5
14 21 9 12 14
12 17 4 0 25
12 17 19 21 11
12 17 9 12 8
3 2 4 0 3
3 2 19 21 35
3 2 9 12 16
14 21 17 15 9
14 21 8 15 12
14 21 18 19 6
12 17 17 15 7
12 17 8 15 6
12 17 18 19 8
3 2 17 15 27
3 2 8 15 18
3 2 18 19 32
14 21 12 14 9
14 21 0 8 27
14 21 4 14 17
12 17 12 14 3
12 17 0 8 21
12 17 4 14 11
3 2 12 14 21
3 2 0 8 9
3 2 4 14 13
14 21 22 7 22
14 21 2 17 16
14 21 9 13 13
12 17 22 7 20
12 17 2 17 10
12 17 9 13 7
3 2 22 7 24
3 2 2 17 16
3 2 9 13 17
14 21 7 0 28
14 21 15 22 2
14 21 14 12 9
12 17 7 0 22
12 17 15 22 8
12 17 14 12 7
3 2 7 0 6
3 2 15 22 32
3 2 14 12 21
14 21 0 3 32
14 21 4 21 10
14 21 23 12 18
12 17 0 3 26
12 17 4 21 12
12 17 23 12 16
3 2 0 3 4
3 2 4 21 20
3 2 23 12 30
14 21 19 2 24
14 21 0 1 34
14 21 2 24 15
12 17 19 2 22
12 17 0 1 28
12 17 2 24 17
3 2 19 2 16
3 2 0 1 4
3 2 2 24 23
14 21 17 6 18
14 21 12 16 7
14 21 7 16 12
12 17 17 6 16
12 17 12 16 1
12 17 7 16 6
3 2 17 6 18
3 2 12 16 23
3 2 7 16 18
14 21 16 3 20
14 21 13 22 2
14 21 7 6 22
12 17 16 3 18
12 17 13 22 6
12 17 7 6 16
3 2 16 3 14
3 2 13 22 30
3 2 7 6 8
14 21 5 24 12
14 21 7 24 10
14 21 12 22 3
12 17 5 24 14
12 17 7 24 12
12 17 12 22 5
3 2 5 24 24
3 2 7 24 26
3 2 12 22 29
14 21 5 6 24
14 21 19 3 23
14 21 2 15 18
12 17 5 6 18
12 17 19 3 21
12 17 2 15 12
3 2 5 6 6
3 2 19 3 17
3 2 2 15 14
14 21 15 14 8
14 21 22 24 11
14 21 16 9 14
12 17 15 14 6
12 17 22 24 17
12 17 16 9 12
3 2 15 14 24
3 2 22 24 41
3 2 16 9 20
14 21 16 10 13
14 21 16 5 18
14 21 14 4 17
12 17 16 10 11
12 17 16 5 16
12 17 14 4 15
3 2 16 10 21
3 2 16 5 16
3 2 14 4 13
14 21 9 23 7
14 21 20 8 19
14 21 24 6 25
12 17 9 23 9
12 17 20 8 17
12 17 24 6 23
3 2 9 23 27
3 2 20 8 23
3 2 24 6 25
14 21 18 5 20
14 21 13 4 18
14 21 22 11 18
12 17 18 5 18
12 17 13 4 14
12 17 22 11 16
3 2 18 5 18
3 2 13 4 12
3 2 22 11 28
14 21 24 12 19
14 21 1 20 14
14 21 12 9 14
12 17 24 12 17
12 17 1 20 14
12 17 12 9 8
3 2 24 12 31
3 2 1 20 20
3 2 12 9 16
14 21 14 5 16
14 21 5 0 30
14 21 15 7 15
12 17 14 5 14
12 17 5 0 24
12 17 15 7 13
3 2 14 5 14
3 2 5 0 4
3 2 15 7 17
14 21 15 21 1
14 21 11 7 17
14 21 22 0 29
12 17 15 21 7
12 17 11 7 11
12 17 22 0 27
3 2 15 21 31
3 2 11 7 13
3 2 22 0 21
14 21 22 21 8
14 21 19 14 12
12 17 22 21 14
12 17 19 14 10
3 2 22 21 38
3 2 19 14 28
16 3 3 16 26
13 22 3 16 16
7 6 3 16 14
16 3 14 7 6
16 3 5 12 20
16 3 15 16 14
13 22 14 7 16
13 22 5 12 18
13 22 15 16 8
7 6 14 7 8
7 6 5 12 8
7 6 15 16 18
16 3 4 0 15
16 3 19 21 21
16 3 9 12 16
13 22 4 0 31
13 22 19 21 7
13 22 9 12 14
7 6 4 0 9
7 6 19 21 27
7 6 9 12 8
16 3 17 15 13
16 3 8 15 20
16 3 18 19 18
13 22 17 15 11
13 22 8 15 12
13 22 18 19 8
7 6 17 15 19
7 6 8 15 10
7 6 18 19 24
16 3 12 14 15
16 3 0 8 21
16 3 4 14 23
13 22 12 14 9
13 22 0 8 27
13 22 4 14 17
7 6 12 14 13
7 6 0 8 9
7 6 4 14 11
16 3 22 7 10
16 3 2 17 28
16 3 9 13 17
13 22 22 7 24
13 22 2 17 16
13 22 9 13 13
7 6 22 7 16
7 6 2 17 16
7 6 9 13 9
16 3 7 0 12
16 3 15 22 20
16 3 14 12 11
13 22 7 0 28
13 22 15 22 2
13 22 14 12 11
7 6 7 0 6
7 6 15 22 24
7 6 14 12 13
16 3 0 3 16
16 3 4 21 30
16 3 23 12 16
13 22 0 3 32
13 22 4 21 10
13 22 23 12 20
7 6 0 3 10
7 6 4 21 18
7 6 23 12 22
16 3 19 2 4
16 3 0 1 18
16 3 2 24 35
13 22 19 2 26
13 22 0 1 34
13 22 2 24 13
7 6 19 2 16
7 6 0 1 12
7 6 2 24 23
16 3 17 6 4
16 3 12 16 17
16 3 7 16 22
13 22 17 6 20
13 22 12 16 7
13 22 7 16 12
7 6 17 6 10
7 6 12 16 15
7 6 7 16 10
16 3 14 21 20
16 3 12 17 18
16 3 3 2 14
13 22 14 21 2
13 22 12 17 6
13 22 3 2 30
7 6 14 21 22
7 6 12 17 16
7 6 3 2 8
16 3 5 24 32
16 3 7 24 30
16 3 12 22 23
13 22 5 24 10
13 22 7 24 8
13 22 12 22 1
7 6 5 24 20
7 6 7 24 18
7 6 12 22 21
16 3 5 6 14
16 3 19 3 3
16 3 2 15 26
13 22 5 6 24
13 22 19 3 25
13 22 2 15 18
7 6 5 6 2
7 6 19 3 15
7 6 2 15 14
16 3 15 14 12
16 3 22 24 27
16 3 16 9 6
13 22 15 14 10
13 22 22 24 11
13 22 16 9 16
7 6 15 14 16
7 6 22 24 33
7 6 16 9 12
16 3 16 10 7
16 3 16 5 2
16 3 14 4 3
13 22 16 10 15
13 22 16 5 20
13 22 14 4 19
7 6 16 10 13
7 6 16 5 10
7 6 14 4 9
16 3 9 23 27
16 3 20 8 9
16 3 24 6 11
13 22 9 23 5
13 22 20 8 21
13 22 24 6 27
7 6 9 23 19
7 6 20 8 15
7 6 24 6 17
16 3 18 5 4
16 3 13 4 4
16 3 22 11 14
13 22 18 5 22
13 22 13 4 18
13 22 22 11 20
7 6 18 5 12
7 6 13 4 8
7 6 22 11 20
16 3 24 12 17
16 3 1 20 32
16 3 12 9 10
13 22 24 12 21
13 22 1 20 14
13 22 12 9 14
7 6 24 12 23
7 6 1 20 20
7 6 12 9 8
16 3 14 5 4
16 3 5 0 14
16 3 15 7 5
13 22 14 5 18
13 22 5 0 30
13 22 15 7 17
7 6 14 5 8
7 6 5 0 8
7 6 15 7 9
16 3 15 21 19
16 3 11 7 9
16 3 22 0 9
13 22 15 21 3
13 22 11 7 17
13 22 22 0 31
7 6 15 21 23
7 6 11 7 5
7 6 22 0 21
16 3 22 21 24
16 3 19 14 14
13 22 22 21 10
13 22 19 14 14
7 6 22 21 30
7 6 19 14 20
5 24 3 16 10
7 24 3 16 12
12 22 3 16 15
5 24 14 7 26
5 24 5 12 12
5 24 15 16 18
7 24 14 7 24
7 24 5 12 14
7 24 15 16 16
12 22 14 7 17
12 22 5 12 17
12 22 15 16 9
5 24 4 0 25
5 24 19 21 17
5 24 9 12 16
7 24 4 0 27
7 24 19 21 15
7 24 9 12 14
12 22 4 0 30
12 22 19 21 8
12 22 9 12 13
5 24 17 15 21
5 24 8 15 12
5 24 18 19 18
7 24 17 15 19
7 24 8 15 10
7 24 18 19 16
12 22 17 15 12
12 22 8 15 11
12 22 18 19 9
5 24 12 14 17
5 24 0 8 21
5 24 4 14 11
7 24 12 14 15
7 24 0 8 23
7 24 4 14 13
12 22 12 14 8
12 22 0 8 26
12 22 4 14 16
5 24 22 7 34
5 24 2 17 10
5 24 9 13 15
7 24 22 7 32
7 24 2 17 12
7 24 9 13 13
12 22 22 7 25
12 22 2 17 15
12 22 9 13 12
5 24 7 0 26
5 24 15 22 12
5 24 14 12 21
7 24 7 0 24
7 24 15 22 10
7 24 14 12 19
12 22 7 0 27
12 22 15 22 3
12 22 14 12 12
5 24 0 3 26
5 24 4 21 4
5 24 23 12 30
7 24 0 3 28
7 24 4 21 6
7 24 23 12 28
12 22 0 3 31
12 22 4 21 9
12 22 23 12 21
5 24 19 2 36
5 24 0 1 28
5 24 2 24 3
7 24 19 2 34
7 24 0 1 30
7 24 2 24 5
12 22 19 2 27
12 22 0 1 33
12 22 2 24 12
5 24 17 6 30
5 24 12 16 15
5 24 7 16 10
7 24 17 6 28
7 24 12 16 13
7 24 7 16 8
12 22 17 6 21
12 22 12 16 6
12 22 7 16 11
5 24 14 21 12
5 24 12 17 14
5 24 3 2 24
7 24 14 21 10
7 24 12 17 12
7 24 3 2 26
12 22 14 21 3
12 22 12 17 5
12 22 3 2 29
5 24 16 3 32
5 24 13 22 10
5 24 7 6 20
7 24 16 3 30
7 24 13 22 8
7 24 7 6 18
12 22 16 3 23
12 22 13 22 1
12 22 7 6 21
5 24 5 6 18
5 24 19 3 35
5 24 2 15 12
7 24 5 6 20
7 24 19 3 33
7 24 2 15 14
12 22 5 6 23
12 22 19 3 26
12 22 2 15 17
5 24 15 14 20
5 24 22 24 17
5 24 16 9 26
7 24 15 14 18
7 24 22 24 15
7 24 16 9 24
12 22 15 14 11
12 22 22 24 12
12 22 16 9 17
5 24 16 10 25
5 24 16 5 30
5 24 14 4 29
7 24 16 10 23
7 24 16 5 28
7 24 14 4 27
12 22 16 10 16
12 22 16 5 21
12 22 14 4 20
5 24 9 23 5
5 24 20 8 31
5 24 24 6 37
7 24 9 23 3
7 24 20 8 29
7 24 24 6 35
12 22 9 23 4
12 22 20 8 22
12 22 24 6 28
5 24 18 5 32
5 24 13 4 28
5 24 22 11 30
7 24 18 5 30
7 24 13 4 26
7 24 22 11 28
12 22 18 5 23
12 22 13 4 19
12 22 22 11 21
5 24 24 12 31
5 24 1 20 8
5 24 12 9 22
7 24 24 12 29
7 24 1 20 10
7 24 12 9 20
12 22 24 12 22
12 22 1 20 13
12 22 12 9 13
5 24 14 5 28
5 24 5 0 24
5 24 15 7 27
7 24 14 5 26
7 24 5 0 26
7 24 15 7 25
12 22 14 5 19
12 22 5 0 29
12 22 15 7 18
5 24 15 21 13
5 24 11 7 23
5 24 22 0 41
7 24 15 21 11
7 24 11 7 21
7 24 22 0 39
12 22 15 21 4
12 22 11 7 16
12 22 22 0 32
5 24 22 21 20
5 24 19 14 24
7 24 22 21 18
7 24 19 14 22
12 22 22 21 11
12 22 19 14 15
5 6 3 16 12
19 3 3 16 29
2 15 3 16 2
5 6 14 7 10
5 6 5 12 6
5 6 15 16 20
19 3 14 7 9
19 3 5 12 23
19 3 15 16 17
2 15 14 7 20
2 15 5 12 6
2 15 15 16 14
5 6 4 0 7
5 6 19 21 29
5 6 9 12 10
19 3 4 0 18
19 3 19 21 18
19 3 9 12 19
2 15 4 0 17
2 15 19 21 23
2 15 9 12 10
5 6 17 15 21
5 6 8 15 12
5 6 18 19 26
19 3 17 15 14
19 3 8 15 23
19 3 18 19 17
2 15 17 15 15
2 15 8 15 6
2 15 18 19 20
5 6 12 14 15
5 6 0 8 7
5 6 4 14 9
19 3 12 14 18
19 3 0 8 24
19 3 4 14 26
2 15 12 14 11
2 15 0 8 9
2 15 4 14 3
5 6 22 7 18
5 6 2 17 14
5 6 9 13 11
19 3 22 7 7
19 3 2 17 31
19 3 9 13 20
2 15 22 7 28
2 15 2 17 2
2 15 9 13 9
5 6 7 0 8
5 6 15 22 26
5 6 14 12 15
19 3 7 0 15
19 3 15 22 23
19 3 14 12 14
2 15 7 0 20
2 15 15 22 20
2 15 14 12 15
5 6 0 3 8
5 6 4 21 16
5 6 23 12 24
19 3 0 3 19
19 3 4 21 33
19 3 23 12 13
2 15 0 3 14
2 15 4 21 8
2 15 23 12 24
5 6 19 2 18
5 6 0 1 10
5 6 2 24 21
19 3 19 2 1
19 3 0 1 21
19 3 2 24 38
2 15 19 2 30
2 15 0 1 16
2 15 2 24 9
5 6 17 6 12
5 6 12 16 17
5 6 7 16 12
19 3 17 6 5
19 3 12 16 20
19 3 7 16 25
2 15 17 6 24
2 15 12 16 11
2 15 7 16 6
5 6 14 21 24
5 6 12 17 18
5 6 3 2 6
19 3 14 21 23
19 3 12 17 21
19 3 3 2 17
2 15 14 21 18
2 15 12 17 12
2 15 3 2 14
5 6 16 3 14
5 6 13 22 24
5 6 7 6 2
19 3 16 3 3
19 3 13 22 25
19 3 7 6 15
2 15 16 3 26
2 15 13 22 18
2 15 7 6 14
5 6 5 24 18
5 6 7 24 20
5 6 12 22 23
19 3 5 24 35
19 3 7 24 33
19 3 12 22 26
2 15 5 24 12
2 15 7 24 14
2 15 12 22 17
5 6 15 14 18
5 6 22 24 35
5 6 16 9 14
19 3 15 14 15
19 3 22 24 24
19 3 16 9 9
2 15 15 14 14
2 15 22 24 29
2 15 16 9 20
5 6 16 10 15
5 6 16 5 12
5 6 14 4 11
19 3 16 10 10
19 3 16 5 5
19 3 14 4 6
2 15 16 10 19
2 15 16 5 24
2 15 14 4 23
5 6 9 23 21
5 6 20 8 17
5 6 24 6 19
19 3 9 23 30
19 3 20 8 6
19 3 24 6 8
2 15 9 23 15
2 15 20 8 25
2 15 24 6 31
5 6 18 5 14
5 6 13 4 10
5 6 22 11 22
19 3 18 5 3
19 3 13 4 7
19 3 22 11 11
2 15 18 5 26
2 15 13 4 22
2 15 22 11 24
5 6 24 12 25
5 6 1 20 18
5 6 12 9 10
19 3 24 12 14
19 3 1 20 35
19 3 12 9 13
2 15 24 12 25
2 15 1 20 6
2 15 12 9 16
5 6 14 5 10
5 6 5 0 6
5 6 15 7 11
19 3 14 5 7
19 3 5 0 17
19 3 15 7 8
2 15 14 5 22
2 15 5 0 18
2 15 15 7 21
5 6 15 21 25
5 6 11 7 7
5 6 22 0 23
19 3 15 21 22
19 3 11 7 12
19 3 22 0 6
2 15 15 21 19
2 15 11 7 17
2 15 22 0 35
5 6 22 21 32
5 6 19 14 22
19 3 22 21 21
19 3 19 14 11
2 15 22 21 26
2 15 19 14 18
15 14 3 16 14
22 24 3 16 27
16 9 3 16 20
15 14 14 7 8
15 14 5 12 12
15 14 15 16 2
22 24 14 7 25
22 24 5 12 29
22 24 15 16 15
16 9 14 7 4
16 9 5 12 14
16 9 15 16 8
15 14 4 0 25
15 14 19 21 11
15 14 9 12 8
22 24 4 0 42
22 24 19 21 6
22 24 9 12 25
16 9 4 0 21
16 9 19 21 15
16 9 9 12 10
15 14 17 15 3
15 14 8 15 8
15 14 18 19 8
22 24 17 15 14
22 24 8 15 23
22 24 18 19 9
16 9 17 15 7
16 9 8 15 14
16 9 18 19 12
15 14 12 14 3
15 14 0 8 21
15 14 4 14 11
22 24 12 14 20
22 24 0 8 38
22 24 4 14 28
16 9 12 14 9
16 9 0 8 17
16 9 4 14 17
15 14 22 7 14
15 14 2 17 16
15 14 9 13 7
22 24 22 7 17
22 24 2 17 27
22 24 9 13 24
16 9 22 7 8
16 9 2 17 22
16 9 9 13 11
15 14 7 0 22
15 14 15 22 8
15 14 14 12 3
22 24 7 0 39
22 24 15 22 9
22 24 14 12 20
16 9 7 0 18
16 9 15 22 14
16 9 14 12 5
15 14 0 3 26
15 14 4 21 18
15 14 23 12 10
22 24 0 3 43
22 24 4 21 21
22 24 23 12 13
16 9 0 3 22
16 9 4 21 24
16 9 23 12 10
15 14 19 2 16
15 14 0 1 28
15 14 2 24 23
22 24 19 2 25
22 24 0 1 45
22 24 2 24 20
16 9 19 2 10
16 9 0 1 24
16 9 2 24 29
15 14 17 6 10
15 14 12 16 5
15 14 7 16 10
22 24 17 6 23
22 24 12 16 18
22 24 7 16 23
16 9 17 6 4
16 9 12 16 11
16 9 7 16 16
15 14 14 21 8
15 14 12 17 6
15 14 3 2 24
22 24 14 21 11
22 24 12 17 17
22 24 3 2 41
16 9 14 21 14
16 9 12 17 12
16 9 3 2 20
15 14 16 3 12
15 14 13 22 10
15 14 7 6 16
22 24 16 3 27
22 24 13 22 11
22 24 7 6 33
16 9 16 3 6
16 9 13 22 16
16 9 7 6 12
15 14 5 24 20
15 14 7 24 18
15 14 12 22 11
22 24 5 24 17
22 24 7 24 15
22 24 12 22 12
16 9 5 24 26
16 9 7 24 24
16 9 12 22 17
15 14 5 6 18
15 14 19 3 15
15 14 2 15 14
22 24 5 6 35
22 24 19 3 24
22 24 2 15 29
16 9 5 6 14
16 9 19 3 9
16 9 2 15 20
15 14 16 10 5
15 14 16 5 10
15 14 14 4 11
22 24 16 10 20
22 24 16 5 25
22 24 14 4 28
16 9 16 10 1
16 9 16 5 4
16 9 14 4 7
15 14 9 23 15
15 14 20 8 11
15 14 24 6 17
22 24 9 23 14
22 24 20 8 18
22 24 24 6 20
16 9 9 23 21
16 9 20 8 5
16 9 24 6 11
15 14 18 5 12
15 14 13 4 12
15 14 22 11 10
22 24 18 5 23
22 24 13 4 29
22 24 22 11 13
16 9 18 5 6
16 9 13 4 8
16 9 22 11 8
15 14 24 12 11
15 14 1 20 20
15 14 12 9 8
22 24 24 12 14
22 24 1 20 25
22 24 12 9 25
16 9 24 12 11
16 9 1 20 26
16 9 12 9 4
15 14 14 5 10
15 14 5 0 24
15 14 15 7 7
22 24 14 5 27
22 24 5 0 41
22 24 15 7 24
16 9 14 5 6
16 9 5 0 20
16 9 15 7 3
15 14 15 21 7
15 14 11 7 11
15 14 22 0 21
22 24 15 21 10
22 24 11 7 28
22 24 22 0 24
16 9 15 21 13
16 9 11 7 7
16 9 22 0 15
15 14 22 21 14
15 14 19 14 4
22 24 22 21 3
22 24 19 14 13
16 9 22 21 18
16 9 19 14 8
16 10 3 16 19
16 5 3 16 24
14 4 3 16 23
16 10 14 7 5
16 10 5 12 13
16 10 15 16 7
16 5 14 7 4
16 5 5 12 18
16 5 15 16 12
14 4 14 7 3
14 4 5 12 17
14 4 15 16 13
16 10 4 0 22
16 10 19 21 14
16 10 9 12 9
16 5 4 0 17
16 5 19 21 19
16 5 9 12 14
14 4 4 0 14
14 4 19 21 22
14 4 9 12 13
16 10 17 15 6
16 10 8 15 13
16 10 18 19 11
16 5 17 15 11
16 5 8 15 18
16 5 18 19 16
14 4 17 15 14
14 4 8 15 17
14 4 18 19 19
16 10 12 14 8
16 10 0 8 18
16 10 4 14 16
16 5 12 14 13
16 5 0 8 19
16 5 4 14 21
14 4 12 14 12
14 4 0 8 18
14 4 4 14 20
16 10 22 7 9
16 10 2 17 21
16 10 9 13 10
16 5 22 7 8
16 5 2 17 26
16 5 9 13 15
14 4 22 7 11
14 4 2 17 25
14 4 9 13 14
16 10 7 0 19
16 10 15 22 13
16 10 14 12 4
16 5 7 0 14
16 5 15 22 18
16 5 14 12 9
14 4 7 0 11
14 4 15 22 19
14 4 14 12 8
16 10 0 3 23
16 10 4 21 23
16 10 23 12 9
16 5 0 3 18
16 5 4 21 28
16 5 23 12 14
14 4 0 3 15
14 4 4 21 27
14 4 23 12 17
16 10 19 2 11
16 10 0 1 25
16 10 2 24 28
16 5 19 2 6
16 5 0 1 20
16 5 2 24 33
14 4 19 2 7
14 4 0 1 17
14 4 2 24 32
16 10 17 6 5
16 10 12 16 10
16 10 7 16 15
16 5 17 6 2
16 5 12 16 15
16 5 7 16 20
14 4 17 6 5
14 4 12 16 14
14 4 7 16 19
16 10 14 21 13
16 10 12 17 11
16 10 3 2 21
16 5 14 21 18
16 5 12 17 16
16 5 3 2 16
14 4 14 21 17
14 4 12 17 15
14 4 3 2 13
16 10 16 3 7
16 10 13 22 15
16 10 7 6 13
16 5 16 3 2
16 5 13 22 20
16 5 7 6 10
14 4 16 3 3
14 4 13 22 19
14 4 7 6 9
16 10 5 24 25
16 10 7 24 23
16 10 12 22 16
16 5 5 24 30
16 5 7 24 28
16 5 12 22 21
14 4 5 24 29
14 4 7 24 27
14 4 12 22 20
16 10 5 6 15
16 10 19 3 10
16 10 2 15 19
16 5 5 6 12
16 5 19 3 5
16 5 2 15 24
14 4 5 6 11
14 4 19 3 6
14 4 2 15 23
16 10 15 14 5
16 10 22 24 20
16 10 16 9 1
16 5 15 14 10
16 5 22 24 25
16 5 16 9 4
14 4 15 14 11
14 4 22 24 28
14 4 16 9 7
16 10 9 23 20
16 10 20 8 6
16 10 24 6 12
16 5 9 23 25
16 5 20 8 7
16 5 24 6 9
14 4 9 23 24
14 4 20 8 10
14 4 24 6 12
16 10 18 5 7
16 10 13 4 9
16 10 22 11 7
16 5 18 5 2
16 5 13 4 4
16 5 22 11 12
14 4 18 5 5
14 4 13 4 1
14 4 22 11 15
16 10 24 12 10
16 10 1 20 25
16 10 12 9 5
16 5 24 12 15
16 5 1 20 30
16 5 12 9 8
14 4 24 12 18
14 4 1 20 29
14 4 12 9 7
16 10 14 5 7
16 10 5 0 21
16 10 15 7 4
16 5 14 5 2
16 5 5 0 16
16 5 15 7 3
14 4 14 5 1
14 4 5 0 13
14 4 15 7 4
16 10 15 21 12
16 10 11 7 8
16 10 22 0 16
16 5 15 21 17
16 5 11 7 7
16 5 22 0 11
14 4 15 21 18
14 4 11 7 6
14 4 22 0 12
16 10 22 21 17
16 10 19 14 7
16 5 22 21 22
16 5 19 14 12
14 4 22 21 25
14 4 19 14 15
9 23 3 16 13
20 8 3 16 25
24 6 3 16 31
9 23 14 7 21
9 23 5 12 15
9 23 15 16 13
20 8 14 7 7
20 8 5 12 19
20 8 15 16 13
24 6 14 7 11
24 6 5 12 25
24 6 15 16 19
9 23 4 0 28
9 23 19 21 12
9 23 9 12 11
20 8 4 0 24
20 8 19 21 14
20 8 9 12 15
24 6 4 0 26
24 6 19 21 20
24 6 9 12 21
9 23 17 15 16
9 23 8 15 9
9 23 18 19 13
20 8 17 15 10
20 8 8 15 19
20 8 18 19 13
24 6 17 15 16
24 6 8 15 25
24 6 18 19 19
9 23 12 14 12
9 23 0 8 24
9 23 4 14 14
20 8 12 14 14
20 8 0 8 20
20 8 4 14 22
24 6 12 14 20
24 6 0 8 26
24 6 4 14 28
9 23 22 7 29
9 23 2 17 13
9 23 9 13 10
20 8 22 7 3
20 8 2 17 27
20 8 9 13 16
24 6 22 7 3
24 6 2 17 33
24 6 9 13 22
9 23 7 0 25
9 23 15 22 7
9 23 14 12 16
20 8 7 0 21
20 8 15 22 19
20 8 14 12 10
24 6 7 0 23
24 6 15 22 25
24 6 14 12 16
9 23 0 3 29
9 23 4 21 7
9 23 23 12 25
20 8 0 3 25
20 8 4 21 29
20 8 23 12 7
24 6 0 3 27
24 6 4 21 35
24 6 23 12 7
9 23 19 2 31
9 23 0 1 31
9 23 2 24 8
20 8 19 2 7
20 8 0 1 27
20 8 2 24 34
24 6 19 2 9
24 6 0 1 29
24 6 2 24 40
9 23 17 6 25
9 23 12 16 10
9 23 7 16 9
20 8 17 6 5
20 8 12 16 16
20 8 7 16 21
24 6 17 6 7
24 6 12 16 22
24 6 7 16 27
9 23 14 21 7
9 23 12 17 9
9 23 3 2 27
20 8 14 21 19
20 8 12 17 17
20 8 3 2 23
24 6 14 21 25
24 6 12 17 23
24 6 3 2 25
9 23 16 3 27
9 23 13 22 5
9 23 7 6 19
20 8 16 3 9
20 8 13 22 21
20 8 7 6 15
24 6 16 3 11
24 6 13 22 27
24 6 7 6 17
9 23 5 24 5
9 23 7 24 3
9 23 12 22 4
20 8 5 24 31
20 8 7 24 29
20 8 12 22 22
24 6 5 24 37
24 6 7 24 35
24 6 12 22 28
9 23 5 6 21
9 23 19 3 30
9 23 2 15 15
20 8 5 6 17
20 8 19 3 6
20 8 2 15 25
24 6 5 6 19
24 6 19 3 8
24 6 2 15 31
9 23 15 14 15
9 23 22 24 14
9 23 16 9 21
20 8 15 14 11
20 8 22 24 18
20 8 16 9 5
24 6 15 14 17
24 6 22 24 20
24 6 16 9 11
9 23 16 10 20
9 23 16 5 25
9 23 14 4 24
20 8 16 10 6
20 8 16 5 7
20 8 14 4 10
24 6 16 10 12
24 6 16 5 9
24 6 14 4 12
9 23 18 5 27
9 23 13 4 23
9 23 22 11 25
20 8 18 5 5
20 8 13 4 11
20 8 22 11 5
24 6 18 5 7
24 6 13 4 13
24 6 22 11 7
9 23 24 12 26
9 23 1 20 11
9 23 12 9 17
20 8 24 12 8
20 8 1 20 31
20 8 12 9 9
24 6 24 12 6
24 6 1 20 37
24 6 12 9 15
9 23 14 5 23
9 23 5 0 27
9 23 15 7 22
20 8 14 5 9
20 8 5 0 23
20 8 15 7 6
24 6 14 5 11
24 6 5 0 25
24 6 15 7 10
9 23 15 21 8
9 23 11 7 18
9 23 22 0 36
20 8 15 21 18
20 8 11 7 10
20 8 22 0 10
24 6 15 21 24
24 6 11 7 14
24 6 22 0 8
9 23 22 21 15
9 23 19 14 19
20 8 22 21 15
20 8 19 14 7
24 6 22 21 17
24 6 19 14 13
18 5 3 16 26
13 4 3 16 22
22 11 3 16 24
18 5 14 7 6
18 5 5 12 20
18 5 15 16 14
13 4 14 7 4
13 4 5 12 16
13 4 15 16 14
22 11 14 7 12
22 11 5 12 18
22 11 15 16 12
18 5 4 0 19
18 5 19 21 17
18 5 9 12 16
13 4 4 0 13
13 4 19 21 23
13 4 9 12 12
22 11 4 0 29
22 11 19 21 13
22 11 9 12 14
18 5 17 15 11
18 5 8 15 20
18 5 18 19 14
13 4 17 15 15
13 4 8 15 16
13 4 18 19 20
22 11 17 15 9
22 11 8 15 18
22 11 18 19 12
18 5 12 14 15
18 5 0 8 21
18 5 4 14 23
13 4 12 14 11
13 4 0 8 17
13 4 4 14 19
22 11 12 14 13
22 11 0 8 25
22 11 4 14 21
18 5 22 7 6
18 5 2 17 28
18 5 9 13 17
13 4 22 7 12
13 4 2 17 24
13 4 9 13 13
22 11 22 7 4
22 11 2 17 26
22 11 9 13 15
18 5 7 0 16
18 5 15 22 20
18 5 14 12 11
13 4 7 0 10
13 4 15 22 20
13 4 14 12 9
22 11 7 0 26
22 11 15 22 18
22 11 14 12 9
18 5 0 3 20
18 5 4 21 30
18 5 23 12 12
13 4 0 3 14
13 4 4 21 26
13 4 23 12 18
22 11 0 3 30
22 11 4 21 28
22 11 23 12 2
18 5 19 2 4
18 5 0 1 22
18 5 2 24 35
13 4 19 2 8
13 4 0 1 16
13 4 2 24 31
22 11 19 2 12
22 11 0 1 32
22 11 2 24 33
18 5 17 6 2
18 5 12 16 17
18 5 7 16 22
13 4 17 6 6
13 4 12 16 13
13 4 7 16 18
22 11 17 6 10
22 11 12 16 15
22 11 7 16 20
18 5 14 21 20
18 5 12 17 18
18 5 3 2 18
13 4 14 21 18
13 4 12 17 14
13 4 3 2 12
22 11 14 21 18
22 11 12 17 16
22 11 3 2 28
18 5 16 3 4
18 5 13 22 22
18 5 7 6 12
13 4 16 3 4
13 4 13 22 18
13 4 7 6 8
22 11 16 3 14
22 11 13 22 20
22 11 7 6 20
18 5 5 24 32
18 5 7 24 30
18 5 12 22 23
13 4 5 24 28
13 4 7 24 26
13 4 12 22 19
22 11 5 24 30
22 11 7 24 28
22 11 12 22 21
18 5 5 6 14
18 5 19 3 3
18 5 2 15 26
13 4 5 6 10
13 4 19 3 7
13 4 2 15 22
22 11 5 6 22
22 11 19 3 11
22 11 2 15 24
18 5 15 14 12
18 5 22 24 23
18 5 16 9 6
13 4 15 14 12
13 4 22 24 29
13 4 16 9 8
22 11 15 14 10
22 11 22 24 13
22 11 16 9 8
18 5 16 10 7
18 5 16 5 2
18 5 14 4 5
13 4 16 10 9
13 4 16 5 4
13 4 14 4 1
22 11 16 10 7
22 11 16 5 12
22 11 14 4 15
18 5 9 23 27
18 5 20 8 5
18 5 24 6 7
13 4 9 23 23
13 4 20 8 11
13 4 24 6 13
22 11 9 23 25
22 11 20 8 5
22 11 24 6 7
18 5 24 12 13
18 5 1 20 32
18 5 12 9 10
13 4 24 12 19
13 4 1 20 28
13 4 12 9 6
22 11 24 12 3
22 11 1 20 30
22 11 12 9 12
18 5 14 5 4
18 5 5 0 18
18 5 15 7 5
13 4 14 5 2
13 4 5 0 12
13 4 15 7 5
22 11 14 5 14
22 11 5 0 28
22 11 15 7 11
18 5 15 21 19
18 5 11 7 9
18 5 22 0 9
13 4 15 21 19
13 4 11 7 5
13 4 22 0 13
22 11 15 21 17
22 11 11 7 15
22 11 22 0 11
18 5 22 21 20
18 5 19 14 10
13 4 22 21 26
13 4 19 14 16
22 11 22 21 10
22 11 19 14 6
24 12 3 16 25
1 20 3 16 6
12 9 3 16 16
24 12 14 7 15
24 12 5 12 19
24 12 15 16 13
1 20 14 7 26
1 20 5 12 12
1 20 15 16 18
12 9 14 7 4
12 9 5 12 10
12 9 15 16 10
24 12 4 0 32
24 12 19 21 14
24 12 9 12 15
1 20 4 0 23
1 20 19 21 19
1 20 9 12 16
12 9 4 0 17
12 9 19 21 19
12 9 9 12 6
24 12 17 15 10
24 12 8 15 19
24 12 18 19 13
1 20 17 15 21
1 20 8 15 12
1 20 18 19 18
12 9 17 15 11
12 9 8 15 10
12 9 18 19 16
24 12 12 14 14
24 12 0 8 28
24 12 4 14 22
1 20 12 14 17
1 20 0 8 13
1 20 4 14 9
12 9 12 14 5
12 9 0 8 13
12 9 4 14 13
24 12 22 7 7
24 12 2 17 27
24 12 9 13 16
1 20 22 7 34
1 20 2 17 4
1 20 9 13 15
12 9 22 7 12
12 9 2 17 18
12 9 9 13 7
24 12 7 0 29
24 12 15 22 19
24 12 14 12 10
1 20 7 0 26
1 20 15 22 16
1 20 14 12 21
12 9 7 0 14
12 9 15 22 16
12 9 14 12 5
24 12 0 3 33
24 12 4 21 29
24 12 23 12 1
1 20 0 3 18
1 20 4 21 4
1 20 23 12 30
12 9 0 3 18
12 9 4 21 20
12 9 23 12 14
24 12 19 2 15
24 12 0 1 35
24 12 2 24 34
1 20 19 2 36
1 20 0 1 20
1 20 2 24 5
12 9 19 2 14
12 9 0 1 20
12 9 2 24 25
24 12 17 6 13
24 12 12 16 16
24 12 7 16 21
1 20 17 6 30
1 20 12 16 15
1 20 7 16 10
12 9 17 6 8
12 9 12 16 7
12 9 7 16 12
24 12 14 21 19
24 12 12 17 17
24 12 3 2 31
1 20 14 21 14
1 20 12 17 14
1 20 3 2 20
12 9 14 21 14
12 9 12 17 8
12 9 3 2 16
24 12 16 3 17
24 12 13 22 21
24 12 7 6 23
1 20 16 3 32
1 20 13 22 14
1 20 7 6 20
12 9 16 3 10
12 9 13 22 14
12 9 7 6 8
24 12 5 24 31
24 12 7 24 29
24 12 12 22 22
1 20 5 24 8
1 20 7 24 10
1 20 12 22 13
12 9 5 24 22
12 9 7 24 20
12 9 12 22 13
24 12 5 6 25
24 12 19 3 14
24 12 2 15 25
1 20 5 6 18
1 20 19 3 35
1 20 2 15 6
12 9 5 6 10
12 9 19 3 13
12 9 2 15 16
24 12 15 14 11
24 12 22 24 14
24 12 16 9 11
1 20 15 14 20
1 20 22 24 25
1 20 16 9 26
12 9 15 14 8
12 9 22 24 25
12 9 16 9 4
24 12 16 10 10
24 12 16 5 15
24 12 14 4 18
1 20 16 10 25
1 20 16 5 30
1 20 14 4 29
12 9 16 10 5
12 9 16 5 8
12 9 14 4 7
24 12 9 23 26
24 12 20 8 8
24 12 24 6 6
1 20 9 23 11
1 20 20 8 31
1 20 24 6 37
12 9 9 23 17
12 9 20 8 9
12 9 24 6 15
24 12 18 5 13
24 12 13 4 19
24 12 22 11 3
1 20 18 5 32
1 20 13 4 28
1 20 22 11 30
12 9 18 5 10
12 9 13 4 6
12 9 22 11 12
24 12 14 5 17
24 12 5 0 31
24 12 15 7 14
1 20 14 5 28
1 20 5 0 24
1 20 15 7 27
12 9 14 5 6
12 9 5 0 16
12 9 15 7 5
24 12 15 21 18
24 12 11 7 18
24 12 22 0 14
1 20 15 21 15
1 20 11 7 23
1 20 22 0 41
12 9 15 21 15
12 9 11 7 3
12 9 22 0 19
24 12 22 21 11
24 12 19 14 7
1 20 22 21 22
1 20 19 14 24
12 9 22 21 22
12 9 19 14 12
14 5 3 16 22
5 0 3 16 18
15 7 3 16 21
14 5 14 7 2
14 5 5 12 16
14 5 15 16 12
5 0 14 7 16
5 0 5 12 12
5 0 15 16 26
15 7 14 7 1
15 7 5 12 15
15 7 15 16 9
14 5 4 0 15
14 5 19 21 21
14 5 9 12 12
5 0 4 0 1
5 0 19 21 35
5 0 9 12 16
15 7 4 0 18
15 7 19 21 18
15 7 9 12 11
14 5 17 15 13
14 5 8 15 16
14 5 18 19 18
5 0 17 15 27
5 0 8 15 18
5 0 18 19 32
15 7 17 15 10
15 7 8 15 15
15 7 18 19 15
14 5 12 14 11
14 5 0 8 17
14 5 4 14 19
5 0 12 14 21
5 0 0 8 13
5 0 4 14 15
15 7 12 14 10
15 7 0 8 16
15 7 4 14 18
14 5 22 7 10
14 5 2 17 24
14 5 9 13 13
5 0 22 7 24
5 0 2 17 20
5 0 9 13 17
15 7 22 7 7
15 7 2 17 23
15 7 9 13 12
14 5 7 0 12
14 5 15 22 18
14 5 14 12 7
5 0 7 0 2
5 0 15 22 32
5 0 14 12 21
15 7 7 0 15
15 7 15 22 15
15 7 14 12 6
14 5 0 3 16
14 5 4 21 26
14 5 23 12 16
5 0 0 3 8
5 0 4 21 22
5 0 23 12 30
15 7 0 3 19
15 7 4 21 25
15 7 23 12 13
14 5 19 2 8
14 5 0 1 18
14 5 2 24 31
5 0 19 2 16
5 0 0 1 6
5 0 2 24 27
15 7 19 2 9
15 7 0 1 21
15 7 2 24 30
14 5 17 6 4
14 5 12 16 13
14 5 7 16 18
5 0 17 6 18
5 0 12 16 23
5 0 7 16 18
15 7 17 6 3
15 7 12 16 12
15 7 7 16 17
14 5 14 21 16
14 5 12 17 14
14 5 3 2 14
5 0 14 21 30
5 0 12 17 24
5 0 3 2 4
15 7 14 21 15
15 7 12 17 13
15 7 3 2 17
14 5 16 3 4
14 5 13 22 18
14 5 7 6 8
5 0 16 3 14
5 0 13 22 30
5 0 7 6 8
15 7 16 3 5
15 7 13 22 17
15 7 7 6 9
14 5 5 24 28
14 5 7 24 26
14 5 12 22 19
5 0 5 24 24
5 0 7 24 26
5 0 12 22 29
15 7 5 24 27
15 7 7 24 25
15 7 12 22 18
14 5 5 6 10
14 5 19 3 7
14 5 2 15 22
5 0 5 6 6
5 0 19 3 17
5 0 2 15 18
15 7 5 6 11
15 7 19 3 8
15 7 2 15 21
14 5 15 14 10
14 5 22 24 27
14 5 16 9 6
5 0 15 14 24
5 0 22 24 41
5 0 16 9 20
15 7 15 14 7
15 7 22 24 24
15 7 16 9 3
14 5 16 10 7
14 5 16 5 2
14 5 14 4 1
5 0 16 10 21
5 0 16 5 16
5 0 14 4 13
15 7 16 10 4
15 7 16 5 3
15 7 14 4 4
14 5 9 23 23
14 5 20 8 9
14 5 24 6 11
5 0 9 23 27
5 0 20 8 23
5 0 24 6 25
15 7 9 23 22
15 7 20 8 6
15 7 24 6 10
14 5 18 5 4
14 5 13 4 2
14 5 22 11 14
5 0 18 5 18
5 0 13 4 12
5 0 22 11 28
15 7 18 5 5
15 7 13 4 5
15 7 22 11 11
14 5 24 12 17
14 5 1 20 28
14 5 12 9 6
5 0 24 12 31
5 0 1 20 24
5 0 12 9 16
15 7 24 12 14
15 7 1 20 27
15 7 12 9 5
14 5 15 21 17
14 5 11 7 5
14 5 22 0 13
5 0 15 21 31
5 0 11 7 13
5 0 22 0 17
15 7 15 21 14
15 7 11 7 4
15 7 22 0 14
14 5 22 21 24
14 5 19 14 14
5 0 22 21 38
5 0 19 14 28
15 7 22 21 21
15 7 19 14 11
15 21 3 16 17
11 7 3 16 17
22 0 3 16 35
15 21 14 7 15
15 21 5 12 19
15 21 15 16 5
11 7 14 7 3
11 7 5 12 11
11 7 15 16 13
22 0 14 7 15
22 0 5 12 29
22 0 15 16 23
15 21 4 0 32
15 21 19 21 4
15 21 9 12 15
11 7 4 0 14
11 7 19 21 22
11 7 9 12 7
22 0 4 0 18
22 0 19 21 24
22 0 9 12 25
15 21 17 15 8
15 21 8 15 13
15 21 18 19 5
11 7 17 15 14
11 7 8 15 11
11 7 18 19 19
22 0 17 15 20
22 0 8 15 29
22 0 18 19 23
15 21 12 14 10
15 21 0 8 28
15 21 4 14 18
11 7 12 14 8
11 7 0 8 12
11 7 4 14 14
22 0 12 14 24
22 0 0 8 30
22 0 4 14 32
15 21 22 7 21
15 21 2 17 17
15 21 9 13 14
11 7 22 7 11
11 7 2 17 19
11 7 9 13 8
22 0 22 7 7
22 0 2 17 37
22 0 9 13 26
15 21 7 0 29
15 21 15 22 1
15 21 14 12 10
11 7 7 0 11
11 7 15 22 19
11 7 14 12 8
22 0 7 0 15
22 0 15 22 29
22 0 14 12 20
15 21 0 3 33
15 21 4 21 11
15 21 23 12 17
11 7 0 3 15
11 7 4 21 21
11 7 23 12 17
22 0 0 3 25
22 0 4 21 39
22 0 23 12 13
15 21 19 2 23
15 21 0 1 35
15 21 2 24 16
11 7 19 2 13
11 7 0 1 17
11 7 2 24 26
22 0 19 2 5
22 0 0 1 23
22 0 2 24 44
15 21 17 6 17
15 21 12 16 8
15 21 7 16 13
11 7 17 6 7
11 7 12 16 10
11 7 7 16 13
22 0 17 6 11
22 0 12 16 26
22 0 7 16 31
15 21 14 21 1
15 21 12 17 7
15 21 3 2 31
11 7 14 21 17
11 7 12 17 11
11 7 3 2 13
22 0 14 21 29
22 0 12 17 27
22 0 3 2 21
15 21 16 3 19
15 21 13 22 3
15 21 7 6 23
11 7 16 3 9
11 7 13 22 17
11 7 7 6 5
22 0 16 3 9
22 0 13 22 31
22 0 7 6 21
15 21 5 24 13
15 21 7 24 11
15 21 12 22 4
11 7 5 24 23
11 7 7 24 21
11 7 12 22 16
22 0 5 24 41
22 0 7 24 39
22 0 12 22 32
15 21 5 6 25
15 21 19 3 22
15 21 2 15 19
11 7 5 6 7
11 7 19 3 12
11 7 2 15 17
22 0 5 6 23
22 0 19 3 6
22 0 2 15 35
15 21 15 14 7
15 21 22 24 10
15 21 16 9 13
11 7 15 14 11
11 7 22 24 28
11 7 16 9 7
22 0 15 14 21
22 0 22 24 24
22 0 16 9 15
15 21 16 10 12
15 21 16 5 17
15 21 14 4 18
11 7 16 10 8
11 7 16 5 7
11 7 14 4 6
22 0 16 10 16
22 0 16 5 11
22 0 14 4 12
15 21 9 23 8
15 21 20 8 18
15 21 24 6 24
11 7 9 23 18
11 7 20 8 10
11 7 24 6 14
22 0 9 23 36
22 0 20 8 10
22 0 24 6 8
15 21 18 5 19
15 21 13 4 19
15 21 22 11 17
11 7 18 5 9
11 7 13 4 5
11 7 22 11 15
22 0 18 5 9
22 0 13 4 13
22 0 22 11 11
15 21 24 12 18
15 21 1 20 15
15 21 12 9 15
11 7 24 12 18
11 7 1 20 23
11 7 12 9 3
22 0 24 12 14
22 0 1 20 41
22 0 12 9 19
15 21 14 5 17
15 21 5 0 31
15 21 15 7 14
11 7 14 5 5
11 7 5 0 13
11 7 15 7 4
22 0 14 5 13
22 0 5 0 17
22 0 15 7 14
15 21 22 21 7
15 21 19 14 11
11 7 22 21 25
11 7 19 14 15
22 0 22 21 21
22 0 19 14 17
22 21 3 16 24
19 14 3 16 18
22 21 14 7 22
22 21 5 12 26
22 21 15 16 12
19 14 14 7 12
19 14 5 12 16
19 14 15 16 6
22 21 4 0 39
22 21 19 21 3
22 21 9 12 22
19 14 4 0 29
19 14 19 21 7
19 14 9 12 12
22 21 17 15 11
22 21 8 15 20
22 21 18 19 6
19 14 17 15 3
19 14 8 15 12
19 14 18 19 6
22 21 12 14 17
22 21 0 8 35
22 21 4 14 25
19 14 12 14 7
19 14 0 8 25
19 14 4 14 15
22 21 22 7 14
22 21 2 17 24
22 21 9 13 21
19 14 22 7 10
19 14 2 17 20
19 14 9 13 11
22 21 7 0 36
22 21 15 22 8
22 21 14 12 17
19 14 7 0 26
19 14 15 22 12
19 14 14 12 7
22 21 0 3 40
22 21 4 21 18
22 21 23 12 10
19 14 0 3 30
19 14 4 21 22
19 14 23 12 6
22 21 19 2 22
22 21 0 1 42
22 21 2 24 23
19 14 19 2 12
19 14 0 1 32
19 14 2 24 27
22 21 17 6 20
22 21 12 16 15
22 21 7 16 20
19 14 17 6 10
19 14 12 16 9
19 14 7 16 14
22 21 14 21 8
22 21 12 17 14
22 21 3 2 38
19 14 14 21 12
19 14 12 17 10
19 14 3 2 28
22 21 16 3 24
22 21 13 22 10
22 21 7 6 30
19 14 16 3 14
19 14 13 22 14
19 14 7 6 20
22 21 5 24 20
22 21 7 24 18
22 21 12 22 11
19 14 5 24 24
19 14 7 24 22
19 14 12 22 15
22 21 5 6 32
22 21 19 3 21
22 21 2 15 26
19 14 5 6 22
19 14 19 3 11
19 14 2 15 18
22 21 15 14 14
22 21 22 24 3
22 21 16 9 18
19 14 15 14 4
19 14 22 24 13
19 14 16 9 8
22 21 16 10 17
22 21 16 5 22
22 21 14 4 25
19 14 16 10 7
19 14 16 5 12
19 14 14 4 15
22 21 9 23 15
22 21 20 8 15
22 21 24 6 17
19 14 9 23 19
19 14 20 8 7
19 14 24 6 13
22 21 18 5 20
22 21 13 4 26
22 21 22 11 10
19 14 18 5 10
19 14 13 4 16
19 14 22 11 6
22 21 24 12 11
22 21 1 20 22
22 21 12 9 22
19 14 24 12 7
19 14 1 20 24
19 14 12 9 12
22 21 14 5 24
22 21 5 0 38
22 21 15 7 21
19 14 14 5 14
19 14 5 0 28
19 14 15 7 11
22 21 15 21 7
22 21 11 7 25
22 21 22 0 21
19 14 15 21 11
19 14 11 7 15
19 14 22 0 17
