625 63 21 38 15
21 Clusters:
0 2 2 0
1 12 19 10
1 8 8 10
1 24 19 10
2 4 19 15
2 21 14 15
2 8 17 15
3 6 23 11
3 6 7 11
3 11 24 11
4 10 11 1
4 15 11 1
4 23 21 1
5 18 10 6
5 5 1 6
5 3 20 6
6 19 18 11
6 2 0 11
6 24 16 11
7 13 15 7
7 19 22 7
7 7 5 7
8 7 6 2
8 8 16 2
8 20 20 2
9 11 23 6
9 1 24 6
9 6 22 6
10 4 18 1
10 21 0 1
10 2 5 1
11 1 2 3
11 3 23 3
11 7 9 3
12 15 6 2
12 14 5 2
12 2 9 2
13 17 9 8
13 13 7 8
13 20 12 8
14 20 9 12
14 15 12 12
14 13 9 12
15 12 8 7
15 16 7 7
15 0 18 7
16 19 24 8
16 1 13 8
16 8 19 8
17 17 23 6
17 23 7 6
17 22 16 6
18 9 20 12
18 4 22 12
18 8 3 12
19 17 11 13
19 6 1 13
19 11 8 13
20 14 15 11
20 21 19 11
20 2 7 11
21 0 8 7
21 6 9 7
3784 Arcs:
2 2 12 19 27
2 2 8 8 12
2 2 24 19 39
2 2 4 19 19
2 2 21 14 31
2 2 8 17 21
2 2 6 23 25
2 2 6 7 9
2 2 11 24 31
2 2 10 11 17
2 2 15 11 22
2 2 23 21 40
2 2 18 10 24
2 2 5 1 4
2 2 3 20 19
2 2 19 18 33
2 2 2 0 2
2 2 24 16 36
2 2 13 15 24
2 2 19 22 37
2 2 7 5 8
2 2 7 6 9
2 2 8 16 20
2 2 20 20 36
2 2 11 23 30
2 2 1 24 23
2 2 6 22 24
2 2 4 18 18
2 2 21 0 21
2 2 2 5 3
2 2 1 2 1
2 2 3 23 22
2 2 7 9 12
2 2 15 6 17
2 2 14 5 15
2 2 2 9 7
2 2 17 9 22
2 2 13 7 16
2 2 20 12 28
2 2 20 9 25
2 2 15 12 23
2 2 13 9 18
2 2 12 8 16
2 2 16 7 19
2 2 0 18 18
2 2 19 24 39
2 2 1 13 12
2 2 8 19 23
2 2 17 23 36
2 2 23 7 26
2 2 22 16 34
2 2 9 20 25
2 2 4 22 22
2 2 8 3 7
2 2 17 11 24
2 2 6 1 5
2 2 11 8 15
2 2 14 15 25
2 2 21 19 36
2 2 2 7 5
2 2 0 8 8
2 2 6 9 11
12 19 2 2 27
8 8 2 2 12
24 19 2 2 39
12 19 4 19 8
12 19 21 14 14
12 19 8 17 6
8 8 4 19 15
8 8 21 14 19
8 8 8 17 9
24 19 4 19 20
24 19 21 14 8
24 19 8 17 18
12 19 6 23 10
12 19 6 7 18
12 19 11 24 6
8 8 6 23 17
8 8 6 7 3
8 8 11 24 19
24 19 6 23 22
24 19 6 7 30
24 19 11 24 18
12 19 10 11 10
12 19 15 11 11
12 19 23 21 13
8 8 10 11 5
8 8 15 11 10
8 8 23 21 28
24 19 10 11 22
24 19 15 11 17
24 19 23 21 3
12 19 18 10 15
12 19 5 1 25
12 19 3 20 10
8 8 18 10 12
8 8 5 1 10
8 8 3 20 17
24 19 18 10 15
24 19 5 1 37
24 19 3 20 22
12 19 19 18 8
12 19 2 0 29
12 19 24 16 15
8 8 19 18 21
8 8 2 0 14
8 8 24 16 24
24 19 19 18 6
24 19 2 0 41
24 19 24 16 3
12 19 13 15 5
12 19 19 22 10
12 19 7 5 19
8 8 13 15 12
8 8 19 22 25
8 8 7 5 4
24 19 13 15 15
24 19 19 22 8
24 19 7 5 31
12 19 7 6 18
12 19 8 16 7
12 19 20 20 9
8 8 7 6 3
8 8 8 16 8
8 8 20 20 24
24 19 7 6 30
24 19 8 16 19
24 19 20 20 5
12 19 11 23 5
12 19 1 24 16
12 19 6 22 9
8 8 11 23 18
8 8 1 24 23
8 8 6 22 16
24 19 11 23 17
24 19 1 24 28
24 19 6 22 21
12 19 4 18 9
12 19 21 0 28
12 19 2 5 24
8 8 4 18 14
8 8 21 0 21
8 8 2 5 9
24 19 4 18 21
24 19 21 0 22
24 19 2 5 36
12 19 1 2 28
12 19 3 23 13
12 19 7 9 15
8 8 1 2 13
8 8 3 23 20
8 8 7 9 2
24 19 1 2 40
24 19 3 23 25
24 19 7 9 27
12 19 15 6 16
12 19 14 5 16
12 19 2 9 20
8 8 15 6 9
8 8 14 5 9
8 8 2 9 7
24 19 15 6 22
24 19 14 5 24
24 19 2 9 32
12 19 17 9 15
12 19 13 7 13
12 19 20 12 15
8 8 17 9 10
8 8 13 7 6
8 8 20 12 16
24 19 17 9 17
24 19 13 7 23
24 19 20 12 11
12 19 20 9 18
12 19 15 12 10
12 19 13 9 11
8 8 20 9 13
8 8 15 12 11
8 8 13 9 6
24 19 20 9 14
24 19 15 12 16
24 19 13 9 21
12 19 12 8 11
12 19 16 7 16
12 19 0 18 13
8 8 12 8 4
8 8 16 7 9
8 8 0 18 18
24 19 12 8 23
24 19 16 7 20
24 19 0 18 25
12 19 19 24 12
12 19 1 13 17
12 19 8 19 4
8 8 19 24 27
8 8 1 13 12
8 8 8 19 11
24 19 19 24 10
24 19 1 13 29
24 19 8 19 16
12 19 17 23 9
12 19 23 7 23
12 19 22 16 13
8 8 17 23 24
8 8 23 7 16
8 8 22 16 22
24 19 17 23 11
24 19 23 7 13
24 19 22 16 5
12 19 9 20 4
12 19 4 22 11
12 19 8 3 20
8 8 9 20 13
8 8 4 22 18
8 8 8 3 5
24 19 9 20 16
24 19 4 22 23
24 19 8 3 32
12 19 17 11 13
12 19 6 1 24
12 19 11 8 12
8 8 17 11 12
8 8 6 1 9
8 8 11 8 3
24 19 17 11 15
24 19 6 1 36
24 19 11 8 24
12 19 14 15 6
12 19 21 19 9
12 19 2 7 22
8 8 14 15 13
8 8 21 19 24
8 8 2 7 7
24 19 14 15 14
24 19 21 19 3
24 19 2 7 34
12 19 0 8 23
12 19 6 9 16
8 8 0 8 8
8 8 6 9 3
24 19 0 8 35
24 19 6 9 28
4 19 2 2 19
21 14 2 2 31
8 17 2 2 21
4 19 12 19 8
4 19 8 8 15
4 19 24 19 20
21 14 12 19 14
21 14 8 8 19
21 14 24 19 8
8 17 12 19 6
8 17 8 8 9
8 17 24 19 18
4 19 6 23 6
4 19 6 7 14
4 19 11 24 12
21 14 6 23 24
21 14 6 7 22
21 14 11 24 20
8 17 6 23 8
8 17 6 7 12
8 17 11 24 10
4 19 10 11 14
4 19 15 11 19
4 19 23 21 21
21 14 10 11 14
21 14 15 11 9
21 14 23 21 9
8 17 10 11 8
8 17 15 11 13
8 17 23 21 19
4 19 18 10 23
4 19 5 1 19
4 19 3 20 2
21 14 18 10 7
21 14 5 1 29
21 14 3 20 24
8 17 18 10 17
8 17 5 1 19
8 17 3 20 8
4 19 19 18 16
4 19 2 0 21
4 19 24 16 23
21 14 19 18 6
21 14 2 0 33
21 14 24 16 5
8 17 19 18 12
8 17 2 0 23
8 17 24 16 17
4 19 13 15 13
4 19 19 22 18
4 19 7 5 17
21 14 13 15 9
21 14 19 22 10
21 14 7 5 23
8 17 13 15 7
8 17 19 22 16
8 17 7 5 13
4 19 7 6 16
4 19 8 16 7
4 19 20 20 17
21 14 7 6 22
21 14 8 16 15
21 14 20 20 7
8 17 7 6 12
8 17 8 16 1
8 17 20 20 15
4 19 11 23 11
4 19 1 24 8
4 19 6 22 5
21 14 11 23 19
21 14 1 24 30
21 14 6 22 23
8 17 11 23 9
8 17 1 24 14
8 17 6 22 7
4 19 4 18 1
4 19 21 0 36
4 19 2 5 16
21 14 4 18 21
21 14 21 0 14
21 14 2 5 28
8 17 4 18 5
8 17 21 0 30
8 17 2 5 18
4 19 1 2 20
4 19 3 23 5
4 19 7 9 13
21 14 1 2 32
21 14 3 23 27
21 14 7 9 19
8 17 1 2 22
8 17 3 23 11
8 17 7 9 9
4 19 15 6 24
4 19 14 5 24
4 19 2 9 12
21 14 15 6 14
21 14 14 5 16
21 14 2 9 24
8 17 15 6 18
8 17 14 5 18
8 17 2 9 14
4 19 17 9 23
4 19 13 7 21
4 19 20 12 23
21 14 17 9 9
21 14 13 7 15
21 14 20 12 3
8 17 17 9 17
8 17 13 7 15
8 17 20 12 17
4 19 20 9 26
4 19 15 12 18
4 19 13 9 19
21 14 20 9 6
21 14 15 12 8
21 14 13 9 13
8 17 20 9 20
8 17 15 12 12
8 17 13 9 13
4 19 12 8 19
4 19 16 7 24
4 19 0 18 5
21 14 12 8 15
21 14 16 7 12
21 14 0 18 25
8 17 12 8 13
8 17 16 7 18
8 17 0 18 9
4 19 19 24 20
4 19 1 13 9
4 19 8 19 4
21 14 19 24 12
21 14 1 13 21
21 14 8 19 18
8 17 19 24 18
8 17 1 13 11
8 17 8 19 2
4 19 17 23 17
4 19 23 7 31
4 19 22 16 21
21 14 17 23 13
21 14 23 7 9
21 14 22 16 3
8 17 17 23 15
8 17 23 7 25
8 17 22 16 15
4 19 9 20 6
4 19 4 22 3
4 19 8 3 20
21 14 9 20 18
21 14 4 22 25
21 14 8 3 24
8 17 9 20 4
8 17 4 22 9
8 17 8 3 14
4 19 17 11 21
4 19 6 1 20
4 19 11 8 18
21 14 17 11 7
21 14 6 1 28
21 14 11 8 16
8 17 17 11 15
8 17 6 1 18
8 17 11 8 12
4 19 14 15 14
4 19 21 19 17
4 19 2 7 14
21 14 14 15 8
21 14 21 19 5
21 14 2 7 26
8 17 14 15 8
8 17 21 19 15
8 17 2 7 16
4 19 0 8 15
4 19 6 9 12
21 14 0 8 27
21 14 6 9 20
8 17 0 8 17
8 17 6 9 10
6 23 2 2 25
6 7 2 2 9
11 24 2 2 31
6 23 12 19 10
6 23 8 8 17
6 23 24 19 22
6 7 12 19 18
6 7 8 8 3
6 7 24 19 30
11 24 12 19 6
11 24 8 8 19
11 24 24 19 18
6 23 4 19 6
6 23 21 14 24
6 23 8 17 8
6 7 4 19 14
6 7 21 14 22
6 7 8 17 12
11 24 4 19 12
11 24 21 14 20
11 24 8 17 10
6 23 10 11 16
6 23 15 11 21
6 23 23 21 19
6 7 10 11 8
6 7 15 11 13
6 7 23 21 31
11 24 10 11 14
11 24 15 11 17
11 24 23 21 15
6 23 18 10 25
6 23 5 1 23
6 23 3 20 6
6 7 18 10 15
6 7 5 1 7
6 7 3 20 16
11 24 18 10 21
11 24 5 1 29
11 24 3 20 12
6 23 19 18 18
6 23 2 0 27
6 23 24 16 25
6 7 19 18 24
6 7 2 0 11
6 7 24 16 27
11 24 19 18 14
11 24 2 0 33
11 24 24 16 21
6 23 13 15 15
6 23 19 22 14
6 23 7 5 19
6 7 13 15 15
6 7 19 22 28
6 7 7 5 3
11 24 13 15 11
11 24 19 22 10
11 24 7 5 23
6 23 7 6 18
6 23 8 16 9
6 23 20 20 17
6 7 7 6 2
6 7 8 16 11
6 7 20 20 27
11 24 7 6 22
11 24 8 16 11
11 24 20 20 13
6 23 11 23 5
6 23 1 24 6
6 23 6 22 1
6 7 11 23 21
6 7 1 24 22
6 7 6 22 15
11 24 11 23 1
11 24 1 24 10
11 24 6 22 7
6 23 4 18 7
6 23 21 0 38
6 23 2 5 22
6 7 4 18 13
6 7 21 0 22
6 7 2 5 6
11 24 4 18 13
11 24 21 0 34
11 24 2 5 28
6 23 1 2 26
6 23 3 23 3
6 23 7 9 15
6 7 1 2 10
6 7 3 23 19
6 7 7 9 3
11 24 1 2 32
11 24 3 23 9
11 24 7 9 19
6 23 15 6 26
6 23 14 5 26
6 23 2 9 18
6 7 15 6 10
6 7 14 5 10
6 7 2 9 6
11 24 15 6 22
11 24 14 5 22
11 24 2 9 24
6 23 17 9 25
6 23 13 7 23
6 23 20 12 25
6 7 17 9 13
6 7 13 7 7
6 7 20 12 19
11 24 17 9 21
11 24 13 7 19
11 24 20 12 21
6 23 20 9 28
6 23 15 12 20
6 23 13 9 21
6 7 20 9 16
6 7 15 12 14
6 7 13 9 9
11 24 20 9 24
11 24 15 12 16
11 24 13 9 17
6 23 12 8 21
6 23 16 7 26
6 23 0 18 11
6 7 12 8 7
6 7 16 7 10
6 7 0 18 17
11 24 12 8 17
11 24 16 7 22
11 24 0 18 17
6 23 19 24 14
6 23 1 13 15
6 23 8 19 6
6 7 19 24 30
6 7 1 13 11
6 7 8 19 14
11 24 19 24 8
11 24 1 13 21
11 24 8 19 8
6 23 17 23 11
6 23 23 7 33
6 23 22 16 23
6 7 17 23 27
6 7 23 7 17
6 7 22 16 25
11 24 17 23 7
11 24 23 7 29
11 24 22 16 19
6 23 9 20 6
6 23 4 22 3
6 23 8 3 22
6 7 9 20 16
6 7 4 22 17
6 7 8 3 6
11 24 9 20 6
11 24 4 22 9
11 24 8 3 24
6 23 17 11 23
6 23 6 1 22
6 23 11 8 20
6 7 17 11 15
6 7 6 1 6
6 7 11 8 6
11 24 17 11 19
11 24 6 1 28
11 24 11 8 16
6 23 14 15 16
6 23 21 19 19
6 23 2 7 20
6 7 14 15 16
6 7 21 19 27
6 7 2 7 4
11 24 14 15 12
11 24 21 19 15
11 24 2 7 26
6 23 0 8 21
6 23 6 9 14
6 7 0 8 7
6 7 6 9 2
11 24 0 8 27
11 24 6 9 20
10 11 2 2 17
15 11 2 2 22
23 21 2 2 40
10 11 12 19 10
10 11 8 8 5
10 11 24 19 22
15 11 12 19 11
15 11 8 8 10
15 11 24 19 17
23 21 12 19 13
23 21 8 8 28
23 21 24 19 3
10 11 4 19 14
10 11 21 14 14
10 11 8 17 8
15 11 4 19 19
15 11 21 14 9
15 11 8 17 13
23 21 4 19 21
23 21 21 14 9
23 21 8 17 19
10 11 6 23 16
10 11 6 7 8
10 11 11 24 14
15 11 6 23 21
15 11 6 7 13
15 11 11 24 17
23 21 6 23 19
23 21 6 7 31
23 21 11 24 15
10 11 18 10 9
10 11 5 1 15
10 11 3 20 16
15 11 18 10 4
15 11 5 1 20
15 11 3 20 21
23 21 18 10 16
23 21 5 1 38
23 21 3 20 21
10 11 19 18 16
10 11 2 0 19
10 11 24 16 19
15 11 19 18 11
15 11 2 0 24
15 11 24 16 14
23 21 19 18 7
23 21 2 0 42
23 21 24 16 6
10 11 13 15 7
10 11 19 22 20
10 11 7 5 9
15 11 13 15 6
15 11 19 22 15
15 11 7 5 14
23 21 13 15 16
23 21 19 22 5
23 21 7 5 32
10 11 7 6 8
10 11 8 16 7
10 11 20 20 19
15 11 7 6 13
15 11 8 16 12
15 11 20 20 14
23 21 7 6 31
23 21 8 16 20
23 21 20 20 4
10 11 11 23 13
10 11 1 24 22
10 11 6 22 15
15 11 11 23 16
15 11 1 24 27
15 11 6 22 20
23 21 11 23 14
23 21 1 24 25
23 21 6 22 18
10 11 4 18 13
10 11 21 0 22
10 11 2 5 14
15 11 4 18 18
15 11 21 0 17
15 11 2 5 19
23 21 4 18 22
23 21 21 0 23
23 21 2 5 37
10 11 1 2 18
10 11 3 23 19
10 11 7 9 5
15 11 1 2 23
15 11 3 23 24
15 11 7 9 10
23 21 1 2 41
23 21 3 23 22
23 21 7 9 28
10 11 15 6 10
10 11 14 5 10
10 11 2 9 10
15 11 15 6 5
15 11 14 5 7
15 11 2 9 15
23 21 15 6 23
23 21 14 5 25
23 21 2 9 33
10 11 17 9 9
10 11 13 7 7
10 11 20 12 11
15 11 17 9 4
15 11 13 7 6
15 11 20 12 6
23 21 17 9 18
23 21 13 7 24
23 21 20 12 12
10 11 20 9 12
10 11 15 12 6
10 11 13 9 5
15 11 20 9 7
15 11 15 12 1
15 11 13 9 4
23 21 20 9 15
23 21 15 12 17
23 21 13 9 22
10 11 12 8 5
10 11 16 7 10
10 11 0 18 17
15 11 12 8 6
15 11 16 7 5
15 11 0 18 22
23 21 12 8 24
23 21 16 7 21
23 21 0 18 26
10 11 19 24 22
10 11 1 13 11
10 11 8 19 10
15 11 19 24 17
15 11 1 13 16
15 11 8 19 15
23 21 19 24 7
23 21 1 13 30
23 21 8 19 17
10 11 17 23 19
10 11 23 7 17
10 11 22 16 17
15 11 17 23 14
15 11 23 7 12
15 11 22 16 12
23 21 17 23 8
23 21 23 7 14
23 21 22 16 6
10 11 9 20 10
10 11 4 22 17
10 11 8 3 10
15 11 9 20 15
15 11 4 22 22
15 11 8 3 15
23 21 9 20 15
23 21 4 22 20
23 21 8 3 33
10 11 17 11 7
10 11 6 1 14
10 11 11 8 4
15 11 17 11 2
15 11 6 1 19
15 11 11 8 7
23 21 17 11 16
23 21 6 1 37
23 21 11 8 25
10 11 14 15 8
10 11 21 19 19
10 11 2 7 12
15 11 14 15 5
15 11 21 19 14
15 11 2 7 17
23 21 14 15 15
23 21 21 19 4
23 21 2 7 35
10 11 0 8 13
10 11 6 9 6
15 11 0 8 18
15 11 6 9 11
23 21 0 8 36
23 21 6 9 29
18 10 2 2 24
5 1 2 2 4
3 20 2 2 19
18 10 12 19 15
18 10 8 8 12
18 10 24 19 15
5 1 12 19 25
5 1 8 8 10
5 1 24 19 37
3 20 12 19 10
3 20 8 8 17
3 20 24 19 22
18 10 4 19 23
18 10 21 14 7
18 10 8 17 17
5 1 4 19 19
5 1 21 14 29
5 1 8 17 19
3 20 4 19 2
3 20 21 14 24
3 20 8 17 8
18 10 6 23 25
18 10 6 7 15
18 10 11 24 21
5 1 6 23 23
5 1 6 7 7
5 1 11 24 29
3 20 6 23 6
3 20 6 7 16
3 20 11 24 12
18 10 10 11 9
18 10 15 11 4
18 10 23 21 16
5 1 10 11 15
5 1 15 11 20
5 1 23 21 38
3 20 10 11 16
3 20 15 11 21
3 20 23 21 21
18 10 19 18 9
18 10 2 0 26
18 10 24 16 12
5 1 19 18 31
5 1 2 0 4
5 1 24 16 34
3 20 19 18 18
3 20 2 0 21
3 20 24 16 25
18 10 13 15 10
18 10 19 22 13
18 10 7 5 16
5 1 13 15 22
5 1 19 22 35
5 1 7 5 6
3 20 13 15 15
3 20 19 22 18
3 20 7 5 19
18 10 7 6 15
18 10 8 16 16
18 10 20 20 12
5 1 7 6 7
5 1 8 16 18
5 1 20 20 34
3 20 7 6 18
3 20 8 16 9
3 20 20 20 17
18 10 11 23 20
18 10 1 24 31
18 10 6 22 24
5 1 11 23 28
5 1 1 24 27
5 1 6 22 22
3 20 11 23 11
3 20 1 24 6
3 20 6 22 5
18 10 4 18 22
18 10 21 0 13
18 10 2 5 21
5 1 4 18 18
5 1 21 0 17
5 1 2 5 7
3 20 4 18 3
3 20 21 0 38
3 20 2 5 16
18 10 1 2 25
18 10 3 23 28
18 10 7 9 12
5 1 1 2 5
5 1 3 23 24
5 1 7 9 10
3 20 1 2 20
3 20 3 23 3
3 20 7 9 15
18 10 15 6 7
18 10 14 5 9
18 10 2 9 17
5 1 15 6 15
5 1 14 5 13
5 1 2 9 11
3 20 15 6 26
3 20 14 5 26
3 20 2 9 12
18 10 17 9 2
18 10 13 7 8
18 10 20 12 4
5 1 17 9 20
5 1 13 7 14
5 1 20 12 26
3 20 17 9 25
3 20 13 7 23
3 20 20 12 25
18 10 20 9 3
18 10 15 12 5
18 10 13 9 6
5 1 20 9 23
5 1 15 12 21
5 1 13 9 16
3 20 20 9 28
3 20 15 12 20
3 20 13 9 21
18 10 12 8 8
18 10 16 7 5
18 10 0 18 26
5 1 12 8 14
5 1 16 7 17
5 1 0 18 22
3 20 12 8 21
3 20 16 7 26
3 20 0 18 5
18 10 19 24 15
18 10 1 13 20
18 10 8 19 19
5 1 19 24 37
5 1 1 13 16
5 1 8 19 21
3 20 19 24 20
3 20 1 13 9
3 20 8 19 6
18 10 17 23 14
18 10 23 7 8
18 10 22 16 10
5 1 17 23 34
5 1 23 7 24
5 1 22 16 32
3 20 17 23 17
3 20 23 7 33
3 20 22 16 23
18 10 9 20 19
18 10 4 22 26
18 10 8 3 17
5 1 9 20 23
5 1 4 22 22
5 1 8 3 5
3 20 9 20 6
3 20 4 22 3
3 20 8 3 22
18 10 17 11 2
18 10 6 1 21
18 10 11 8 9
5 1 17 11 22
5 1 6 1 1
5 1 11 8 13
3 20 17 11 23
3 20 6 1 22
3 20 11 8 20
18 10 14 15 9
18 10 21 19 12
18 10 2 7 19
5 1 14 15 23
5 1 21 19 34
5 1 2 7 9
3 20 14 15 16
3 20 21 19 19
3 20 2 7 14
18 10 0 8 20
18 10 6 9 13
5 1 0 8 12
5 1 6 9 9
3 20 0 8 15
3 20 6 9 14
19 18 2 2 33
2 0 2 2 2
24 16 2 2 36
19 18 12 19 8
19 18 8 8 21
19 18 24 19 6
2 0 12 19 29
2 0 8 8 14
2 0 24 19 41
24 16 12 19 15
24 16 8 8 24
24 16 24 19 3
19 18 4 19 16
19 18 21 14 6
19 18 8 17 12
2 0 4 19 21
2 0 21 14 33
2 0 8 17 23
24 16 4 19 23
24 16 21 14 5
24 16 8 17 17
19 18 6 23 18
19 18 6 7 24
19 18 11 24 14
2 0 6 23 27
2 0 6 7 11
2 0 11 24 33
24 16 6 23 25
24 16 6 7 27
24 16 11 24 21
19 18 10 11 16
19 18 15 11 11
19 18 23 21 7
2 0 10 11 19
2 0 15 11 24
2 0 23 21 42
24 16 10 11 19
24 16 15 11 14
24 16 23 21 6
19 18 18 10 9
19 18 5 1 31
19 18 3 20 18
2 0 18 10 26
2 0 5 1 4
2 0 3 20 21
24 16 18 10 12
24 16 5 1 34
24 16 3 20 25
19 18 13 15 9
19 18 19 22 4
19 18 7 5 25
2 0 13 15 26
2 0 19 22 39
2 0 7 5 10
24 16 13 15 12
24 16 19 22 11
24 16 7 5 28
19 18 7 6 24
19 18 8 16 13
19 18 20 20 3
2 0 7 6 11
2 0 8 16 22
2 0 20 20 38
24 16 7 6 27
24 16 8 16 16
24 16 20 20 8
19 18 11 23 13
19 18 1 24 24
19 18 6 22 17
2 0 11 23 32
2 0 1 24 25
2 0 6 22 26
24 16 11 23 20
24 16 1 24 31
24 16 6 22 24
19 18 4 18 15
19 18 21 0 20
19 18 2 5 30
2 0 4 18 20
2 0 21 0 19
2 0 2 5 5
24 16 4 18 22
24 16 21 0 19
24 16 2 5 33
19 18 1 2 34
19 18 3 23 21
19 18 7 9 21
2 0 1 2 3
2 0 3 23 24
2 0 7 9 14
24 16 1 2 37
24 16 3 23 28
24 16 7 9 24
19 18 15 6 16
19 18 14 5 18
19 18 2 9 26
2 0 15 6 19
2 0 14 5 17
2 0 2 9 9
24 16 15 6 19
24 16 14 5 21
24 16 2 9 29
19 18 17 9 11
19 18 13 7 17
19 18 20 12 7
2 0 17 9 24
2 0 13 7 18
2 0 20 12 30
24 16 17 9 14
24 16 13 7 20
24 16 20 12 8
19 18 20 9 10
19 18 15 12 10
19 18 13 9 15
2 0 20 9 27
2 0 15 12 25
2 0 13 9 20
24 16 20 9 11
24 16 15 12 13
24 16 13 9 18
19 18 12 8 17
19 18 16 7 14
19 18 0 18 19
2 0 12 8 18
2 0 16 7 21
2 0 0 18 20
24 16 12 8 20
24 16 16 7 17
24 16 0 18 26
19 18 19 24 6
19 18 1 13 23
19 18 8 19 12
2 0 19 24 41
2 0 1 13 14
2 0 8 19 25
24 16 19 24 13
24 16 1 13 26
24 16 8 19 19
19 18 17 23 7
19 18 23 7 15
19 18 22 16 5
2 0 17 23 38
2 0 23 7 28
2 0 22 16 36
24 16 17 23 14
24 16 23 7 10
24 16 22 16 2
19 18 9 20 12
19 18 4 22 19
19 18 8 3 26
2 0 9 20 27
2 0 4 22 24
2 0 8 3 9
24 16 9 20 19
24 16 4 22 26
24 16 8 3 29
19 18 17 11 9
19 18 6 1 30
19 18 11 8 18
2 0 17 11 26
2 0 6 1 5
2 0 11 8 17
24 16 17 11 12
24 16 6 1 33
24 16 11 8 21
19 18 14 15 8
19 18 21 19 3
19 18 2 7 28
2 0 14 15 27
2 0 21 19 38
2 0 2 7 7
24 16 14 15 11
24 16 21 19 6
24 16 2 7 31
19 18 0 8 29
19 18 6 9 22
2 0 0 8 10
2 0 6 9 13
24 16 0 8 32
24 16 6 9 25
13 15 2 2 24
19 22 2 2 37
7 5 2 2 8
13 15 12 19 5
13 15 8 8 12
13 15 24 19 15
19 22 12 19 10
19 22 8 8 25
19 22 24 19 8
7 5 12 19 19
7 5 8 8 4
7 5 24 19 31
13 15 4 19 13
13 15 21 14 9
13 15 8 17 7
19 22 4 19 18
19 22 21 14 10
19 22 8 17 16
7 5 4 19 17
7 5 21 14 23
7 5 8 17 13
13 15 6 23 15
13 15 6 7 15
13 15 11 24 11
19 22 6 23 14
19 22 6 7 28
19 22 11 24 10
7 5 6 23 19
7 5 6 7 3
7 5 11 24 23
13 15 10 11 7
13 15 15 11 6
13 15 23 21 16
19 22 10 11 20
19 22 15 11 15
19 22 23 21 5
7 5 10 11 9
7 5 15 11 14
7 5 23 21 32
13 15 18 10 10
13 15 5 1 22
13 15 3 20 15
19 22 18 10 13
19 22 5 1 35
19 22 3 20 18
7 5 18 10 16
7 5 5 1 6
7 5 3 20 19
13 15 19 18 9
13 15 2 0 26
13 15 24 16 12
19 22 19 18 4
19 22 2 0 39
19 22 24 16 11
7 5 19 18 25
7 5 2 0 10
7 5 24 16 28
13 15 7 6 15
13 15 8 16 6
13 15 20 20 12
19 22 7 6 28
19 22 8 16 17
19 22 20 20 3
7 5 7 6 1
7 5 8 16 12
7 5 20 20 28
13 15 11 23 10
13 15 1 24 21
13 15 6 22 14
19 22 11 23 9
19 22 1 24 20
19 22 6 22 13
7 5 11 23 22
7 5 1 24 25
7 5 6 22 18
13 15 4 18 12
13 15 21 0 23
13 15 2 5 21
19 22 4 18 19
19 22 21 0 24
19 22 2 5 34
7 5 4 18 16
7 5 21 0 19
7 5 2 5 5
13 15 1 2 25
13 15 3 23 18
13 15 7 9 12
19 22 1 2 38
19 22 3 23 17
19 22 7 9 25
7 5 1 2 9
7 5 3 23 22
7 5 7 9 4
13 15 15 6 11
13 15 14 5 11
13 15 2 9 17
19 22 15 6 20
19 22 14 5 22
19 22 2 9 30
7 5 15 6 9
7 5 14 5 7
7 5 2 9 9
13 15 17 9 10
13 15 13 7 8
13 15 20 12 10
19 22 17 9 15
19 22 13 7 21
19 22 20 12 11
7 5 17 9 14
7 5 13 7 8
7 5 20 12 20
13 15 20 9 13
13 15 15 12 5
13 15 13 9 6
19 22 20 9 14
19 22 15 12 14
19 22 13 9 19
7 5 20 9 17
7 5 15 12 15
7 5 13 9 10
13 15 12 8 8
13 15 16 7 11
13 15 0 18 16
19 22 12 8 21
19 22 16 7 18
19 22 0 18 23
7 5 12 8 8
7 5 16 7 11
7 5 0 18 20
13 15 19 24 15
13 15 1 13 14
13 15 8 19 9
19 22 19 24 2
19 22 1 13 27
19 22 8 19 14
7 5 19 24 31
7 5 1 13 14
7 5 8 19 15
13 15 17 23 12
13 15 23 7 18
13 15 22 16 10
19 22 17 23 3
19 22 23 7 19
19 22 22 16 9
7 5 17 23 28
7 5 23 7 18
7 5 22 16 26
13 15 9 20 9
13 15 4 22 16
13 15 8 3 17
19 22 9 20 12
19 22 4 22 15
19 22 8 3 30
7 5 9 20 17
7 5 4 22 20
7 5 8 3 3
13 15 17 11 8
13 15 6 1 21
13 15 11 8 9
19 22 17 11 13
19 22 6 1 34
19 22 11 8 22
7 5 17 11 16
7 5 6 1 5
7 5 11 8 7
13 15 14 15 1
13 15 21 19 12
13 15 2 7 19
19 22 14 15 12
19 22 21 19 5
19 22 2 7 32
7 5 14 15 17
7 5 21 19 28
7 5 2 7 7
13 15 0 8 20
13 15 6 9 13
19 22 0 8 33
19 22 6 9 26
7 5 0 8 10
7 5 6 9 5
7 6 2 2 9
8 16 2 2 20
20 20 2 2 36
7 6 12 19 18
7 6 8 8 3
7 6 24 19 30
8 16 12 19 7
8 16 8 8 8
8 16 24 19 19
20 20 12 19 9
20 20 8 8 24
20 20 24 19 5
7 6 4 19 16
7 6 21 14 22
7 6 8 17 12
8 16 4 19 7
8 16 21 14 15
8 16 8 17 1
20 20 4 19 17
20 20 21 14 7
20 20 8 17 15
7 6 6 23 18
7 6 6 7 2
7 6 11 24 22
8 16 6 23 9
8 16 6 7 11
8 16 11 24 11
20 20 6 23 17
20 20 6 7 27
20 20 11 24 13
7 6 10 11 8
7 6 15 11 13
7 6 23 21 31
8 16 10 11 7
8 16 15 11 12
8 16 23 21 20
20 20 10 11 19
20 20 15 11 14
20 20 23 21 4
7 6 18 10 15
7 6 5 1 7
7 6 3 20 18
8 16 18 10 16
8 16 5 1 18
8 16 3 20 9
20 20 18 10 12
20 20 5 1 34
20 20 3 20 17
7 6 19 18 24
7 6 2 0 11
7 6 24 16 27
8 16 19 18 13
8 16 2 0 22
8 16 24 16 16
20 20 19 18 3
20 20 2 0 38
20 20 24 16 8
7 6 13 15 15
7 6 19 22 28
7 6 7 5 1
8 16 13 15 6
8 16 19 22 17
8 16 7 5 12
20 20 13 15 12
20 20 19 22 3
20 20 7 5 28
7 6 11 23 21
7 6 1 24 24
7 6 6 22 17
8 16 11 23 10
8 16 1 24 15
8 16 6 22 8
20 20 11 23 12
20 20 1 24 23
20 20 6 22 16
7 6 4 18 15
7 6 21 0 20
7 6 2 5 6
8 16 4 18 6
8 16 21 0 29
8 16 2 5 17
20 20 4 18 18
20 20 21 0 21
20 20 2 5 33
7 6 1 2 10
7 6 3 23 21
7 6 7 9 3
8 16 1 2 21
8 16 3 23 12
8 16 7 9 8
20 20 1 2 37
20 20 3 23 20
20 20 7 9 24
7 6 15 6 8
7 6 14 5 8
7 6 2 9 8
8 16 15 6 17
8 16 14 5 17
8 16 2 9 13
20 20 15 6 19
20 20 14 5 21
20 20 2 9 29
7 6 17 9 13
7 6 13 7 7
7 6 20 12 19
8 16 17 9 16
8 16 13 7 14
8 16 20 12 16
20 20 17 9 14
20 20 13 7 20
20 20 20 12 8
7 6 20 9 16
7 6 15 12 14
7 6 13 9 9
8 16 20 9 19
8 16 15 12 11
8 16 13 9 12
20 20 20 9 11
20 20 15 12 13
20 20 13 9 18
7 6 12 8 7
7 6 16 7 10
7 6 0 18 19
8 16 12 8 12
8 16 16 7 17
8 16 0 18 10
20 20 12 8 20
20 20 16 7 17
20 20 0 18 22
7 6 19 24 30
7 6 1 13 13
7 6 8 19 14
8 16 19 24 19
8 16 1 13 10
8 16 8 19 3
20 20 19 24 5
20 20 1 13 26
20 20 8 19 13
7 6 17 23 27
7 6 23 7 17
7 6 22 16 25
8 16 17 23 16
8 16 23 7 24
8 16 22 16 14
20 20 17 23 6
20 20 23 7 16
20 20 22 16 6
7 6 9 20 16
7 6 4 22 19
7 6 8 3 4
8 16 9 20 5
8 16 4 22 10
8 16 8 3 13
20 20 9 20 11
20 20 4 22 18
20 20 8 3 29
7 6 17 11 15
7 6 6 1 6
7 6 11 8 6
8 16 17 11 14
8 16 6 1 17
8 16 11 8 11
20 20 17 11 12
20 20 6 1 33
20 20 11 8 21
7 6 14 15 16
7 6 21 19 27
7 6 2 7 6
8 16 14 15 7
8 16 21 19 16
8 16 2 7 15
20 20 14 15 11
20 20 21 19 2
20 20 2 7 31
7 6 0 8 9
7 6 6 9 4
8 16 0 8 16
8 16 6 9 9
20 20 0 8 32
20 20 6 9 25
11 23 2 2 30
1 24 2 2 23
6 22 2 2 24
11 23 12 19 5
11 23 8 8 18
11 23 24 19 17
1 24 12 19 16
1 24 8 8 23
1 24 24 19 28
6 22 12 19 9
6 22 8 8 16
6 22 24 19 21
11 23 4 19 11
11 23 21 14 19
11 23 8 17 9
1 24 4 19 8
1 24 21 14 30
1 24 8 17 14
6 22 4 19 5
6 22 21 14 23
6 22 8 17 7
11 23 6 23 5
11 23 6 7 21
11 23 11 24 1
1 24 6 23 6
1 24 6 7 22
1 24 11 24 10
6 22 6 23 1
6 22 6 7 15
6 22 11 24 7
11 23 10 11 13
11 23 15 11 16
11 23 23 21 14
1 24 10 11 22
1 24 15 11 27
1 24 23 21 25
6 22 10 11 15
6 22 15 11 20
6 22 23 21 18
11 23 18 10 20
11 23 5 1 28
11 23 3 20 11
1 24 18 10 31
1 24 5 1 27
1 24 3 20 6
6 22 18 10 24
6 22 5 1 22
6 22 3 20 5
11 23 19 18 13
11 23 2 0 32
11 23 24 16 20
1 24 19 18 24
1 24 2 0 25
1 24 24 16 31
6 22 19 18 17
6 22 2 0 26
6 22 24 16 24
11 23 13 15 10
11 23 19 22 9
11 23 7 5 22
1 24 13 15 21
1 24 19 22 20
1 24 7 5 25
6 22 13 15 14
6 22 19 22 13
6 22 7 5 18
11 23 7 6 21
11 23 8 16 10
11 23 20 20 12
1 24 7 6 24
1 24 8 16 15
1 24 20 20 23
6 22 7 6 17
6 22 8 16 8
6 22 20 20 16
11 23 4 18 12
11 23 21 0 33
11 23 2 5 27
1 24 4 18 9
1 24 21 0 44
1 24 2 5 20
6 22 4 18 6
6 22 21 0 37
6 22 2 5 21
11 23 1 2 31
11 23 3 23 8
11 23 7 9 18
1 24 1 2 22
1 24 3 23 3
1 24 7 9 21
6 22 1 2 25
6 22 3 23 4
6 22 7 9 14
11 23 15 6 21
11 23 14 5 21
11 23 2 9 23
1 24 15 6 32
1 24 14 5 32
1 24 2 9 16
6 22 15 6 25
6 22 14 5 25
6 22 2 9 17
11 23 17 9 20
11 23 13 7 18
11 23 20 12 20
1 24 17 9 31
1 24 13 7 29
1 24 20 12 31
6 22 17 9 24
6 22 13 7 22
6 22 20 12 24
11 23 20 9 23
11 23 15 12 15
11 23 13 9 16
1 24 20 9 34
1 24 15 12 26
1 24 13 9 27
6 22 20 9 27
6 22 15 12 19
6 22 13 9 20
11 23 12 8 16
11 23 16 7 21
11 23 0 18 16
1 24 12 8 27
1 24 16 7 32
1 24 0 18 7
6 22 12 8 20
6 22 16 7 25
6 22 0 18 10
11 23 19 24 9
11 23 1 13 20
11 23 8 19 7
1 24 19 24 18
1 24 1 13 11
1 24 8 19 12
6 22 19 24 15
6 22 1 13 14
6 22 8 19 5
11 23 17 23 6
11 23 23 7 28
11 23 22 16 18
1 24 17 23 17
1 24 23 7 39
1 24 22 16 29
6 22 17 23 12
6 22 23 7 32
6 22 22 16 22
11 23 9 20 5
11 23 4 22 8
11 23 8 3 23
1 24 9 20 12
1 24 4 22 5
1 24 8 3 28
6 22 9 20 5
6 22 4 22 2
6 22 8 3 21
11 23 17 11 18
11 23 6 1 27
11 23 11 8 15
1 24 17 11 29
1 24 6 1 28
1 24 11 8 26
6 22 17 11 22
6 22 6 1 21
6 22 11 8 19
11 23 14 15 11
11 23 21 19 14
11 23 2 7 25
1 24 14 15 22
1 24 21 19 25
1 24 2 7 18
6 22 14 15 15
6 22 21 19 18
6 22 2 7 19
11 23 0 8 26
11 23 6 9 19
1 24 0 8 17
1 24 6 9 20
6 22 0 8 20
6 22 6 9 13
4 18 2 2 18
21 0 2 2 21
2 5 2 2 3
4 18 12 19 9
4 18 8 8 14
4 18 24 19 21
21 0 12 19 28
21 0 8 8 21
21 0 24 19 22
2 5 12 19 24
2 5 8 8 9
2 5 24 19 36
4 18 4 19 1
4 18 21 14 21
4 18 8 17 5
21 0 4 19 36
21 0 21 14 14
21 0 8 17 30
2 5 4 19 16
2 5 21 14 28
2 5 8 17 18
4 18 6 23 7
4 18 6 7 13
4 18 11 24 13
21 0 6 23 38
21 0 6 7 22
21 0 11 24 34
2 5 6 23 22
2 5 6 7 6
2 5 11 24 28
4 18 10 11 13
4 18 15 11 18
4 18 23 21 22
21 0 10 11 22
21 0 15 11 17
21 0 23 21 23
2 5 10 11 14
2 5 15 11 19
2 5 23 21 37
4 18 18 10 22
4 18 5 1 18
4 18 3 20 3
21 0 18 10 13
21 0 5 1 17
21 0 3 20 38
2 5 18 10 21
2 5 5 1 7
2 5 3 20 16
4 18 19 18 15
4 18 2 0 20
4 18 24 16 22
21 0 19 18 20
21 0 2 0 19
21 0 24 16 19
2 5 19 18 30
2 5 2 0 5
2 5 24 16 33
4 18 13 15 12
4 18 19 22 19
4 18 7 5 16
21 0 13 15 23
21 0 19 22 24
21 0 7 5 19
2 5 13 15 21
2 5 19 22 34
2 5 7 5 5
4 18 7 6 15
4 18 8 16 6
4 18 20 20 18
21 0 7 6 20
21 0 8 16 29
21 0 20 20 21
2 5 7 6 6
2 5 8 16 17
2 5 20 20 33
4 18 11 23 12
4 18 1 24 9
4 18 6 22 6
21 0 11 23 33
21 0 1 24 44
21 0 6 22 37
2 5 11 23 27
2 5 1 24 20
2 5 6 22 21
4 18 1 2 19
4 18 3 23 6
4 18 7 9 12
21 0 1 2 22
21 0 3 23 41
21 0 7 9 23
2 5 1 2 4
2 5 3 23 19
2 5 7 9 9
4 18 15 6 23
4 18 14 5 23
4 18 2 9 11
21 0 15 6 12
21 0 14 5 12
21 0 2 9 28
2 5 15 6 14
2 5 14 5 12
2 5 2 9 4
4 18 17 9 22
4 18 13 7 20
4 18 20 12 22
21 0 17 9 13
21 0 13 7 15
21 0 20 12 13
2 5 17 9 19
2 5 13 7 13
2 5 20 12 25
4 18 20 9 25
4 18 15 12 17
4 18 13 9 18
21 0 20 9 10
21 0 15 12 18
21 0 13 9 17
2 5 20 9 22
2 5 15 12 20
2 5 13 9 15
4 18 12 8 18
4 18 16 7 23
4 18 0 18 4
21 0 12 8 17
21 0 16 7 12
21 0 0 18 39
2 5 12 8 13
2 5 16 7 16
2 5 0 18 15
4 18 19 24 21
4 18 1 13 8
4 18 8 19 5
21 0 19 24 26
21 0 1 13 33
21 0 8 19 32
2 5 19 24 36
2 5 1 13 9
2 5 8 19 20
4 18 17 23 18
4 18 23 7 30
4 18 22 16 20
21 0 17 23 27
21 0 23 7 9
21 0 22 16 17
2 5 17 23 33
2 5 23 7 23
2 5 22 16 31
4 18 9 20 7
4 18 4 22 4
4 18 8 3 19
21 0 9 20 32
21 0 4 22 39
21 0 8 3 16
2 5 9 20 22
2 5 4 22 19
2 5 8 3 8
4 18 17 11 20
4 18 6 1 19
4 18 11 8 17
21 0 17 11 15
21 0 6 1 16
21 0 11 8 18
2 5 17 11 21
2 5 6 1 8
2 5 11 8 12
4 18 14 15 13
4 18 21 19 18
4 18 2 7 13
21 0 14 15 22
21 0 21 19 19
21 0 2 7 26
2 5 14 15 22
2 5 21 19 33
2 5 2 7 2
4 18 0 8 14
4 18 6 9 11
21 0 0 8 29
21 0 6 9 24
2 5 0 8 5
2 5 6 9 8
1 2 2 2 1
3 23 2 2 22
7 9 2 2 12
1 2 12 19 28
1 2 8 8 13
1 2 24 19 40
3 23 12 19 13
3 23 8 8 20
3 23 24 19 25
7 9 12 19 15
7 9 8 8 2
7 9 24 19 27
1 2 4 19 20
1 2 21 14 32
1 2 8 17 22
3 23 4 19 5
3 23 21 14 27
3 23 8 17 11
7 9 4 19 13
7 9 21 14 19
7 9 8 17 9
1 2 6 23 26
1 2 6 7 10
1 2 11 24 32
3 23 6 23 3
3 23 6 7 19
3 23 11 24 9
7 9 6 23 15
7 9 6 7 3
7 9 11 24 19
1 2 10 11 18
1 2 15 11 23
1 2 23 21 41
3 23 10 11 19
3 23 15 11 24
3 23 23 21 22
7 9 10 11 5
7 9 15 11 10
7 9 23 21 28
1 2 18 10 25
1 2 5 1 5
1 2 3 20 20
3 23 18 10 28
3 23 5 1 24
3 23 3 20 3
7 9 18 10 12
7 9 5 1 10
7 9 3 20 15
1 2 19 18 34
1 2 2 0 3
1 2 24 16 37
3 23 19 18 21
3 23 2 0 24
3 23 24 16 28
7 9 19 18 21
7 9 2 0 14
7 9 24 16 24
1 2 13 15 25
1 2 19 22 38
1 2 7 5 9
3 23 13 15 18
3 23 19 22 17
3 23 7 5 22
7 9 13 15 12
7 9 19 22 25
7 9 7 5 4
1 2 7 6 10
1 2 8 16 21
1 2 20 20 37
3 23 7 6 21
3 23 8 16 12
3 23 20 20 20
7 9 7 6 3
7 9 8 16 8
7 9 20 20 24
1 2 11 23 31
1 2 1 24 22
1 2 6 22 25
3 23 11 23 8
3 23 1 24 3
3 23 6 22 4
7 9 11 23 18
7 9 1 24 21
7 9 6 22 14
1 2 4 18 19
1 2 21 0 22
1 2 2 5 4
3 23 4 18 6
3 23 21 0 41
3 23 2 5 19
7 9 4 18 12
7 9 21 0 23
7 9 2 5 9
1 2 15 6 18
1 2 14 5 16
1 2 2 9 8
3 23 15 6 29
3 23 14 5 29
3 23 2 9 15
7 9 15 6 11
7 9 14 5 11
7 9 2 9 5
1 2 17 9 23
1 2 13 7 17
1 2 20 12 29
3 23 17 9 28
3 23 13 7 26
3 23 20 12 28
7 9 17 9 10
7 9 13 7 8
7 9 20 12 16
1 2 20 9 26
1 2 15 12 24
1 2 13 9 19
3 23 20 9 31
3 23 15 12 23
3 23 13 9 24
7 9 20 9 13
7 9 15 12 11
7 9 13 9 6
1 2 12 8 17
1 2 16 7 20
1 2 0 18 17
3 23 12 8 24
3 23 16 7 29
3 23 0 18 8
7 9 12 8 6
7 9 16 7 11
7 9 0 18 16
1 2 19 24 40
1 2 1 13 11
1 2 8 19 24
3 23 19 24 17
3 23 1 13 12
3 23 8 19 9
7 9 19 24 27
7 9 1 13 10
7 9 8 19 11
1 2 17 23 37
1 2 23 7 27
1 2 22 16 35
3 23 17 23 14
3 23 23 7 36
3 23 22 16 26
7 9 17 23 24
7 9 23 7 18
7 9 22 16 22
1 2 9 20 26
1 2 4 22 23
1 2 8 3 8
3 23 9 20 9
3 23 4 22 2
3 23 8 3 25
7 9 9 20 13
7 9 4 22 16
7 9 8 3 7
1 2 17 11 25
1 2 6 1 6
1 2 11 8 16
3 23 17 11 26
3 23 6 1 25
3 23 11 8 23
7 9 17 11 12
7 9 6 1 9
7 9 11 8 5
1 2 14 15 26
1 2 21 19 37
1 2 2 7 6
3 23 14 15 19
3 23 21 19 22
3 23 2 7 17
7 9 14 15 13
7 9 21 19 24
7 9 2 7 7
1 2 0 8 7
1 2 6 9 12
3 23 0 8 18
3 23 6 9 17
7 9 0 8 8
7 9 6 9 1
15 6 2 2 17
14 5 2 2 15
2 9 2 2 7
15 6 12 19 16
15 6 8 8 9
15 6 24 19 22
14 5 12 19 16
14 5 8 8 9
14 5 24 19 24
2 9 12 19 20
2 9 8 8 7
2 9 24 19 32
15 6 4 19 24
15 6 21 14 14
15 6 8 17 18
14 5 4 19 24
14 5 21 14 16
14 5 8 17 18
2 9 4 19 12
2 9 21 14 24
2 9 8 17 14
15 6 6 23 26
15 6 6 7 10
15 6 11 24 22
14 5 6 23 26
14 5 6 7 10
14 5 11 24 22
2 9 6 23 18
2 9 6 7 6
2 9 11 24 24
15 6 10 11 10
15 6 15 11 5
15 6 23 21 23
14 5 10 11 10
14 5 15 11 7
14 5 23 21 25
2 9 10 11 10
2 9 15 11 15
2 9 23 21 33
15 6 18 10 7
15 6 5 1 15
15 6 3 20 26
14 5 18 10 9
14 5 5 1 13
14 5 3 20 26
2 9 18 10 17
2 9 5 1 11
2 9 3 20 12
15 6 19 18 16
15 6 2 0 19
15 6 24 16 19
14 5 19 18 18
14 5 2 0 17
14 5 24 16 21
2 9 19 18 26
2 9 2 0 9
2 9 24 16 29
15 6 13 15 11
15 6 19 22 20
15 6 7 5 9
14 5 13 15 11
14 5 19 22 22
14 5 7 5 7
2 9 13 15 17
2 9 19 22 30
2 9 7 5 9
15 6 7 6 8
15 6 8 16 17
15 6 20 20 19
14 5 7 6 8
14 5 8 16 17
14 5 20 20 21
2 9 7 6 8
2 9 8 16 13
2 9 20 20 29
15 6 11 23 21
15 6 1 24 32
15 6 6 22 25
14 5 11 23 21
14 5 1 24 32
14 5 6 22 25
2 9 11 23 23
2 9 1 24 16
2 9 6 22 17
15 6 4 18 23
15 6 21 0 12
15 6 2 5 14
14 5 4 18 23
14 5 21 0 12
14 5 2 5 12
2 9 4 18 11
2 9 21 0 28
2 9 2 5 4
15 6 1 2 18
15 6 3 23 29
15 6 7 9 11
14 5 1 2 16
14 5 3 23 29
14 5 7 9 11
2 9 1 2 8
2 9 3 23 15
2 9 7 9 5
15 6 17 9 5
15 6 13 7 3
15 6 20 12 11
14 5 17 9 7
14 5 13 7 3
14 5 20 12 13
2 9 17 9 15
2 9 13 7 13
2 9 20 12 21
15 6 20 9 8
15 6 15 12 6
15 6 13 9 5
14 5 20 9 10
14 5 15 12 8
14 5 13 9 5
2 9 20 9 18
2 9 15 12 16
2 9 13 9 11
15 6 12 8 5
15 6 16 7 2
15 6 0 18 27
14 5 12 8 5
14 5 16 7 4
14 5 0 18 27
2 9 12 8 11
2 9 16 7 16
2 9 0 18 11
15 6 19 24 22
15 6 1 13 21
15 6 8 19 20
14 5 19 24 24
14 5 1 13 21
14 5 8 19 20
2 9 19 24 32
2 9 1 13 5
2 9 8 19 16
15 6 17 23 19
15 6 23 7 9
15 6 22 16 17
14 5 17 23 21
14 5 23 7 11
14 5 22 16 19
2 9 17 23 29
2 9 23 7 23
2 9 22 16 27
15 6 9 20 20
15 6 4 22 27
15 6 8 3 10
14 5 9 20 20
14 5 4 22 27
14 5 8 3 8
2 9 9 20 18
2 9 4 22 15
2 9 8 3 12
15 6 17 11 7
15 6 6 1 14
15 6 11 8 6
14 5 17 11 9
14 5 6 1 12
14 5 11 8 6
2 9 17 11 17
2 9 6 1 12
2 9 11 8 10
15 6 14 15 10
15 6 21 19 19
15 6 2 7 14
14 5 14 15 10
14 5 21 19 21
14 5 2 7 14
2 9 14 15 18
2 9 21 19 29
2 9 2 7 2
15 6 0 8 17
15 6 6 9 12
14 5 0 8 17
14 5 6 9 12
2 9 0 8 3
2 9 6 9 4
17 9 2 2 22
13 7 2 2 16
20 12 2 2 28
17 9 12 19 15
17 9 8 8 10
17 9 24 19 17
13 7 12 19 13
13 7 8 8 6
13 7 24 19 23
20 12 12 19 15
20 12 8 8 16
20 12 24 19 11
17 9 4 19 23
17 9 21 14 9
17 9 8 17 17
13 7 4 19 21
13 7 21 14 15
13 7 8 17 15
20 12 4 19 23
20 12 21 14 3
20 12 8 17 17
17 9 6 23 25
17 9 6 7 13
17 9 11 24 21
13 7 6 23 23
13 7 6 7 7
13 7 11 24 19
20 12 6 23 25
20 12 6 7 19
20 12 11 24 21
17 9 10 11 9
17 9 15 11 4
17 9 23 21 18
13 7 10 11 7
13 7 15 11 6
13 7 23 21 24
20 12 10 11 11
20 12 15 11 6
20 12 23 21 12
17 9 18 10 2
17 9 5 1 20
17 9 3 20 25
13 7 18 10 8
13 7 5 1 14
13 7 3 20 23
20 12 18 10 4
20 12 5 1 26
20 12 3 20 25
17 9 19 18 11
17 9 2 0 24
17 9 24 16 14
13 7 19 18 17
13 7 2 0 18
13 7 24 16 20
20 12 19 18 7
20 12 2 0 30
20 12 24 16 8
17 9 13 15 10
17 9 19 22 15
17 9 7 5 14
13 7 13 15 8
13 7 19 22 21
13 7 7 5 8
20 12 13 15 10
20 12 19 22 11
20 12 7 5 20
17 9 7 6 13
17 9 8 16 16
17 9 20 20 14
13 7 7 6 7
13 7 8 16 14
13 7 20 20 20
20 12 7 6 19
20 12 8 16 16
20 12 20 20 8
17 9 11 23 20
17 9 1 24 31
17 9 6 22 24
13 7 11 23 18
13 7 1 24 29
13 7 6 22 22
20 12 11 23 20
20 12 1 24 31
20 12 6 22 24
17 9 4 18 22
17 9 21 0 13
17 9 2 5 19
13 7 4 18 20
13 7 21 0 15
13 7 2 5 13
20 12 4 18 22
20 12 21 0 13
20 12 2 5 25
17 9 1 2 23
17 9 3 23 28
17 9 7 9 10
13 7 1 2 17
13 7 3 23 26
13 7 7 9 8
20 12 1 2 29
20 12 3 23 28
20 12 7 9 16
17 9 15 6 5
17 9 14 5 7
17 9 2 9 15
13 7 15 6 3
13 7 14 5 3
13 7 2 9 13
20 12 15 6 11
20 12 14 5 13
20 12 2 9 21
17 9 20 9 3
17 9 15 12 5
17 9 13 9 4
13 7 20 9 9
13 7 15 12 7
13 7 13 9 2
20 12 20 9 3
20 12 15 12 5
20 12 13 9 10
17 9 12 8 6
17 9 16 7 3
17 9 0 18 26
13 7 12 8 2
13 7 16 7 3
13 7 0 18 24
20 12 12 8 12
20 12 16 7 9
20 12 0 18 26
17 9 19 24 17
17 9 1 13 20
17 9 8 19 19
13 7 19 24 23
13 7 1 13 18
13 7 8 19 17
20 12 19 24 13
20 12 1 13 20
20 12 8 19 19
17 9 17 23 14
17 9 23 7 8
17 9 22 16 12
13 7 17 23 20
13 7 23 7 10
13 7 22 16 18
20 12 17 23 14
20 12 23 7 8
20 12 22 16 6
17 9 9 20 19
17 9 4 22 26
17 9 8 3 15
13 7 9 20 17
13 7 4 22 24
13 7 8 3 9
20 12 9 20 19
20 12 4 22 26
20 12 8 3 21
17 9 17 11 2
17 9 6 1 19
17 9 11 8 7
13 7 17 11 8
13 7 6 1 13
13 7 11 8 3
20 12 17 11 4
20 12 6 1 25
20 12 11 8 13
17 9 14 15 9
17 9 21 19 14
17 9 2 7 17
13 7 14 15 9
13 7 21 19 20
13 7 2 7 11
20 12 14 15 9
20 12 21 19 8
20 12 2 7 23
17 9 0 8 18
17 9 6 9 11
13 7 0 8 14
13 7 6 9 9
20 12 0 8 24
20 12 6 9 17
20 9 2 2 25
15 12 2 2 23
13 9 2 2 18
20 9 12 19 18
20 9 8 8 13
20 9 24 19 14
15 12 12 19 10
15 12 8 8 11
15 12 24 19 16
13 9 12 19 11
13 9 8 8 6
13 9 24 19 21
20 9 4 19 26
20 9 21 14 6
20 9 8 17 20
15 12 4 19 18
15 12 21 14 8
15 12 8 17 12
13 9 4 19 19
13 9 21 14 13
13 9 8 17 13
20 9 6 23 28
20 9 6 7 16
20 9 11 24 24
15 12 6 23 20
15 12 6 7 14
15 12 11 24 16
13 9 6 23 21
13 9 6 7 9
13 9 11 24 17
20 9 10 11 12
20 9 15 11 7
20 9 23 21 15
15 12 10 11 6
15 12 15 11 1
15 12 23 21 17
13 9 10 11 5
13 9 15 11 4
13 9 23 21 22
20 9 18 10 3
20 9 5 1 23
20 9 3 20 28
15 12 18 10 5
15 12 5 1 21
15 12 3 20 20
13 9 18 10 6
13 9 5 1 16
13 9 3 20 21
20 9 19 18 10
20 9 2 0 27
20 9 24 16 11
15 12 19 18 10
15 12 2 0 25
15 12 24 16 13
13 9 19 18 15
13 9 2 0 20
13 9 24 16 18
20 9 13 15 13
20 9 19 22 14
20 9 7 5 17
15 12 13 15 5
15 12 19 22 14
15 12 7 5 15
13 9 13 15 6
13 9 19 22 19
13 9 7 5 10
20 9 7 6 16
20 9 8 16 19
20 9 20 20 11
15 12 7 6 14
15 12 8 16 11
15 12 20 20 13
13 9 7 6 9
13 9 8 16 12
13 9 20 20 18
20 9 11 23 23
20 9 1 24 34
20 9 6 22 27
15 12 11 23 15
15 12 1 24 26
15 12 6 22 19
13 9 11 23 16
13 9 1 24 27
13 9 6 22 20
20 9 4 18 25
20 9 21 0 10
20 9 2 5 22
15 12 4 18 17
15 12 21 0 18
15 12 2 5 20
13 9 4 18 18
13 9 21 0 17
13 9 2 5 15
20 9 1 2 26
20 9 3 23 31
20 9 7 9 13
15 12 1 2 24
15 12 3 23 23
15 12 7 9 11
13 9 1 2 19
13 9 3 23 24
13 9 7 9 6
20 9 15 6 8
20 9 14 5 10
20 9 2 9 18
15 12 15 6 6
15 12 14 5 8
15 12 2 9 16
13 9 15 6 5
13 9 14 5 5
13 9 2 9 11
20 9 17 9 3
20 9 13 7 9
20 9 20 12 3
15 12 17 9 5
15 12 13 7 7
15 12 20 12 5
13 9 17 9 4
13 9 13 7 2
13 9 20 12 10
20 9 12 8 9
20 9 16 7 6
20 9 0 18 29
15 12 12 8 7
15 12 16 7 6
15 12 0 18 21
13 9 12 8 2
13 9 16 7 5
13 9 0 18 22
20 9 19 24 16
20 9 1 13 23
20 9 8 19 22
15 12 19 24 16
15 12 1 13 15
15 12 8 19 14
13 9 19 24 21
13 9 1 13 16
13 9 8 19 15
20 9 17 23 17
20 9 23 7 5
20 9 22 16 9
15 12 17 23 13
15 12 23 7 13
15 12 22 16 11
13 9 17 23 18
13 9 23 7 12
13 9 22 16 16
20 9 9 20 22
20 9 4 22 29
20 9 8 3 18
15 12 9 20 14
15 12 4 22 21
15 12 8 3 16
13 9 9 20 15
13 9 4 22 22
13 9 8 3 11
20 9 17 11 5
20 9 6 1 22
20 9 11 8 10
15 12 17 11 3
15 12 6 1 20
15 12 11 8 8
13 9 17 11 6
13 9 6 1 15
13 9 11 8 3
20 9 14 15 12
20 9 21 19 11
20 9 2 7 20
15 12 14 15 4
15 12 21 19 13
15 12 2 7 18
13 9 14 15 7
13 9 21 19 18
13 9 2 7 13
20 9 0 8 21
20 9 6 9 14
15 12 0 8 19
15 12 6 9 12
13 9 0 8 14
13 9 6 9 7
12 8 2 2 16
16 7 2 2 19
0 18 2 2 18
12 8 12 19 11
12 8 8 8 4
12 8 24 19 23
16 7 12 19 16
16 7 8 8 9
16 7 24 19 20
0 18 12 19 13
0 18 8 8 18
0 18 24 19 25
12 8 4 19 19
12 8 21 14 15
12 8 8 17 13
16 7 4 19 24
16 7 21 14 12
16 7 8 17 18
0 18 4 19 5
0 18 21 14 25
0 18 8 17 9
12 8 6 23 21
12 8 6 7 7
12 8 11 24 17
16 7 6 23 26
16 7 6 7 10
16 7 11 24 22
0 18 6 23 11
0 18 6 7 17
0 18 11 24 17
12 8 10 11 5
12 8 15 11 6
12 8 23 21 24
16 7 10 11 10
16 7 15 11 5
16 7 23 21 21
0 18 10 11 17
0 18 15 11 22
0 18 23 21 26
12 8 18 10 8
12 8 5 1 14
12 8 3 20 21
16 7 18 10 5
16 7 5 1 17
16 7 3 20 26
0 18 18 10 26
0 18 5 1 22
0 18 3 20 5
12 8 19 18 17
12 8 2 0 18
12 8 24 16 20
16 7 19 18 14
16 7 2 0 21
16 7 24 16 17
0 18 19 18 19
0 18 2 0 20
0 18 24 16 26
12 8 13 15 8
12 8 19 22 21
12 8 7 5 8
16 7 13 15 11
16 7 19 22 18
16 7 7 5 11
0 18 13 15 16
0 18 19 22 23
0 18 7 5 20
12 8 7 6 7
12 8 8 16 12
12 8 20 20 20
16 7 7 6 10
16 7 8 16 17
16 7 20 20 17
0 18 7 6 19
0 18 8 16 10
0 18 20 20 22
12 8 11 23 16
12 8 1 24 27
12 8 6 22 20
16 7 11 23 21
16 7 1 24 32
16 7 6 22 25
0 18 11 23 16
0 18 1 24 7
0 18 6 22 10
12 8 4 18 18
12 8 21 0 17
12 8 2 5 13
16 7 4 18 23
16 7 21 0 12
16 7 2 5 16
0 18 4 18 4
0 18 21 0 39
0 18 2 5 15
12 8 1 2 17
12 8 3 23 24
12 8 7 9 6
16 7 1 2 20
16 7 3 23 29
16 7 7 9 11
0 18 1 2 17
0 18 3 23 8
0 18 7 9 16
12 8 15 6 5
12 8 14 5 5
12 8 2 9 11
16 7 15 6 2
16 7 14 5 4
16 7 2 9 16
0 18 15 6 27
0 18 14 5 27
0 18 2 9 11
12 8 17 9 6
12 8 13 7 2
12 8 20 12 12
16 7 17 9 3
16 7 13 7 3
16 7 20 12 9
0 18 17 9 26
0 18 13 7 24
0 18 20 12 26
12 8 20 9 9
12 8 15 12 7
12 8 13 9 2
16 7 20 9 6
16 7 15 12 6
16 7 13 9 5
0 18 20 9 29
0 18 15 12 21
0 18 13 9 22
12 8 19 24 23
12 8 1 13 16
12 8 8 19 15
16 7 19 24 20
16 7 1 13 21
16 7 8 19 20
0 18 19 24 25
0 18 1 13 6
0 18 8 19 9
12 8 17 23 20
12 8 23 7 12
12 8 22 16 18
16 7 17 23 17
16 7 23 7 7
16 7 22 16 15
0 18 17 23 22
0 18 23 7 34
0 18 22 16 24
12 8 9 20 15
12 8 4 22 22
12 8 8 3 9
16 7 9 20 20
16 7 4 22 27
16 7 8 3 12
0 18 9 20 11
0 18 4 22 8
0 18 8 3 23
12 8 17 11 8
12 8 6 1 13
12 8 11 8 1
16 7 17 11 5
16 7 6 1 16
16 7 11 8 6
0 18 17 11 24
0 18 6 1 23
0 18 11 8 21
12 8 14 15 9
12 8 21 19 20
12 8 2 7 11
16 7 14 15 10
16 7 21 19 17
16 7 2 7 14
0 18 14 15 17
0 18 21 19 22
0 18 2 7 13
12 8 0 8 12
12 8 6 9 7
16 7 0 8 17
16 7 6 9 12
0 18 0 8 10
0 18 6 9 15
19 24 2 2 39
1 13 2 2 12
8 19 2 2 23
19 24 12 19 12
19 24 8 8 27
19 24 24 19 10
1 13 12 19 17
1 13 8 8 12
1 13 24 19 29
8 19 12 19 4
8 19 8 8 11
8 19 24 19 16
19 24 4 19 20
19 24 21 14 12
19 24 8 17 18
1 13 4 19 9
1 13 21 14 21
1 13 8 17 11
8 19 4 19 4
8 19 21 14 18
8 19 8 17 2
19 24 6 23 14
19 24 6 7 30
19 24 11 24 8
1 13 6 23 15
1 13 6 7 11
1 13 11 24 21
8 19 6 23 6
8 19 6 7 14
8 19 11 24 8
19 24 10 11 22
19 24 15 11 17
19 24 23 21 7
1 13 10 11 11
1 13 15 11 16
1 13 23 21 30
8 19 10 11 10
8 19 15 11 15
8 19 23 21 17
19 24 18 10 15
19 24 5 1 37
19 24 3 20 20
1 13 18 10 20
1 13 5 1 16
1 13 3 20 9
8 19 18 10 19
8 19 5 1 21
8 19 3 20 6
19 24 19 18 6
19 24 2 0 41
19 24 24 16 13
1 13 19 18 23
1 13 2 0 14
1 13 24 16 26
8 19 19 18 12
8 19 2 0 25
8 19 24 16 19
19 24 13 15 15
19 24 19 22 2
19 24 7 5 31
1 13 13 15 14
1 13 19 22 27
1 13 7 5 14
8 19 13 15 9
8 19 19 22 14
8 19 7 5 15
19 24 7 6 30
19 24 8 16 19
19 24 20 20 5
1 13 7 6 13
1 13 8 16 10
1 13 20 20 26
8 19 7 6 14
8 19 8 16 3
8 19 20 20 13
19 24 11 23 9
19 24 1 24 18
19 24 6 22 15
1 13 11 23 20
1 13 1 24 11
1 13 6 22 14
8 19 11 23 7
8 19 1 24 12
8 19 6 22 5
19 24 4 18 21
19 24 21 0 26
19 24 2 5 36
1 13 4 18 8
1 13 21 0 33
1 13 2 5 9
8 19 4 18 5
8 19 21 0 32
8 19 2 5 20
19 24 1 2 40
19 24 3 23 17
19 24 7 9 27
1 13 1 2 11
1 13 3 23 12
1 13 7 9 10
8 19 1 2 24
8 19 3 23 9
8 19 7 9 11
19 24 15 6 22
19 24 14 5 24
19 24 2 9 32
1 13 15 6 21
1 13 14 5 21
1 13 2 9 5
8 19 15 6 20
8 19 14 5 20
8 19 2 9 16
19 24 17 9 17
19 24 13 7 23
19 24 20 12 13
1 13 17 9 20
1 13 13 7 18
1 13 20 12 20
8 19 17 9 19
8 19 13 7 17
8 19 20 12 19
19 24 20 9 16
19 24 15 12 16
19 24 13 9 21
1 13 20 9 23
1 13 15 12 15
1 13 13 9 16
8 19 20 9 22
8 19 15 12 14
8 19 13 9 15
19 24 12 8 23
19 24 16 7 20
19 24 0 18 25
1 13 12 8 16
1 13 16 7 21
1 13 0 18 6
8 19 12 8 15
8 19 16 7 20
8 19 0 18 9
19 24 17 23 3
19 24 23 7 21
19 24 22 16 11
1 13 17 23 26
1 13 23 7 28
1 13 22 16 24
8 19 17 23 13
8 19 23 7 27
8 19 22 16 17
19 24 9 20 14
19 24 4 22 17
19 24 8 3 32
1 13 9 20 15
1 13 4 22 12
1 13 8 3 17
8 19 9 20 2
8 19 4 22 7
8 19 8 3 16
19 24 17 11 15
19 24 6 1 36
19 24 11 8 24
1 13 17 11 18
1 13 6 1 17
1 13 11 8 15
8 19 17 11 17
8 19 6 1 20
8 19 11 8 14
19 24 14 15 14
19 24 21 19 7
19 24 2 7 34
1 13 14 15 15
1 13 21 19 26
1 13 2 7 7
8 19 14 15 10
8 19 21 19 13
8 19 2 7 18
19 24 0 8 35
19 24 6 9 28
1 13 0 8 6
1 13 6 9 9
8 19 0 8 19
8 19 6 9 12
17 23 2 2 36
23 7 2 2 26
22 16 2 2 34
17 23 12 19 9
17 23 8 8 24
17 23 24 19 11
23 7 12 19 23
23 7 8 8 16
23 7 24 19 13
22 16 12 19 13
22 16 8 8 22
22 16 24 19 5
17 23 4 19 17
17 23 21 14 13
17 23 8 17 15
23 7 4 19 31
23 7 21 14 9
23 7 8 17 25
22 16 4 19 21
22 16 21 14 3
22 16 8 17 15
17 23 6 23 11
17 23 6 7 27
17 23 11 24 7
23 7 6 23 33
23 7 6 7 17
23 7 11 24 29
22 16 6 23 23
22 16 6 7 25
22 16 11 24 19
17 23 10 11 19
17 23 15 11 14
17 23 23 21 8
23 7 10 11 17
23 7 15 11 12
23 7 23 21 14
22 16 10 11 17
22 16 15 11 12
22 16 23 21 6
17 23 18 10 14
17 23 5 1 34
17 23 3 20 17
23 7 18 10 8
23 7 5 1 24
23 7 3 20 33
22 16 18 10 10
22 16 5 1 32
22 16 3 20 23
17 23 19 18 7
17 23 2 0 38
17 23 24 16 14
23 7 19 18 15
23 7 2 0 28
23 7 24 16 10
22 16 19 18 5
22 16 2 0 36
22 16 24 16 2
17 23 13 15 12
17 23 19 22 3
17 23 7 5 28
23 7 13 15 18
23 7 19 22 19
23 7 7 5 18
22 16 13 15 10
22 16 19 22 9
22 16 7 5 26
17 23 7 6 27
17 23 8 16 16
17 23 20 20 6
23 7 7 6 17
23 7 8 16 24
23 7 20 20 16
22 16 7 6 25
22 16 8 16 14
22 16 20 20 6
17 23 11 23 6
17 23 1 24 17
17 23 6 22 12
23 7 11 23 28
23 7 1 24 39
23 7 6 22 32
22 16 11 23 18
22 16 1 24 29
22 16 6 22 22
17 23 4 18 18
17 23 21 0 27
17 23 2 5 33
23 7 4 18 30
23 7 21 0 9
23 7 2 5 23
22 16 4 18 20
22 16 21 0 17
22 16 2 5 31
17 23 1 2 37
17 23 3 23 14
17 23 7 9 24
23 7 1 2 27
23 7 3 23 36
23 7 7 9 18
22 16 1 2 35
22 16 3 23 26
22 16 7 9 22
17 23 15 6 19
17 23 14 5 21
17 23 2 9 29
23 7 15 6 9
23 7 14 5 11
23 7 2 9 23
22 16 15 6 17
22 16 14 5 19
22 16 2 9 27
17 23 17 9 14
17 23 13 7 20
17 23 20 12 14
23 7 17 9 8
23 7 13 7 10
23 7 20 12 8
22 16 17 9 12
22 16 13 7 18
22 16 20 12 6
17 23 20 9 17
17 23 15 12 13
17 23 13 9 18
23 7 20 9 5
23 7 15 12 13
23 7 13 9 12
22 16 20 9 9
22 16 15 12 11
22 16 13 9 16
17 23 12 8 20
17 23 16 7 17
17 23 0 18 22
23 7 12 8 12
23 7 16 7 7
23 7 0 18 34
22 16 12 8 18
22 16 16 7 15
22 16 0 18 24
17 23 19 24 3
17 23 1 13 26
17 23 8 19 13
23 7 19 24 21
23 7 1 13 28
23 7 8 19 27
22 16 19 24 11
22 16 1 13 24
22 16 8 19 17
17 23 9 20 11
17 23 4 22 14
17 23 8 3 29
23 7 9 20 27
23 7 4 22 34
23 7 8 3 19
22 16 9 20 17
22 16 4 22 24
22 16 8 3 27
17 23 17 11 12
17 23 6 1 33
17 23 11 8 21
23 7 17 11 10
23 7 6 1 23
23 7 11 8 13
22 16 17 11 10
22 16 6 1 31
22 16 11 8 19
17 23 14 15 11
17 23 21 19 8
17 23 2 7 31
23 7 14 15 17
23 7 21 19 14
23 7 2 7 21
22 16 14 15 9
22 16 21 19 4
22 16 2 7 29
17 23 0 8 32
17 23 6 9 25
23 7 0 8 24
23 7 6 9 19
22 16 0 8 30
22 16 6 9 23
9 20 2 2 25
4 22 2 2 22
8 3 2 2 7
9 20 12 19 4
9 20 8 8 13
9 20 24 19 16
4 22 12 19 11
4 22 8 8 18
4 22 24 19 23
8 3 12 19 20
8 3 8 8 5
8 3 24 19 32
9 20 4 19 6
9 20 21 14 18
9 20 8 17 4
4 22 4 19 3
4 22 21 14 25
4 22 8 17 9
8 3 4 19 20
8 3 21 14 24
8 3 8 17 14
9 20 6 23 6
9 20 6 7 16
9 20 11 24 6
4 22 6 23 3
4 22 6 7 17
4 22 11 24 9
8 3 6 23 22
8 3 6 7 6
8 3 11 24 24
9 20 10 11 10
9 20 15 11 15
9 20 23 21 15
4 22 10 11 17
4 22 15 11 22
4 22 23 21 20
8 3 10 11 10
8 3 15 11 15
8 3 23 21 33
9 20 18 10 19
9 20 5 1 23
9 20 3 20 6
4 22 18 10 26
4 22 5 1 22
4 22 3 20 3
8 3 18 10 17
8 3 5 1 5
8 3 3 20 22
9 20 19 18 12
9 20 2 0 27
9 20 24 16 19
4 22 19 18 19
4 22 2 0 24
4 22 24 16 26
8 3 19 18 26
8 3 2 0 9
8 3 24 16 29
9 20 13 15 9
9 20 19 22 12
9 20 7 5 17
4 22 13 15 16
4 22 19 22 15
4 22 7 5 20
8 3 13 15 17
8 3 19 22 30
8 3 7 5 3
9 20 7 6 16
9 20 8 16 5
9 20 20 20 11
4 22 7 6 19
4 22 8 16 10
4 22 20 20 18
8 3 7 6 4
8 3 8 16 13
8 3 20 20 29
9 20 11 23 5
9 20 1 24 12
9 20 6 22 5
4 22 11 23 8
4 22 1 24 5
4 22 6 22 2
8 3 11 23 23
8 3 1 24 28
8 3 6 22 21
9 20 4 18 7
9 20 21 0 32
9 20 2 5 22
4 22 4 18 4
4 22 21 0 39
4 22 2 5 19
8 3 4 18 19
8 3 21 0 16
8 3 2 5 8
9 20 1 2 26
9 20 3 23 9
9 20 7 9 13
4 22 1 2 23
4 22 3 23 2
4 22 7 9 16
8 3 1 2 8
8 3 3 23 25
8 3 7 9 7
9 20 15 6 20
9 20 14 5 20
9 20 2 9 18
4 22 15 6 27
4 22 14 5 27
4 22 2 9 15
8 3 15 6 10
8 3 14 5 8
8 3 2 9 12
9 20 17 9 19
9 20 13 7 17
9 20 20 12 19
4 22 17 9 26
4 22 13 7 24
4 22 20 12 26
8 3 17 9 15
8 3 13 7 9
8 3 20 12 21
9 20 20 9 22
9 20 15 12 14
9 20 13 9 15
4 22 20 9 29
4 22 15 12 21
4 22 13 9 22
8 3 20 9 18
8 3 15 12 16
8 3 13 9 11
9 20 12 8 15
9 20 16 7 20
9 20 0 18 11
4 22 12 8 22
4 22 16 7 27
4 22 0 18 8
8 3 12 8 9
8 3 16 7 12
8 3 0 18 23
9 20 19 24 14
9 20 1 13 15
9 20 8 19 2
4 22 19 24 17
4 22 1 13 12
4 22 8 19 7
8 3 19 24 32
8 3 1 13 17
8 3 8 19 16
9 20 17 23 11
9 20 23 7 27
9 20 22 16 17
4 22 17 23 14
4 22 23 7 34
4 22 22 16 24
8 3 17 23 29
8 3 23 7 19
8 3 22 16 27
9 20 17 11 17
9 20 6 1 22
9 20 11 8 14
4 22 17 11 24
4 22 6 1 23
4 22 11 8 21
8 3 17 11 17
8 3 6 1 4
8 3 11 8 8
9 20 14 15 10
9 20 21 19 13
9 20 2 7 20
4 22 14 15 17
4 22 21 19 20
4 22 2 7 17
8 3 14 15 18
8 3 21 19 29
8 3 2 7 10
9 20 0 8 21
9 20 6 9 14
4 22 0 8 18
4 22 6 9 15
8 3 0 8 13
8 3 6 9 8
17 11 2 2 24
6 1 2 2 5
11 8 2 2 15
17 11 12 19 13
17 11 8 8 12
17 11 24 19 15
6 1 12 19 24
6 1 8 8 9
6 1 24 19 36
11 8 12 19 12
11 8 8 8 3
11 8 24 19 24
17 11 4 19 21
17 11 21 14 7
17 11 8 17 15
6 1 4 19 20
6 1 21 14 28
6 1 8 17 18
11 8 4 19 18
11 8 21 14 16
11 8 8 17 12
17 11 6 23 23
17 11 6 7 15
17 11 11 24 19
6 1 6 23 22
6 1 6 7 6
6 1 11 24 28
11 8 6 23 20
11 8 6 7 6
11 8 11 24 16
17 11 10 11 7
17 11 15 11 2
17 11 23 21 16
6 1 10 11 14
6 1 15 11 19
6 1 23 21 37
11 8 10 11 4
11 8 15 11 7
11 8 23 21 25
17 11 18 10 2
17 11 5 1 22
17 11 3 20 23
6 1 18 10 21
6 1 5 1 1
6 1 3 20 22
11 8 18 10 9
11 8 5 1 13
11 8 3 20 20
17 11 19 18 9
17 11 2 0 26
17 11 24 16 12
6 1 19 18 30
6 1 2 0 5
6 1 24 16 33
11 8 19 18 18
11 8 2 0 17
11 8 24 16 21
17 11 13 15 8
17 11 19 22 13
17 11 7 5 16
6 1 13 15 21
6 1 19 22 34
6 1 7 5 5
11 8 13 15 9
11 8 19 22 22
11 8 7 5 7
17 11 7 6 15
17 11 8 16 14
17 11 20 20 12
6 1 7 6 6
6 1 8 16 17
6 1 20 20 33
11 8 7 6 6
11 8 8 16 11
11 8 20 20 21
17 11 11 23 18
17 11 1 24 29
17 11 6 22 22
6 1 11 23 27
6 1 1 24 28
6 1 6 22 21
11 8 11 23 15
11 8 1 24 26
11 8 6 22 19
17 11 4 18 20
17 11 21 0 15
17 11 2 5 21
6 1 4 18 19
6 1 21 0 16
6 1 2 5 8
11 8 4 18 17
11 8 21 0 18
11 8 2 5 12
17 11 1 2 25
17 11 3 23 26
17 11 7 9 12
6 1 1 2 6
6 1 3 23 25
6 1 7 9 9
11 8 1 2 16
11 8 3 23 23
11 8 7 9 5
17 11 15 6 7
17 11 14 5 9
17 11 2 9 17
6 1 15 6 14
6 1 14 5 12
6 1 2 9 12
11 8 15 6 6
11 8 14 5 6
11 8 2 9 10
17 11 17 9 2
17 11 13 7 8
17 11 20 12 4
6 1 17 9 19
6 1 13 7 13
6 1 20 12 25
11 8 17 9 7
11 8 13 7 3
11 8 20 12 13
17 11 20 9 5
17 11 15 12 3
17 11 13 9 6
6 1 20 9 22
6 1 15 12 20
6 1 13 9 15
11 8 20 9 10
11 8 15 12 8
11 8 13 9 3
17 11 12 8 8
17 11 16 7 5
17 11 0 18 24
6 1 12 8 13
6 1 16 7 16
6 1 0 18 23
11 8 12 8 1
11 8 16 7 6
11 8 0 18 21
17 11 19 24 15
17 11 1 13 18
17 11 8 19 17
6 1 19 24 36
6 1 1 13 17
6 1 8 19 20
11 8 19 24 24
11 8 1 13 15
11 8 8 19 14
17 11 17 23 12
17 11 23 7 10
17 11 22 16 10
6 1 17 23 33
6 1 23 7 23
6 1 22 16 31
11 8 17 23 21
11 8 23 7 13
11 8 22 16 19
17 11 9 20 17
17 11 4 22 24
17 11 8 3 17
6 1 9 20 22
6 1 4 22 23
6 1 8 3 4
11 8 9 20 14
11 8 4 22 21
11 8 8 3 8
17 11 14 15 7
17 11 21 19 12
17 11 2 7 19
6 1 14 15 22
6 1 21 19 33
6 1 2 7 10
11 8 14 15 10
11 8 21 19 21
11 8 2 7 10
17 11 0 8 20
17 11 6 9 13
6 1 0 8 13
6 1 6 9 8
11 8 0 8 11
11 8 6 9 6
14 15 2 2 25
21 19 2 2 36
2 7 2 2 5
14 15 12 19 6
14 15 8 8 13
14 15 24 19 14
21 19 12 19 9
21 19 8 8 24
21 19 24 19 3
2 7 12 19 22
2 7 8 8 7
2 7 24 19 34
14 15 4 19 14
14 15 21 14 8
14 15 8 17 8
21 19 4 19 17
21 19 21 14 5
21 19 8 17 15
2 7 4 19 14
2 7 21 14 26
2 7 8 17 16
14 15 6 23 16
14 15 6 7 16
14 15 11 24 12
21 19 6 23 19
21 19 6 7 27
21 19 11 24 15
2 7 6 23 20
2 7 6 7 4
2 7 11 24 26
14 15 10 11 8
14 15 15 11 5
14 15 23 21 15
21 19 10 11 19
21 19 15 11 14
21 19 23 21 4
2 7 10 11 12
2 7 15 11 17
2 7 23 21 35
14 15 18 10 9
14 15 5 1 23
14 15 3 20 16
21 19 18 10 12
21 19 5 1 34
21 19 3 20 19
2 7 18 10 19
2 7 5 1 9
2 7 3 20 14
14 15 19 18 8
14 15 2 0 27
14 15 24 16 11
21 19 19 18 3
21 19 2 0 38
21 19 24 16 6
2 7 19 18 28
2 7 2 0 7
2 7 24 16 31
14 15 13 15 1
14 15 19 22 12
14 15 7 5 17
21 19 13 15 12
21 19 19 22 5
21 19 7 5 28
2 7 13 15 19
2 7 19 22 32
2 7 7 5 7
14 15 7 6 16
14 15 8 16 7
14 15 20 20 11
21 19 7 6 27
21 19 8 16 16
21 19 20 20 2
2 7 7 6 6
2 7 8 16 15
2 7 20 20 31
14 15 11 23 11
14 15 1 24 22
14 15 6 22 15
21 19 11 23 14
21 19 1 24 25
21 19 6 22 18
2 7 11 23 25
2 7 1 24 18
2 7 6 22 19
14 15 4 18 13
14 15 21 0 22
14 15 2 5 22
21 19 4 18 18
21 19 21 0 19
21 19 2 5 33
2 7 4 18 13
2 7 21 0 26
2 7 2 5 2
14 15 1 2 26
14 15 3 23 19
14 15 7 9 13
21 19 1 2 37
21 19 3 23 22
21 19 7 9 24
2 7 1 2 6
2 7 3 23 17
2 7 7 9 7
14 15 15 6 10
14 15 14 5 10
14 15 2 9 18
21 19 15 6 19
21 19 14 5 21
21 19 2 9 29
2 7 15 6 14
2 7 14 5 14
2 7 2 9 2
14 15 17 9 9
14 15 13 7 9
14 15 20 12 9
21 19 17 9 14
21 19 13 7 20
21 19 20 12 8
2 7 17 9 17
2 7 13 7 11
2 7 20 12 23
14 15 20 9 12
14 15 15 12 4
14 15 13 9 7
21 19 20 9 11
21 19 15 12 13
21 19 13 9 18
2 7 20 9 20
2 7 15 12 18
2 7 13 9 13
14 15 12 8 9
14 15 16 7 10
14 15 0 18 17
21 19 12 8 20
21 19 16 7 17
21 19 0 18 22
2 7 12 8 11
2 7 16 7 14
2 7 0 18 13
14 15 19 24 14
14 15 1 13 15
14 15 8 19 10
21 19 19 24 7
21 19 1 13 26
21 19 8 19 13
2 7 19 24 34
2 7 1 13 7
2 7 8 19 18
14 15 17 23 11
14 15 23 7 17
14 15 22 16 9
21 19 17 23 8
21 19 23 7 14
21 19 22 16 4
2 7 17 23 31
2 7 23 7 21
2 7 22 16 29
14 15 9 20 10
14 15 4 22 17
14 15 8 3 18
21 19 9 20 13
21 19 4 22 20
21 19 8 3 29
2 7 9 20 20
2 7 4 22 17
2 7 8 3 10
14 15 17 11 7
14 15 6 1 22
14 15 11 8 10
21 19 17 11 12
21 19 6 1 33
21 19 11 8 21
2 7 17 11 19
2 7 6 1 10
2 7 11 8 10
14 15 0 8 21
14 15 6 9 14
21 19 0 8 32
21 19 6 9 25
2 7 0 8 3
2 7 6 9 6
0 8 2 2 8
6 9 2 2 11
0 8 12 19 23
0 8 8 8 8
0 8 24 19 35
6 9 12 19 16
6 9 8 8 3
6 9 24 19 28
0 8 4 19 15
0 8 21 14 27
0 8 8 17 17
6 9 4 19 12
6 9 21 14 20
6 9 8 17 10
0 8 6 23 21
0 8 6 7 7
0 8 11 24 27
6 9 6 23 14
6 9 6 7 2
6 9 11 24 20
0 8 10 11 13
0 8 15 11 18
0 8 23 21 36
6 9 10 11 6
6 9 15 11 11
6 9 23 21 29
0 8 18 10 20
0 8 5 1 12
0 8 3 20 15
6 9 18 10 13
6 9 5 1 9
6 9 3 20 14
0 8 19 18 29
0 8 2 0 10
0 8 24 16 32
6 9 19 18 22
6 9 2 0 13
6 9 24 16 25
0 8 13 15 20
0 8 19 22 33
0 8 7 5 10
6 9 13 15 13
6 9 19 22 26
6 9 7 5 5
0 8 7 6 9
0 8 8 16 16
0 8 20 20 32
6 9 7 6 4
6 9 8 16 9
6 9 20 20 25
0 8 11 23 26
0 8 1 24 17
0 8 6 22 20
6 9 11 23 19
6 9 1 24 20
6 9 6 22 13
0 8 4 18 14
0 8 21 0 29
0 8 2 5 5
6 9 4 18 11
6 9 21 0 24
6 9 2 5 8
0 8 1 2 7
0 8 3 23 18
0 8 7 9 8
6 9 1 2 12
6 9 3 23 17
6 9 7 9 1
0 8 15 6 17
0 8 14 5 17
0 8 2 9 3
6 9 15 6 12
6 9 14 5 12
6 9 2 9 4
0 8 17 9 18
0 8 13 7 14
0 8 20 12 24
6 9 17 9 11
6 9 13 7 9
6 9 20 12 17
0 8 20 9 21
0 8 15 12 19
0 8 13 9 14
6 9 20 9 14
6 9 15 12 12
6 9 13 9 7
0 8 12 8 12
0 8 16 7 17
0 8 0 18 10
6 9 12 8 7
6 9 16 7 12
6 9 0 18 15
0 8 19 24 35
0 8 1 13 6
0 8 8 19 19
6 9 19 24 28
6 9 1 13 9
6 9 8 19 12
0 8 17 23 32
0 8 23 7 24
0 8 22 16 30
6 9 17 23 25
6 9 23 7 19
6 9 22 16 23
0 8 9 20 21
0 8 4 22 18
0 8 8 3 13
6 9 9 20 14
6 9 4 22 15
6 9 8 3 8
0 8 17 11 20
0 8 6 1 13
0 8 11 8 11
6 9 17 11 13
6 9 6 1 8
6 9 11 8 6
0 8 14 15 21
0 8 21 19 32
0 8 2 7 3
6 9 14 15 14
6 9 21 19 25
6 9 2 7 6
